# x  rho  v  p  e  w  vol
1.4062500000e-03 1.0000000000e+00 0.0000000000e+00 1.0000000000e+00 2.5000000000e+00 8.8888888889e-05 2.8125000000e-03
4.2187500000e-03 1.0000000000e+00 -4.6915485648e-17 1.0000000000e+00 2.5000000000e+00 8.8888888889e-05 2.8125000000e-03
7.0312500000e-03 1.0000000000e+00 -3.1870372478e-16 1.0000000000e+00 2.5000000000e+00 8.8888888889e-05 2.8125000000e-03
9.8437500000e-03 1.0000000000e+00 -5.9396516781e-16 1.0000000000e+00 2.5000000000e+00 8.8888888889e-05 2.8125000000e-03
1.2656250000e-02 1.0000000000e+00 3.0814616280e-17 1.0000000000e+00 2.5000000000e+00 8.8888888889e-05 2.8125000000e-03
1.5468750000e-02 1.0000000000e+00 3.0773436979e-16 1.0000000000e+00 2.5000000000e+00 8.8888888889e-05 2.8125000000e-03
1.8281250000e-02 1.0000000000e+00 2.0779975711e-16 1.0000000000e+00 2.5000000000e+00 8.8888888889e-05 2.8125000000e-03
2.1093750000e-02 1.0000000000e+00 2.4245390908e-16 1.0000000000e+00 2.5000000000e+00 8.8888888889e-05 2.8125000000e-03
2.3906250000e-02 1.0000000000e+00 -1.3620140401e-16 1.0000000000e+00 2.5000000000e+00 8.8888888889e-05 2.8125000000e-03
2.6718750000e-02 1.0000000000e+00 -2.5976941093e-16 1.0000000000e+00 2.5000000000e+00 8.8888888889e-05 2.8125000000e-03
2.9531250000e-02 1.0000000000e+00 -6.5667114563e-16 1.0000000000e+00 2.5000000000e+00 8.8888888889e-05 2.8125000000e-03
3.2343750000e-02 1.0000000000e+00 -1.4565422246e-15 1.0000000000e+00 2.5000000000e+00 8.8888888889e-05 2.8125000000e-03
3.5156250000e-02 1.0000000000e+00 -1.7475646517e-15 1.0000000000e+00 2.5000000000e+00 8.8888888889e-05 2.8125000000e-03
3.7968750000e-02 1.0000000000e+00 -1.4225530329e-15 1.0000000000e+00 2.5000000000e+00 8.8888888889e-05 2.8125000000e-03
4.0781250000e-02 1.0000000000e+00 -6.2171407590e-16 1.0000000000e+00 2.5000000000e+00 8.8888888889e-05 2.8125000000e-03
4.3593750000e-02 1.0000000000e+00 -1.5226172763e-17 1.0000000000e+00 2.5000000000e+00 8.8888888889e-05 2.8125000000e-03
4.6406250000e-02 1.0000000000e+00 2.7882176387e-16 1.0000000000e+00 2.5000000000e+00 8.8888888889e-05 2.8125000000e-03
4.9218750000e-02 1.0000000000e+00 2.4821784676e-16 1.0000000000e+00 2.5000000000e+00 8.8888888889e-05 2.8125000000e-03
5.2031250000e-02 1.0000000000e+00 4.3294530031e-16 1.0000000000e+00 2.5000000000e+00 8.8888888889e-05 2.8125000000e-03
5.4843750000e-02 1.0000000000e+00 1.2459120204e-16 1.0000000000e+00 2.5000000000e+00 8.8888888889e-05 2.8125000000e-03
5.7656250000e-02 1.0000000000e+00 -4.2293157084e-16 1.0000000000e+00 2.5000000000e+00 8.8888888889e-05 2.8125000000e-03
6.0468750000e-02 1.0000000000e+00 -9.9471705695e-16 1.0000000000e+00 2.5000000000e+00 8.8888888889e-05 2.8125000000e-03
6.3281250000e-02 1.0000000000e+00 -1.2914108362e-15 1.0000000000e+00 2.5000000000e+00 8.8888888889e-05 2.8125000000e-03
6.6093750000e-02 1.0000000000e+00 -1.1338199373e-15 1.0000000000e+00 2.5000000000e+00 8.8888888889e-05 2.8125000000e-03
6.8906250000e-02 1.0000000000e+00 -1.4572793507e-15 1.0000000000e+00 2.5000000000e+00 8.8888888889e-05 2.8125000000e-03
7.1718750000e-02 1.0000000000e+00 -1.7967009728e-15 1.0000000000e+00 2.5000000000e+00 8.8888888889e-05 2.8125000000e-03
7.4531250000e-02 1.0000000000e+00 -1.4766896323e-15 1.0000000000e+00 2.5000000000e+00 8.8888888889e-05 2.8125000000e-03
7.7343750000e-02 1.0000000000e+00 -9.0400117410e-16 1.0000000000e+00 2.5000000000e+00 8.8888888889e-05 2.8125000000e-03
8.0156250000e-02 1.0000000000e+00 -2.0500571221e-16 1.0000000000e+00 2.5000000000e+00 8.8888888889e-05 2.8125000000e-03
8.2968750000e-02 1.0000000000e+00 3.5375802691e-16 1.0000000000e+00 2.5000000000e+00 8.8888888889e-05 2.8125000000e-03
8.5781250000e-02 1.0000000000e+00 6.5226488638e-16 1.0000000000e+00 2.5000000000e+00 8.8888888889e-05 2.8125000000e-03
8.8593750000e-02 1.0000000000e+00 3.0667571609e-16 1.0000000000e+00 2.5000000000e+00 8.8888888889e-05 2.8125000000e-03
9.1406250000e-02 1.0000000000e+00 -3.3007994862e-16 1.0000000000e+00 2.5000000000e+00 8.8888888889e-05 2.8125000000e-03
9.4218750000e-02 1.0000000000e+00 -6.4762684811e-16 1.0000000000e+00 2.5000000000e+00 8.8888888889e-05 2.8125000000e-03
9.7031250000e-02 1.0000000000e+00 -3.3499183265e-16 1.0000000000e+00 2.5000000000e+00 8.8888888889e-05 2.8125000000e-03
9.9843750000e-02 1.0000000000e+00 1.1112123062e-16 1.0000000000e+00 2.5000000000e+00 8.8888888889e-05 2.8125000000e-03
1.0265625000e-01 1.0000000000e+00 4.2047736529e-16 1.0000000000e+00 2.5000000000e+00 8.8888888889e-05 2.8125000000e-03
1.0546875000e-01 1.0000000000e+00 3.7979802390e-16 1.0000000000e+00 2.5000000000e+00 8.8888888889e-05 2.8125000000e-03
1.0828125000e-01 1.0000000000e+00 7.5496453820e-32 1.0000000000e+00 2.5000000000e+00 8.8888888889e-05 2.8125000000e-03
1.1109375000e-01 1.0000000000e+00 -3.6542907156e-16 1.0000000000e+00 2.5000000000e+00 8.8888888889e-05 2.8125000000e-03
1.1390625000e-01 1.0000000000e+00 -1.0638440779e-16 1.0000000000e+00 2.5000000000e+00 8.8888888889e-05 2.8125000000e-03
1.1671875000e-01 1.0000000000e+00 2.8478494121e-16 1.0000000000e+00 2.5000000000e+00 8.8888888889e-05 2.8125000000e-03
1.1953125000e-01 1.0000000000e+00 5.7794244411e-16 1.0000000000e+00 2.5000000000e+00 8.8888888889e-05 2.8125000000e-03
1.2234375000e-01 1.0000000000e+00 3.7844638352e-16 1.0000000000e+00 2.5000000000e+00 8.8888888889e-05 2.8125000000e-03
1.2515625000e-01 1.0000000000e+00 4.7972052208e-16 1.0000000000e+00 2.5000000000e+00 8.8888888889e-05 2.8125000000e-03
1.2796875000e-01 1.0000000000e+00 7.6161316005e-16 1.0000000000e+00 2.5000000000e+00 8.8888888889e-05 2.8125000000e-03
1.3078125000e-01 1.0000000000e+00 1.0387771955e-15 1.0000000000e+00 2.5000000000e+00 8.8888888889e-05 2.8125000000e-03
1.3359375000e-01 1.0000000000e+00 6.8813911079e-16 1.0000000000e+00 2.5000000000e+00 8.8888888889e-05 2.8125000000e-03
1.3640625000e-01 1.0000000000e+00 3.5187482337e-16 1.0000000000e+00 2.5000000000e+00 8.8888888889e-05 2.8125000000e-03
1.3921875000e-01 1.0000000000e+00 6.5070871478e-16 1.0000000000e+00 2.5000000000e+00 8.8888888889e-05 2.8125000000e-03
1.4203125000e-01 1.0000000000e+00 5.1054746462e-15 1.0000000000e+00 2.5000000000e+00 8.8888888889e-05 2.8125000000e-03
1.4484375000e-01 1.0000000000e+00 2.4259668382e-14 1.0000000000e+00 2.5000000000e+00 8.8888888889e-05 2.8125000000e-03
1.4765625000e-01 1.0000000000e+00 7.0303496379e-14 1.0000000000e+00 2.5000000000e+00 8.8888888889e-05 2.8125000000e-03
1.5046875000e-01 1.0000000000e+00 1.7706777591e-13 1.0000000000e+00 2.5000000000e+00 8.8888888889e-05 2.8125000000e-03
1.5328125000e-01 1.0000000000e+00 4.4817681922e-13 1.0000000000e+00 2.5000000000e+00 8.8888888889e-05 2.8125000000e-03
1.5609375000e-01 1.0000000000e+00 1.1348428659e-12 1.0000000000e+00 2.5000000000e+00 8.8888888889e-05 2.8125000000e-03
1.5890625000e-01 1.0000000000e+00 2.8348646936e-12 1.0000000000e+00 2.5000000000e+00 8.8888888889e-05 2.8125000000e-03
1.6171875000e-01 9.9999999999e-01 7.0039158181e-12 9.9999999999e-01 2.5000000000e+00 8.8888888889e-05 2.8125000000e-03
1.6453125000e-01 9.9999999999e-01 1.7099838757e-11 9.9999999998e-01 2.5000000000e+00 8.8888888890e-05 2.8125000000e-03
1.6734375000e-01 9.9999999997e-01 4.1265392815e-11 9.9999999995e-01 2.5000000000e+00 8.8888888892e-05 2.8125000001e-03
1.7015625000e-01 9.9999999992e-01 9.8400244980e-11 9.9999999988e-01 2.4999999999e+00 8.8888888896e-05 2.8125000002e-03
1.7296875000e-01 9.9999999980e-01 2.3171826403e-10 9.9999999973e-01 2.4999999998e+00 8.8888888906e-05 2.8125000006e-03
1.7578125000e-01 9.9999999954e-01 5.3883300629e-10 9.9999999936e-01 2.4999999995e+00 8.8888888929e-05 2.8125000013e-03
1.7859375000e-01 9.9999999895e-01 1.2371577704e-09 9.9999999854e-01 2.4999999990e+00 8.8888888982e-05 2.8125000029e-03
1.8140625001e-01 9.9999999763e-01 2.8037355751e-09 9.9999999668e-01 2.4999999976e+00 8.8888889100e-05 2.8125000067e-03
1.8421875002e-01 9.9999999470e-01 6.2700785877e-09 9.9999999258e-01 2.4999999947e+00 8.8888889360e-05 2.8125000149e-03
1.8703125004e-01 9.9999998831e-01 1.3833215096e-08 9.9999998364e-01 2.4999999883e+00 8.8888889929e-05 2.8125000329e-03
1.8984375008e-01 9.9999997457e-01 3.0099711186e-08 9.9999996439e-01 2.4999999746e+00 8.8888891151e-05 2.8125000715e-03
1.9265625018e-01 9.9999994545e-01 6.4573745469e-08 9.9999992361e-01 2.4999999454e+00 8.8888893742e-05 2.8125001534e-03
1.9546875039e-01 9.9999988464e-01 1.3654120823e-07 9.9999983848e-01 2.4999998846e+00 8.8888899150e-05 2.8125003244e-03
1.9828125083e-01 9.9999975966e-01 2.8446966013e-07 9.9999966349e-01 2.4999997596e+00 8.8888910265e-05 2.8125006760e-03
2.0109375174e-01 9.9999950682e-01 5.8373223648e-07 9.9999930947e-01 2.4999995066e+00 8.8888932752e-05 2.8125013871e-03
2.0390625360e-01 9.9999900361e-01 1.1793074300e-06 9.9999860491e-01 2.4999990033e+00 8.8888977503e-05 2.8125028023e-03
2.0671875735e-01 9.9999801892e-01 2.3447367603e-06 9.9999722622e-01 2.4999980182e+00 8.8889065071e-05 2.8125055718e-03
2.0953126475e-01 9.9999612533e-01 4.5858465210e-06 9.9999457497e-01 2.4999961241e+00 8.8889233459e-05 2.8125108976e-03
2.1234377915e-01 9.9999254900e-01 8.8184642743e-06 9.9998956771e-01 2.4999925467e+00 8.8889551474e-05 2.8125209561e-03
2.1515630668e-01 9.9998591959e-01 1.6664311367e-05 9.9998028589e-01 2.4999859155e+00 8.8890140958e-05 2.8125396017e-03
2.1796885839e-01 9.9997386694e-01 3.0928381161e-05 9.9996341116e-01 2.4999738599e+00 8.8891212654e-05 2.8125735011e-03
2.2078145374e-01 9.9995239273e-01 5.6342556254e-05 9.9993334588e-01 2.4999523806e+00 8.8893122091e-05 2.8126339018e-03
2.2359412628e-01 9.9991493018e-01 1.0067872891e-04 9.9988089692e-01 2.4999149096e+00 8.8896453254e-05 2.8127392792e-03
2.2640693245e-01 9.9985100051e-01 1.7633972367e-04 9.9979139572e-01 2.4998509658e+00 8.8902138252e-05 2.8129191235e-03
2.2921996477e-01 9.9974439756e-01 3.0251055761e-04 9.9964215905e-01 2.4997443384e+00 8.8911619320e-05 2.8132190657e-03
2.3203337095e-01 9.9957090051e-01 5.0787251355e-04 9.9939929266e-01 2.4995707962e+00 8.8927053681e-05 2.8137073604e-03
2.3484738006e-01 9.9929565177e-01 8.3372393535e-04 9.9901403325e-01 2.4992954574e+00 8.8951550216e-05 2.8144823757e-03
2.3766233655e-01 9.9887055076e-01 1.3371031152e-03 9.9841912685e-01 2.4988701641e+00 8.8989408829e-05 2.8156801678e-03
2.4047874160e-01 9.9823228723e-01 2.0931938138e-03 9.9752612742e-01 2.4982314742e+00 8.9046310509e-05 2.8174804962e-03
2.4329729920e-01 9.9730189434e-01 3.1959970880e-03 9.9622486216e-01 2.4973001350e+00 8.9129384596e-05 2.8201089519e-03
2.4611896169e-01 9.9598680793e-01 4.7561295982e-03 9.9438645753e-01 2.4959830030e+00 8.9247070568e-05 2.8238325825e-03
2.4894496714e-01 9.9418620087e-01 6.8948523524e-03 9.9187100538e-01 2.4941781643e+00 8.9408708466e-05 2.8289469292e-03
2.5177685893e-01 9.9179969880e-01 9.7341804037e-03 9.8853999782e-01 2.4917833687e+00 8.9623844101e-05 2.8357540372e-03
2.5461647916e-01 9.8873853163e-01 1.3384109658e-02 9.8427215456e-01 2.4887068802e+00 8.9901318032e-05 2.8445336255e-03
2.5746593058e-01 9.8493705687e-01 1.7929262826e-02 9.7897967482e-01 2.4848787747e+00 9.0248296464e-05 2.8555124212e-03
2.6032750869e-01 9.8036193385e-01 2.3418021409e-02 9.7262102655e-01 2.4802600778e+00 9.0669458252e-05 2.8688384390e-03
2.6320361226e-01 9.7501649472e-01 2.9856958879e-02 9.6520680263e-01 2.4748473689e+00 9.1166539675e-05 2.8845665845e-03
2.6609664658e-01 9.6893911553e-01 3.7212034909e-02 9.5679700562e-01 2.4686716386e+00 9.1738350164e-05 2.9026591608e-03
2.6900893507e-01 9.6219616284e-01 4.5416048631e-02 9.4749067168e-01 2.4617918577e+00 9.2381238921e-05 2.9230006402e-03
2.7194265202e-01 9.5487159870e-01 5.4380127026e-02 9.3741087887e-01 2.4542851629e+00 9.3089870169e-05 2.9454221948e-03
2.7489978323e-01 9.4705594622e-01 6.4006245022e-02 9.2668902115e-01 2.4462362146e+00 9.3858102556e-05 2.9697295194e-03
2.7788211443e-01 9.3883693364e-01 7.4198109022e-02 9.1545162532e-01 2.4377279816e+00 9.4679781779e-05 2.9957279046e-03
2.8089124206e-01 9.3029311599e-01 8.4868817892e-02 9.0381149812e-01 2.4288352848e+00 9.5549323902e-05 3.0232406880e-03
2.8392859854e-01 9.2149067149e-01 9.5944949125e-02 8.9186341292e-01 2.4196213823e+00 9.6462051388e-05 3.0521198825e-03
2.8699548433e-01 9.1248279200e-01 1.0736763245e-01 8.7968345526e-01 2.4101371088e+00 9.7414311013e-05 3.0822499062e-03
2.9009310068e-01 9.0331076260e-01 1.1909159242e-01 8.6733071316e-01 2.4004217293e+00 9.8403437446e-05 3.1135464299e-03
2.9322257940e-01 8.9400586567e-01 1.3108314144e-01 8.5485007939e-01 2.3905046718e+00 9.9427631068e-05 3.1459525133e-03
2.9638500786e-01 8.8459147259e-01 1.4331787145e-01 8.4227527239e-01 2.3804075059e+00 1.0048580512e-04 3.1794337693e-03
2.9958144906e-01 8.7508495022e-01 1.5577850045e-01 8.2963156177e-01 2.3701457829e+00 1.0157743771e-04 3.2139736825e-03
3.0281295733e-01 8.6549922155e-01 1.6845308455e-01 8.1693798526e-01 2.3597305605e+00 1.0270244652e-04 3.2495696472e-03
3.0608059048e-01 8.5584395464e-01 1.8133364497e-01 8.0420903103e-01 2.3491695731e+00 1.0386109220e-04 3.2862299076e-03
3.0938541931e-01 8.4612641899e-01 1.9441517801e-01 7.9145584800e-01 2.3384680771e+00 1.0505390940e-04 3.3239713793e-03
3.1272853544e-01 8.3635206256e-01 2.0769499499e-01 7.7868706542e-01 2.3276294167e+00 1.0628166341e-04 3.3628182746e-03
3.1611105813e-01 8.2652491946e-01 2.2117241048e-01 7.6590933278e-01 2.3166552960e+00 1.0754532166e-04 3.4028012148e-03
3.1953414021e-01 8.1664881256e-01 2.3484736391e-01 7.5312863308e-01 2.3055462198e+00 1.0884591648e-04 3.4439528433e-03
3.2299896622e-01 8.0672735123e-01 2.4871831707e-01 7.4035122909e-01 2.2943043519e+00 1.1018454817e-04 3.4863079772e-03
3.2650675865e-01 7.9676302415e-01 2.6278733311e-01 7.2758182763e-01 2.2829304498e+00 1.1156251731e-04 3.5299077828e-03
3.3005878436e-01 7.8675768046e-01 2.7705654445e-01 7.1482404109e-01 2.2714237777e+00 1.1298127868e-04 3.5747982763e-03
3.3365635788e-01 7.7671294290e-01 2.9152867600e-01 7.0208119618e-01 2.2597833685e+00 1.1444239419e-04 3.6210288829e-03
3.3730084491e-01 7.6663022751e-01 3.0620685969e-01 6.8935634722e-01 2.2480079786e+00 1.1594753980e-04 3.6686526295e-03
3.4099366604e-01 7.5651077759e-01 3.2109458838e-01 6.7665232250e-01 2.2360961091e+00 1.1749850957e-04 3.7177262814e-03
3.4473630049e-01 7.4635570340e-01 3.3619571032e-01 6.6397177698e-01 2.2240460345e+00 1.1909721927e-04 3.7683104547e-03
3.4853029009e-01 7.3616600463e-01 3.5151440524e-01 6.5131722261e-01 2.2118558128e+00 1.2074571269e-04 3.8204698156e-03
3.5237724341e-01 7.2594258581e-01 3.6705517560e-01 6.3869105519e-01 2.1995233083e+00 1.2244616949e-04 3.8742733310e-03
3.5627884019e-01 7.1568627181e-01 3.8282284158e-01 6.2609557670e-01 2.1870462008e+00 1.2420091375e-04 3.9297945354e-03
3.6023683607e-01 7.0539782831e-01 3.9882253181e-01 6.1353301919e-01 2.1744219877e+00 1.2601242216e-04 3.9871117930e-03
3.6425306753e-01 6.9507798761e-01 4.1505966154e-01 6.0100557719e-01 2.1616480017e+00 1.2788333183e-04 4.0463085440e-03
3.6832945709e-01 6.8472748953e-01 4.3153988590e-01 5.8851545675e-01 2.1487214467e+00 1.2981644567e-04 4.1074734737e-03
3.7246801860e-01 6.7434714780e-01 4.4826900903e-01 5.7606495353e-01 2.1356394678e+00 1.3181473256e-04 4.1707005200e-03
3.7667086245e-01 6.6393796007e-01 4.6525281558e-01 5.6365657864e-01 2.1223992772e+00 1.3388131764e-04 4.2360885642e-03
3.8094020025e-01 6.5350130040e-01 4.8249677163e-01 5.5129326414e-01 2.1089983440e+00 1.3601945219e-04 4.3037404796e-03
3.8527834814e-01 6.4303922376e-01 5.0000549703e-01 5.3897869747e-01 2.0954347634e+00 1.3823245230e-04 4.3737611892e-03
3.8968772757e-01 6.3255498603e-01 5.1778187846e-01 5.2671787151e-01 2.0817078481e+00 1.4052357609e-04 4.4462537836e-03
3.9417086084e-01 6.2205383770e-01 5.3582551133e-01 5.1451795920e-01 2.0678192466e+00 1.4289581244e-04 4.5213128342e-03
3.9873035851e-01 6.1154448013e-01 5.5413031830e-01 5.0238975327e-01 2.0537743762e+00 1.4535146850e-04 4.5990113416e-03
4.0336888886e-01 6.0104071866e-01 5.7268008568e-01 4.9034972469e-01 2.0395861273e+00 1.4789162376e-04 4.6793834638e-03
4.0808913068e-01 5.9056583249e-01 5.9144395342e-01 4.7842351748e-01 2.0252759775e+00 1.5051478146e-04 4.7623818468e-03
4.1289365751e-01 5.8015281920e-01 6.1036299486e-01 4.6664928162e-01 2.0108894854e+00 1.5321633135e-04 4.8478606100e-03
4.1778485604e-01 5.6986110661e-01 6.2934999561e-01 4.5508883617e-01 1.9964901574e+00 1.5598342511e-04 4.9354131514e-03
4.2276448758e-01 5.5971812030e-01 6.4826692872e-01 4.4379108959e-01 1.9822079789e+00 1.5881009603e-04 5.0248507204e-03
4.2783455971e-01 5.4980926742e-01 6.6715069451e-01 4.3282880301e-01 1.9680861558e+00 1.6167223099e-04 5.1154103189e-03
4.3299531274e-01 5.4001240291e-01 6.8582758714e-01 4.2208518810e-01 1.9540532117e+00 1.6460527680e-04 5.2082137093e-03
4.3825098926e-01 5.3044907357e-01 7.0458982762e-01 4.1164517552e-01 1.9400786806e+00 1.6757289932e-04 5.3021112490e-03
4.4359954050e-01 5.2096819488e-01 7.2332744405e-01 4.0140485446e-01 1.9262445309e+00 1.7062248927e-04 5.3986021174e-03
4.4904819754e-01 5.1162717350e-01 7.4205633011e-01 3.9134894626e-01 1.9122760016e+00 1.7373762634e-04 5.4971669717e-03
4.5459388013e-01 5.0236453899e-01 7.6089307163e-01 3.8148767410e-01 1.8984604032e+00 1.7694101112e-04 5.5985241428e-03
4.6024525053e-01 4.9322275733e-01 7.7986909074e-01 3.7179059585e-01 1.8844963575e+00 1.8022057686e-04 5.7022916283e-03
4.6599847129e-01 4.8408376905e-01 7.9899244836e-01 3.6220795113e-01 1.8705850840e+00 1.8362295081e-04 5.8099448480e-03
4.7186514630e-01 4.7502661722e-01 8.1832727402e-01 3.5272678384e-01 1.8563527340e+00 1.8712401269e-04 5.9207208565e-03
4.7783991971e-01 4.6604891104e-01 8.3789748888e-01 3.4341756247e-01 1.8421755439e+00 1.9072865978e-04 6.0347743195e-03
4.8393469866e-01 4.5725866497e-01 8.5715793315e-01 3.3433243909e-01 1.8279174607e+00 1.9439517854e-04 6.1507855738e-03
4.9014148278e-01 4.4908658587e-01 8.7624882071e-01 3.2597019692e-01 1.8146288888e+00 1.9793261803e-04 6.2627121105e-03
4.9646012308e-01 4.4119493193e-01 8.9302854948e-01 3.1790657168e-01 1.8013951922e+00 2.0147301954e-04 6.3747332447e-03
5.0289090506e-01 4.3504968481e-01 9.0950663039e-01 3.1170803994e-01 1.7912209273e+00 2.0431892711e-04 6.4647788476e-03
5.0938968018e-01 4.2911233824e-01 9.2036052770e-01 3.0571392117e-01 1.7810832615e+00 2.0714594632e-04 6.5542277613e-03
5.1599927386e-01 4.2609512415e-01 9.3101647943e-01 3.0275217401e-01 1.7763179913e+00 2.0861279168e-04 6.6006387789e-03
5.2259096116e-01 4.2304055907e-01 9.3422164436e-01 2.9974919475e-01 1.7713974956e+00 2.1011911202e-04 6.6482987026e-03
5.2929579089e-01 4.2254937279e-01 9.3765764073e-01 2.9934359077e-01 1.7710568873e+00 2.1036333064e-04 6.6560269192e-03
5.3590301767e-01 4.2198151369e-01 9.3748344552e-01 2.9887859571e-01 1.7706853619e+00 2.1064563508e-04 6.6649839123e-03
5.4262572831e-01 4.2237403420e-01 9.3652062662e-01 2.9922974990e-01 1.7711182842e+00 2.1044745442e-04 6.6587900114e-03
5.4922057461e-01 4.2347599003e-01 9.3376970631e-01 3.0040537710e-01 1.7734498778e+00 2.0989057032e-04 6.6414627186e-03
5.5590864458e-01 4.2493235925e-01 9.3061611058e-01 3.0190175844e-01 1.7761753834e+00 2.0917774086e-04 6.6187004562e-03
5.6245800078e-01 4.2556117839e-01 9.2824529080e-01 3.0249711830e-01 1.7770483638e+00 2.0887376054e-04 6.6089205097e-03
5.6912648839e-01 4.2610406491e-01 9.2816883754e-01 3.0301991548e-01 1.7778515886e+00 2.0860838079e-04 6.6005002806e-03
5.7565901765e-01 4.2611404680e-01 9.2791411329e-01 3.0299257558e-01 1.7776495392e+00 2.0860350079e-04 6.6003456612e-03
5.8232718323e-01 4.2600923201e-01 9.2787808355e-01 3.0294403084e-01 1.7778020291e+00 2.0865484138e-04 6.6019696022e-03
5.8886295073e-01 4.2610224610e-01 9.2802107770e-01 3.0292104005e-01 1.7772790617e+00 2.0860928894e-04 6.6005284546e-03
5.9552824944e-01 4.2589378547e-01 9.2812661599e-01 3.0293287917e-01 1.7782184755e+00 2.0871139907e-04 6.6037591905e-03
6.0207045229e-01 4.2622763297e-01 9.2800484614e-01 3.0296756026e-01 1.7770290850e+00 2.0854788317e-04 6.5985867232e-03
6.0872544534e-01 4.2583613720e-01 9.2773666373e-01 3.0304014612e-01 1.7790889479e+00 2.0873960826e-04 6.6046531853e-03
6.1527972512e-01 4.2652715871e-01 9.2758660106e-01 3.0310883536e-01 1.7766092333e+00 2.0840147113e-04 6.5939529115e-03
6.2191339903e-01 4.2567171460e-01 9.2761188631e-01 3.0315532934e-01 1.7804526290e+00 2.0882028249e-04 6.6072043398e-03
6.2849406937e-01 4.2690045902e-01 9.2764079500e-01 3.0313138863e-01 1.7751877646e+00 2.0821923974e-04 6.5881868725e-03
6.3508986872e-01 4.2503405667e-01 9.2766113927e-01 3.0309476465e-01 1.7827675212e+00 2.0913356810e-04 6.6171168071e-03
6.4172816395e-01 4.2767695266e-01 9.2771443096e-01 3.0309524978e-01 1.7717534689e+00 2.0784119300e-04 6.5762253086e-03
6.4824252051e-01 4.2385898776e-01 9.2770623361e-01 3.0310981326e-01 1.7877986666e+00 2.0971335013e-04 6.6354615126e-03
6.5499879723e-01 4.2949571881e-01 9.2760361559e-01 3.0315143770e-01 1.7645777619e+00 2.0696104879e-04 6.5483772639e-03
6.6133964470e-01 4.2327801772e-01 9.2751602526e-01 3.0317902002e-01 1.7906612635e+00 2.1000119250e-04 6.6445690120e-03
6.6828755733e-01 4.2934145293e-01 9.2752224056e-01 3.0319498295e-01 1.7654653474e+00 2.0703542152e-04 6.5507301492e-03
6.7444108268e-01 4.3565181483e-01 9.2755078315e-01 3.0318628096e-01 1.7398428667e+00 2.0403653988e-04 6.4558436445e-03
6.8120233129e-01 3.5947023296e-01 9.2762663703e-01 3.0315965901e-01 2.1083780464e+00 2.4727746759e-04 7.8240136237e-03
6.9009129164e-01 2.7276814476e-01 9.2772053712e-01 3.0313235695e-01 2.7782969051e+00 3.2587708936e-04 1.0310954758e-02
7.0182051503e-01 2.5455101270e-01 9.2784386197e-01 3.0310891564e-01 2.9768975620e+00 3.4919872718e-04 1.1048865884e-02
7.1218662887e-01 2.6676183572e-01 9.2805740724e-01 3.0304027536e-01 2.8399890350e+00 3.3321442094e-04 1.0543112332e-02
7.2290800120e-01 2.6410704003e-01 9.2861216279e-01 3.0284698823e-01 2.8667068871e+00 3.3656388118e-04 1.0649091367e-02
7.3348452123e-01 2.6511303233e-01 9.2994111176e-01 3.0240798342e-01 2.8516891527e+00 3.3528676028e-04 1.0608682551e-02
7.4412550156e-01 2.6443638820e-01 9.3215727344e-01 3.0169407614e-01 2.8522367722e+00 3.3614469993e-04 1.0635828220e-02
7.5475615373e-01 2.6406157689e-01 9.3535382687e-01 3.0064112080e-01 2.8463164192e+00 3.3662182287e-04 1.0650924807e-02
7.6542740200e-01 2.6305994466e-01 9.4004746697e-01 2.9909032373e-01 2.8424160519e+00 3.3790353019e-04 1.0691479479e-02
7.7613911108e-01 2.6208551926e-01 9.4588831087e-01 2.9728590329e-01 2.8357719279e+00 3.3915984276e-04 1.0731230050e-02
7.8688985165e-01 2.6124491112e-01 9.5247013949e-01 2.9627715760e-01 2.8352433387e+00 3.4025110645e-04 1.0765759945e-02
7.9767073222e-01 2.5919892623e-01 9.5637511709e-01 2.9330795912e-01 2.8289850906e+00 3.4293708064e-04 1.0850739395e-02
8.0859129865e-01 2.5754352156e-01 9.5374649725e-01 2.9010592459e-01 2.8160864116e+00 3.4513389649e-04 1.0920484363e-02
8.1951115512e-01 2.6249674882e-01 9.6909110574e-01 2.9612968736e-01 2.8203176677e+00 3.3862743567e-04 1.0714418417e-02
8.3002019011e-01 2.6684505988e-01 1.0016214754e+00 3.0751550780e-01 2.8810305495e+00 3.3310831250e-04 1.0539824126e-02
8.4059480834e-01 2.2525291779e-01 9.0074261784e-01 2.5859353258e-01 2.8700353264e+00 3.8675793795e-04 1.2485964788e-02
8.5499365837e-01 1.6179023404e-01 4.0848511814e-01 1.5296779049e-01 2.3636746587e+00 4.7362885112e-04 1.7383620320e-02
8.7536727726e-01 1.3267964437e-01 8.6111508531e-02 1.0924018920e-01 2.0583449277e+00 6.6075713909e-04 2.1197675146e-02
8.9738120027e-01 1.2639113686e-01 1.5011775871e-02 1.0163450830e-01 2.0103171557e+00 7.0290333325e-04 2.2252351470e-02
9.1986976626e-01 1.2533072548e-01 9.1557216069e-04 1.0007310224e-01 1.9961805425e+00 7.0922280849e-04 2.2440626504e-02
9.4226239048e-01 1.2441120670e-01 -1.0085970174e-04 9.9937741436e-02 2.0082142132e+00 7.1447643184e-04 2.2606484371e-02
9.6508120596e-01 1.2787350016e-01 6.8178658097e-04 9.9992030552e-02 1.9549013367e+00 6.9513141357e-04 2.1994392869e-02
9.8625748213e-01 1.1558277096e-01 4.2155750232e-04 9.9987971123e-02 2.1626919456e+00 7.6904958811e-04 2.4333211400e-02
