# x  rho  v  p  e  w  vol
1.4062500000e-03 1.0000000000e+00 0.0000000000e+00 1.0000000000e+00 2.5000000000e+00 1.1111111111e-04 2.8125000000e-03
4.2187500000e-03 1.0000000000e+00 -3.7532388518e-17 1.0000000000e+00 2.5000000000e+00 1.1111111111e-04 2.8125000000e-03
7.0312500000e-03 1.0000000000e+00 -3.1856312657e-16 1.0000000000e+00 2.5000000000e+00 1.1111111111e-04 2.8125000000e-03
9.8437500000e-03 1.0000000000e+00 -6.0305976998e-16 1.0000000000e+00 2.5000000000e+00 1.1111111111e-04 2.8125000000e-03
1.2656250000e-02 1.0000000000e+00 2.1592850149e-17 1.0000000000e+00 2.5000000000e+00 1.1111111111e-04 2.8125000000e-03
1.5468750000e-02 1.0000000000e+00 3.0808664590e-16 1.0000000000e+00 2.5000000000e+00 1.1111111111e-04 2.8125000000e-03
1.8281250000e-02 1.0000000000e+00 2.0724675894e-16 1.0000000000e+00 2.5000000000e+00 1.1111111111e-04 2.8125000000e-03
2.1093750000e-02 1.0000000000e+00 2.5138563996e-16 1.0000000000e+00 2.5000000000e+00 1.1111111111e-04 2.8125000000e-03
2.3906250000e-02 1.0000000000e+00 -1.3503123694e-16 1.0000000000e+00 2.5000000000e+00 1.1111111111e-04 2.8125000000e-03
2.6718750000e-02 1.0000000000e+00 -2.4230597881e-16 1.0000000000e+00 2.5000000000e+00 1.1111111111e-04 2.8125000000e-03
2.9531250000e-02 1.0000000000e+00 -5.9045209556e-16 1.0000000000e+00 2.5000000000e+00 1.1111111111e-04 2.8125000000e-03
3.2343750000e-02 1.0000000000e+00 -1.3624094868e-15 1.0000000000e+00 2.5000000000e+00 1.1111111111e-04 2.8125000000e-03
3.5156250000e-02 1.0000000000e+00 -1.6631525488e-15 1.0000000000e+00 2.5000000000e+00 1.1111111111e-04 2.8125000000e-03
3.7968750000e-02 1.0000000000e+00 -1.3392263754e-15 1.0000000000e+00 2.5000000000e+00 1.1111111111e-04 2.8125000000e-03
4.0781250000e-02 1.0000000000e+00 -5.9365010815e-16 1.0000000000e+00 2.5000000000e+00 1.1111111111e-04 2.8125000000e-03
4.3593750000e-02 1.0000000000e+00 1.3560447802e-17 1.0000000000e+00 2.5000000000e+00 1.1111111111e-04 2.8125000000e-03
4.6406250000e-02 1.0000000000e+00 3.2511109436e-16 1.0000000000e+00 2.5000000000e+00 1.1111111111e-04 2.8125000000e-03
4.9218750000e-02 1.0000000000e+00 1.9202229590e-16 1.0000000000e+00 2.5000000000e+00 1.1111111111e-04 2.8125000000e-03
5.2031250000e-02 1.0000000000e+00 3.9654479894e-16 1.0000000000e+00 2.5000000000e+00 1.1111111111e-04 2.8125000000e-03
5.4843750000e-02 1.0000000000e+00 1.1518834403e-16 1.0000000000e+00 2.5000000000e+00 1.1111111111e-04 2.8125000000e-03
5.7656250000e-02 1.0000000000e+00 -4.3307738223e-16 1.0000000000e+00 2.5000000000e+00 1.1111111111e-04 2.8125000000e-03
6.0468750000e-02 1.0000000000e+00 -1.0239095148e-15 1.0000000000e+00 2.5000000000e+00 1.1111111111e-04 2.8125000000e-03
6.3281250000e-02 1.0000000000e+00 -1.3401991185e-15 1.0000000000e+00 2.5000000000e+00 1.1111111111e-04 2.8125000000e-03
6.6093750000e-02 1.0000000000e+00 -1.1895920380e-15 1.0000000000e+00 2.5000000000e+00 1.1111111111e-04 2.8125000000e-03
6.8906250000e-02 1.0000000000e+00 -1.5053303869e-15 1.0000000000e+00 2.5000000000e+00 1.1111111111e-04 2.8125000000e-03
7.1718750000e-02 1.0000000000e+00 -1.8296769444e-15 1.0000000000e+00 2.5000000000e+00 1.1111111111e-04 2.8125000000e-03
7.4531250000e-02 1.0000000000e+00 -1.5159862940e-15 1.0000000000e+00 2.5000000000e+00 1.1111111111e-04 2.8125000000e-03
7.7343750000e-02 1.0000000000e+00 -9.5197914478e-16 1.0000000000e+00 2.5000000000e+00 1.1111111111e-04 2.8125000000e-03
8.0156250000e-02 1.0000000000e+00 -2.4250565168e-16 1.0000000000e+00 2.5000000000e+00 1.1111111111e-04 2.8125000000e-03
8.2968750000e-02 1.0000000000e+00 3.5650598209e-16 1.0000000000e+00 2.5000000000e+00 1.1111111111e-04 2.8125000000e-03
8.5781250000e-02 1.0000000000e+00 6.6744759384e-16 1.0000000000e+00 2.5000000000e+00 1.1111111111e-04 2.8125000000e-03
8.8593750000e-02 1.0000000000e+00 3.2165955044e-16 1.0000000000e+00 2.5000000000e+00 1.1111111111e-04 2.8125000000e-03
9.1406250000e-02 1.0000000000e+00 -3.2064037752e-16 1.0000000000e+00 2.5000000000e+00 1.1111111111e-04 2.8125000000e-03
9.4218750000e-02 1.0000000000e+00 -6.4112161587e-16 1.0000000000e+00 2.5000000000e+00 1.1111111111e-04 2.8125000000e-03
9.7031250000e-02 1.0000000000e+00 -3.2755255020e-16 1.0000000000e+00 2.5000000000e+00 1.1111111111e-04 2.8125000000e-03
9.9843750000e-02 1.0000000000e+00 9.2320136460e-17 1.0000000000e+00 2.5000000000e+00 1.1111111111e-04 2.8125000000e-03
1.0265625000e-01 1.0000000000e+00 3.8479812263e-16 1.0000000000e+00 2.5000000000e+00 1.1111111111e-04 2.8125000000e-03
1.0546875000e-01 1.0000000000e+00 7.9157996424e-16 1.0000000000e+00 2.5000000000e+00 1.1111111111e-04 2.8125000000e-03
1.0828125000e-01 1.0000000000e+00 1.4267403502e-15 1.0000000000e+00 2.5000000000e+00 1.1111111111e-04 2.8125000000e-03
1.1109375000e-01 1.0000000000e+00 1.9895023940e-15 1.0000000000e+00 2.5000000000e+00 1.1111111111e-04 2.8125000000e-03
1.1390625000e-01 1.0000000000e+00 2.3127290717e-15 1.0000000000e+00 2.5000000000e+00 1.1111111111e-04 2.8125000000e-03
1.1671875000e-01 1.0000000000e+00 1.9717861694e-15 1.0000000000e+00 2.5000000000e+00 1.1111111111e-04 2.8125000000e-03
1.1953125000e-01 1.0000000000e+00 1.3133012990e-15 1.0000000000e+00 2.5000000000e+00 1.1111111111e-04 2.8125000000e-03
1.2234375000e-01 1.0000000000e+00 6.8329022655e-16 1.0000000000e+00 2.5000000000e+00 1.1111111111e-04 2.8125000000e-03
1.2515625000e-01 1.0000000000e+00 3.9764718202e-16 1.0000000000e+00 2.5000000000e+00 1.1111111111e-04 2.8125000000e-03
1.2796875000e-01 1.0000000000e+00 7.1369364083e-16 1.0000000000e+00 2.5000000000e+00 1.1111111111e-04 2.8125000000e-03
1.3078125000e-01 1.0000000000e+00 1.0474866371e-15 1.0000000000e+00 2.5000000000e+00 1.1111111111e-04 2.8125000000e-03
1.3359375000e-01 1.0000000000e+00 7.5104586687e-16 1.0000000000e+00 2.5000000000e+00 1.1111111111e-04 2.8125000000e-03
1.3640625000e-01 1.0000000000e+00 3.9711763507e-16 1.0000000000e+00 2.5000000000e+00 1.1111111111e-04 2.8125000000e-03
1.3921875000e-01 1.0000000000e+00 7.5617268737e-16 1.0000000000e+00 2.5000000000e+00 1.1111111111e-04 2.8125000000e-03
1.4203125000e-01 1.0000000000e+00 5.0374032933e-15 1.0000000000e+00 2.5000000000e+00 1.1111111111e-04 2.8125000000e-03
1.4484375000e-01 1.0000000000e+00 2.3025112826e-14 1.0000000000e+00 2.5000000000e+00 1.1111111111e-04 2.8125000000e-03
1.4765625000e-01 1.0000000000e+00 6.7513134300e-14 1.0000000000e+00 2.5000000000e+00 1.1111111111e-04 2.8125000000e-03
1.5046875000e-01 1.0000000000e+00 1.7526598631e-13 1.0000000000e+00 2.5000000000e+00 1.1111111111e-04 2.8125000000e-03
1.5328125000e-01 1.0000000000e+00 4.3417512453e-13 1.0000000000e+00 2.5000000000e+00 1.1111111111e-04 2.8125000000e-03
1.5609375000e-01 1.0000000000e+00 1.1162202800e-12 1.0000000000e+00 2.5000000000e+00 1.1111111111e-04 2.8125000000e-03
1.5890625000e-01 1.0000000000e+00 2.7844368804e-12 1.0000000000e+00 2.5000000000e+00 1.1111111111e-04 2.8125000000e-03
1.6171875000e-01 9.9999999999e-01 6.8833424087e-12 9.9999999999e-01 2.5000000000e+00 1.1111111111e-04 2.8125000000e-03
1.6453125000e-01 9.9999999999e-01 1.6837168722e-11 9.9999999998e-01 2.5000000000e+00 1.1111111111e-04 2.8125000000e-03
1.6734375000e-01 9.9999999997e-01 4.0656556741e-11 9.9999999995e-01 2.5000000000e+00 1.1111111111e-04 2.8125000001e-03
1.7015625000e-01 9.9999999992e-01 9.6986053103e-11 9.9999999989e-01 2.4999999999e+00 1.1111111112e-04 2.8125000002e-03
1.7296875000e-01 9.9999999981e-01 2.2851594192e-10 9.9999999973e-01 2.4999999998e+00 1.1111111113e-04 2.8125000005e-03
1.7578125000e-01 9.9999999955e-01 5.3172366407e-10 9.9999999937e-01 2.4999999996e+00 1.1111111116e-04 2.8125000013e-03
1.7859375000e-01 9.9999999897e-01 1.2215579651e-09 9.9999999856e-01 2.4999999990e+00 1.1111111123e-04 2.8125000029e-03
1.8140625001e-01 9.9999999766e-01 2.7699079041e-09 9.9999999672e-01 2.4999999977e+00 1.1111111137e-04 2.8125000066e-03
1.8421875002e-01 9.9999999477e-01 6.1979048230e-09 9.9999999267e-01 2.4999999948e+00 1.1111111169e-04 2.8125000147e-03
1.8703125004e-01 9.9999998844e-01 1.3681587937e-08 9.9999998382e-01 2.4999999884e+00 1.1111111240e-04 2.8125000325e-03
1.8984375008e-01 9.9999997484e-01 2.9785879503e-08 9.9999996477e-01 2.4999999748e+00 1.1111111391e-04 2.8125000708e-03
1.9265625018e-01 9.9999994600e-01 6.3934494107e-08 9.9999992438e-01 2.4999999460e+00 1.1111111712e-04 2.8125001519e-03
1.9546875039e-01 9.9999988575e-01 1.3526013624e-07 9.9999984002e-01 2.4999998857e+00 1.1111112381e-04 2.8125003213e-03
1.9828125082e-01 9.9999976184e-01 2.8194516669e-07 9.9999966652e-01 2.4999997617e+00 1.1111113759e-04 2.8125006698e-03
2.0109375173e-01 9.9999951104e-01 5.7884293678e-07 9.9999931534e-01 2.4999995107e+00 1.1111116547e-04 2.8125013752e-03
2.0390625357e-01 9.9999901164e-01 1.1700059716e-06 9.9999861608e-01 2.4999990111e+00 1.1111122099e-04 2.8125027798e-03
2.0671875729e-01 9.9999803392e-01 2.3273658579e-06 9.9999724707e-01 2.4999980329e+00 1.1111132968e-04 2.8125055296e-03
2.0953126464e-01 9.9999615282e-01 4.5540210094e-06 9.9999461318e-01 2.4999961509e+00 1.1111153878e-04 2.8125108202e-03
2.1234377895e-01 9.9999259838e-01 8.7613039602e-06 9.9998963634e-01 2.4999925949e+00 1.1111193388e-04 2.8125208172e-03
2.1515630630e-01 9.9998600649e-01 1.6563749220e-05 9.9998040665e-01 2.4999860002e+00 1.1111266658e-04 2.8125393573e-03
2.1796885771e-01 9.9997401659e-01 3.0755233744e-05 9.9996361910e-01 2.4999740056e+00 1.1111399925e-04 2.8125730802e-03
2.2078145255e-01 9.9995264469e-01 5.6051067528e-05 9.9993369596e-01 2.4999526259e+00 1.1111637471e-04 2.8126331931e-03
2.2359412423e-01 9.9991534451e-01 1.0019944493e-04 9.9988147254e-01 2.4999153129e+00 1.1112052068e-04 2.8127381137e-03
2.2640692900e-01 9.9985166516e-01 1.7557090128e-04 9.9979231904e-01 2.4998516127e+00 1.1112759919e-04 2.8129172536e-03
2.2921995911e-01 9.9974543633e-01 3.0130892263e-04 9.9964360196e-01 2.4997453493e+00 1.1113940903e-04 2.8132161426e-03
2.3203336188e-01 9.9957248002e-01 5.0604508084e-04 9.9940148646e-01 2.4995723333e+00 1.1115864196e-04 2.8137029142e-03
2.3484736584e-01 9.9929798497e-01 8.3102367018e-04 9.9901727344e-01 2.4992977282e+00 1.1118917886e-04 2.8144758043e-03
2.3766231480e-01 9.9887389381e-01 1.3332321311e-03 9.9842376868e-01 2.4988734185e+00 1.1123638966e-04 2.8156707443e-03
2.4047870920e-01 9.9823692619e-01 2.0878179955e-03 9.9753256724e-01 2.4982359925e+00 1.1130737200e-04 2.8174674030e-03
2.4329725219e-01 9.9730811951e-01 3.1887748036e-03 9.9623350138e-01 2.4973062033e+00 1.1141103662e-04 2.8200913489e-03
2.4611889532e-01 9.9599487625e-01 4.7467540138e-03 9.9439765003e-01 2.4959908774e+00 1.1155793590e-04 2.8238097073e-03
2.4894487595e-01 9.9419629128e-01 6.8831020302e-03 9.9188499511e-01 2.4941880286e+00 1.1175975266e-04 2.8289182173e-03
2.5177673704e-01 9.9181187007e-01 9.7199677569e-03 9.8855685999e-01 2.4917952936e+00 1.1202843152e-04 2.8357192376e-03
2.5461632058e-01 9.8875269463e-01 1.3367513929e-02 9.8429175723e-01 2.4887207958e+00 1.1237503871e-04 2.8444928800e-03
2.5746572966e-01 9.8495297163e-01 1.7910535957e-02 9.7900167534e-01 2.4848944659e+00 1.1280854823e-04 2.8554662822e-03
2.6032726048e-01 9.8037923502e-01 2.3397562136e-02 9.7264490803e-01 2.4802772062e+00 1.1333482265e-04 2.8687878114e-03
2.6320331279e-01 9.7503474020e-01 2.9835260360e-02 9.6523194266e-01 2.4748655173e+00 1.1395604162e-04 2.8845126066e-03
2.6609629307e-01 9.6895784510e-01 3.7189619718e-02 9.5682275878e-01 2.4686903657e+00 1.1467072025e-04 2.9026030536e-03
2.6900852592e-01 9.6221495159e-01 4.5393408048e-02 9.4751644428e-01 2.4618107490e+00 1.1547429271e-04 2.9229435641e-03
2.7194218670e-01 9.5489009342e-01 5.4357677976e-02 9.3743617962e-01 2.4543038672e+00 1.1636008280e-04 2.9453651466e-03
2.7489926210e-01 9.4707388058e-01 6.3984310321e-02 9.2671348184e-01 2.4462544603e+00 1.1732040540e-04 2.9696732828e-03
2.7788153854e-01 9.3885412485e-01 7.4176918672e-02 9.1547499565e-01 2.4377455757e+00 1.1834755916e-04 2.9956730503e-03
2.8089061293e-01 9.3030944972e-01 8.4848524317e-02 9.0383362429e-01 2.4288521001e+00 1.1943455708e-04 3.0231876080e-03
2.8392791803e-01 9.2150608254e-01 9.5925648230e-02 8.9188421042e-01 2.4196373397e+00 1.2057554709e-04 3.0520688396e-03
2.8699475452e-01 9.1249724603e-01 1.0734938420e-01 8.7970288337e-01 2.4101521599e+00 1.2176595947e-04 3.0822010831e-03
2.9009232383e-01 9.0332424185e-01 1.1907443744e-01 8.6734875500e-01 2.4004358425e+00 1.2300246101e-04 3.1134999701e-03
2.9322175792e-01 8.9401835923e-01 1.3106711266e-01 8.5486672847e-01 2.3905178223e+00 1.2428280176e-04 3.1459085498e-03
2.9638414429e-01 8.8460297060e-01 1.4330300126e-01 8.4229052454e-01 2.3804196700e+00 1.2560562360e-04 3.1793924433e-03
2.9958054611e-01 8.7509544087e-01 1.5576482463e-01 8.2964541103e-01 2.3701569346e+00 1.2697027488e-04 3.2139351534e-03
3.0281201789e-01 8.6550868989e-01 1.6844064405e-01 8.1695042223e-01 2.3597406698e+00 1.2837665368e-04 3.2495340981e-03
3.0607961763e-01 8.5585238240e-01 1.8132248640e-01 8.0422004258e-01 2.3491786058e+00 1.2982508679e-04 3.2861975474e-03
3.0938441636e-01 8.4613378493e-01 1.9440535338e-01 7.9146541783e-01 2.3384759950e+00 1.3131624357e-04 3.3239424428e-03
3.1272750597e-01 8.3635834335e-01 2.0768656104e-01 7.7869517512e-01 2.3276361781e+00 1.3285108160e-04 3.3627930209e-03
3.1611000595e-01 8.2653008757e-01 2.2116542606e-01 7.6591596093e-01 2.3166608586e+00 1.3443081151e-04 3.4027799379e-03
3.1953306949e-01 8.1665283048e-01 2.3484191535e-01 7.5313374604e-01 2.3055505287e+00 1.3605672622e-04 3.4439358991e-03
3.2299788151e-01 8.0673017748e-01 2.4871449005e-01 7.4035478524e-01 2.2943073344e+00 1.3773020274e-04 3.4862957634e-03
3.2650566491e-01 7.9676461886e-01 2.6278521757e-01 7.2758379081e-01 2.2829320404e+00 1.3945286757e-04 3.5299007178e-03
3.3005768698e-01 7.8675800190e-01 2.7705623493e-01 7.1482437351e-01 2.2714239060e+00 1.4122654071e-04 3.5747968158e-03
3.3365526272e-01 7.7671194951e-01 2.9153027146e-01 7.0207986037e-01 2.2597819591e+00 1.4305317576e-04 3.6210335141e-03
3.3729975836e-01 7.6662787781e-01 3.0621045999e-01 6.8935330853e-01 2.2480049594e+00 1.4493486903e-04 3.6686638738e-03
3.4099259500e-01 7.5650703302e-01 3.2110029313e-01 6.7664755141e-01 2.2360914105e+00 1.4687386403e-04 3.7177446834e-03
3.4473525244e-01 7.4635053105e-01 3.3620361609e-01 6.6396525053e-01 2.2240395863e+00 1.4887255587e-04 3.7683365697e-03
3.4852927306e-01 7.3615937749e-01 3.5152460230e-01 6.5130892620e-01 2.2118475500e+00 1.5093349968e-04 3.8205042087e-03
3.5237626599e-01 7.2593448392e-01 3.6706774612e-01 6.3868098473e-01 2.1995131754e+00 1.5305942017e-04 3.8743165703e-03
3.5627791156e-01 7.1567668443e-01 3.8283785750e-01 6.2608374032e-01 2.1870341522e+00 1.5525322206e-04 3.9298471798e-03
3.6023596596e-01 7.0538675613e-01 3.9884005135e-01 6.1351943853e-01 2.1744079868e+00 1.5751800025e-04 3.9871743771e-03
3.6425226619e-01 6.9506544321e-01 4.1507972552e-01 6.0099028919e-01 2.1616320271e+00 1.5985704991e-04 4.0463815710e-03
3.6832873525e-01 6.8471350184e-01 4.3156251335e-01 5.8849851632e-01 2.1487034896e+00 1.6227387214e-04 4.1075573834e-03
3.7246738740e-01 6.7433176276e-01 4.4829419028e-01 5.7604643749e-01 2.1356195470e+00 1.6477217503e-04 4.1707956755e-03
3.7667033335e-01 6.6392124818e-01 4.6528050117e-01 5.6363659197e-01 2.1223774413e+00 1.6735585964e-04 4.2361951929e-03
3.8093978485e-01 6.5348336919e-01 4.8252685391e-01 5.5127195090e-01 2.1089746767e+00 1.7002898070e-04 4.3038585718e-03
3.8527805789e-01 6.4302023249e-01 5.0003777860e-01 5.3895625942e-01 2.0954094140e+00 1.7279566871e-04 4.3738903659e-03
3.8968757330e-01 6.3253517616e-01 5.1781601881e-01 5.2669459947e-01 2.0816810643e+00 1.7565997132e-04 4.4463930324e-03
3.9417085196e-01 6.2203357825e-01 5.3586093577e-01 5.1449428325e-01 2.0677914394e+00 1.7862558310e-04 4.5214600921e-03
3.9873050171e-01 6.1152434397e-01 5.5416608379e-01 5.0236632133e-01 2.0537462093e+00 1.8169531809e-04 4.5991627770e-03
4.0336918584e-01 6.0102155818e-01 5.7271466999e-01 4.9032750090e-01 2.0395587073e+00 1.8487042280e-04 4.6795326419e-03
4.0808957516e-01 5.9054892726e-01 5.9147509092e-01 4.7840390019e-01 2.0252509068e+00 1.8814886205e-04 4.7625181762e-03
4.1289422989e-01 5.8013981358e-01 6.1038734437e-01 4.6663414840e-01 2.0108693520e+00 1.9152470686e-04 4.8479692898e-03
4.1778552014e-01 5.6985399575e-01 6.2936372568e-01 4.5508061730e-01 1.9964790135e+00 1.9498171417e-04 4.9354747373e-03
4.2276518523e-01 5.5971701318e-01 6.4826742305e-01 4.4378995236e-01 1.9822068202e+00 1.9851301232e-04 5.0248606595e-03
4.2783524493e-01 5.4981399926e-01 6.6714087438e-01 4.3283411042e-01 1.9680933507e+00 2.0208855006e-04 5.1153662944e-03
4.3299592493e-01 5.4002088569e-01 6.8581257832e-01 4.2209496281e-01 1.9540677685e+00 2.0575336470e-04 5.2081318974e-03
4.3825151218e-01 5.3045699346e-01 7.0456942941e-01 4.1165357559e-01 1.9400893035e+00 2.0946299637e-04 5.3020320869e-03
4.4359999729e-01 5.2097693117e-01 7.2331158961e-01 4.0141407557e-01 1.9262564787e+00 2.1327453552e-04 5.3985115880e-03
4.4904854176e-01 5.1163446672e-01 7.4204416940e-01 3.9135701355e-01 1.9122881618e+00 2.1716893797e-04 5.4970886110e-03
4.5459418346e-01 5.0236849592e-01 7.6088304163e-01 3.8149192400e-01 1.8984665992e+00 2.2117452216e-04 5.5984800457e-03
4.6024550922e-01 4.9322289639e-01 7.7986711774e-01 3.7179069529e-01 1.8844963302e+00 2.2527565779e-04 5.7022900206e-03
4.6599877588e-01 4.8407956075e-01 7.9900385451e-01 3.6220347040e-01 1.8705782053e+00 2.2953068426e-04 5.8099953562e-03
4.7186550954e-01 4.7501563262e-01 8.1835098156e-01 3.5271558560e-01 1.8563367255e+00 2.3391042304e-04 5.9208577716e-03
4.7784050189e-01 4.6603199980e-01 8.3793545168e-01 3.4339934014e-01 1.8421446397e+00 2.3841947429e-04 6.0349933078e-03
4.8393550204e-01 4.5723489007e-01 8.5720889396e-01 3.3430818492e-01 1.8278798938e+00 2.4300660000e-04 6.1511053970e-03
4.9014269978e-01 4.4906253891e-01 8.7631428395e-01 3.2594460317e-01 1.8145835765e+00 2.4742902054e-04 6.2630474741e-03
4.9646159758e-01 4.4116435004e-01 8.9308638937e-01 3.1787570341e-01 1.8013451415e+00 2.5185871868e-04 6.3751751467e-03
5.0289298022e-01 4.3502934903e-01 9.0957167406e-01 3.1168670782e-01 1.7911820691e+00 2.5541059724e-04 6.4650810485e-03
5.0939175920e-01 4.2909276538e-01 9.2039470041e-01 3.0569414505e-01 1.7810492842e+00 2.5894423642e-04 6.5545267293e-03
5.1600189747e-01 4.2609014851e-01 9.3103233133e-01 3.0274736972e-01 1.7763105459e+00 2.6076903614e-04 6.6007158576e-03
5.2259319650e-01 4.2304503970e-01 9.3421073145e-01 2.9975468340e-01 1.7714111694e+00 2.6264612326e-04 6.6482282879e-03
5.2929822865e-01 4.2255937890e-01 9.3762044479e-01 2.9935316132e-01 1.7710715716e+00 2.6294793310e-04 6.6558693061e-03
5.3590493923e-01 4.2199978788e-01 9.3744327484e-01 2.9889751012e-01 1.7707207367e+00 2.6329663149e-04 6.6646952932e-03
5.4262757188e-01 4.2240085782e-01 9.3645993772e-01 2.9925578767e-01 1.7711599192e+00 2.6304661078e-04 6.6583671599e-03
5.4922163824e-01 4.2350991812e-01 9.3367551456e-01 3.0044124081e-01 1.7735195089e+00 2.6235780722e-04 6.6409306598e-03
5.5590941766e-01 4.2496629304e-01 9.3054249141e-01 3.0193459868e-01 1.7762267480e+00 2.6145869638e-04 6.6181719493e-03
5.6245802243e-01 4.2558088806e-01 9.2819792802e-01 3.0251649058e-01 1.7770798635e+00 2.6108104553e-04 6.6086144347e-03
5.6912665103e-01 4.2611554941e-01 9.2814008135e-01 3.0302947311e-01 1.7778597468e+00 2.6075343983e-04 6.6003223865e-03
5.7565869264e-01 4.2611963735e-01 9.2791005233e-01 3.0299901883e-01 1.7776640189e+00 2.6075097591e-04 6.6002590668e-03
5.8232717466e-01 4.2600892115e-01 9.2788483616e-01 3.0294184241e-01 1.7777904838e+00 2.6081874127e-04 6.6019744197e-03
5.8886263212e-01 4.2609211396e-01 9.2803490860e-01 3.0291261481e-01 1.7772718908e+00 2.6076781022e-04 6.6006854102e-03
5.9552855928e-01 4.2588899016e-01 9.2814601012e-01 3.0292510813e-01 1.7781928809e+00 2.6089218558e-04 6.6038335459e-03
6.0207027328e-01 4.2622079053e-01 9.2801817633e-01 3.0296272893e-01 1.7770292749e+00 2.6068910051e-04 6.5986926553e-03
6.0872597917e-01 4.2583759890e-01 9.2773475032e-01 3.0303995258e-01 1.7790817049e+00 2.6092368240e-04 6.6046305147e-03
6.1527948229e-01 4.2652869105e-01 9.2757884852e-01 3.0311195744e-01 1.7766211500e+00 2.6050090445e-04 6.5939292221e-03
6.2191391228e-01 4.2567579355e-01 9.2760318798e-01 3.0315790693e-01 1.7804507064e+00 2.6102285132e-04 6.6071410276e-03
6.2849366394e-01 4.2690147296e-01 9.2763715850e-01 3.0313248962e-01 1.7751899959e+00 2.6027343149e-04 6.5881712248e-03
6.3509040481e-01 4.2502848520e-01 9.2766597825e-01 3.0309248462e-01 1.7827774795e+00 2.6142038649e-04 6.6172035473e-03
6.4172785279e-01 4.2768569785e-01 9.2772406354e-01 3.0309299315e-01 1.7717040497e+00 2.5979617834e-04 6.5760908399e-03
6.4824290288e-01 4.2384009613e-01 9.2771349240e-01 3.0310722174e-01 1.7878630674e+00 2.6215337569e-04 6.6357572718e-03
6.5499891109e-01 4.2952301422e-01 9.2760576008e-01 3.0314988945e-01 1.7644566148e+00 2.5868488824e-04 6.5479611264e-03
6.6133940860e-01 4.2323212634e-01 9.2751684954e-01 3.0317838480e-01 1.7908516741e+00 2.6252995434e-04 6.6452894876e-03
6.6828889378e-01 4.2934067105e-01 9.2752382001e-01 3.0319449916e-01 1.7654657455e+00 2.5879474806e-04 6.5507420788e-03
6.7444085661e-01 4.3571802383e-01 9.2755403817e-01 3.0318491199e-01 1.7395706363e+00 2.5500691962e-04 6.4548626547e-03
6.8120344055e-01 3.5955716908e-01 9.2763243276e-01 3.0315734329e-01 2.1078521676e+00 3.0902209898e-04 7.8221218817e-03
6.9008853071e-01 2.7271010584e-01 9.2772434430e-01 3.0313055543e-01 2.7788716749e+00 4.0743305448e-04 1.0313149164e-02
7.0182388766e-01 2.5459788009e-01 9.2784481938e-01 3.0310896838e-01 2.9763500806e+00 4.3641805773e-04 1.1046831965e-02
7.1217846624e-01 2.6680129297e-01 9.2805424906e-01 3.0304156169e-01 2.8395810822e+00 4.1645643007e-04 1.0541553111e-02
7.2290897930e-01 2.6402867045e-01 9.2860837880e-01 3.0284775757e-01 2.8675650740e+00 4.2082972811e-04 1.0652252254e-02
7.3348249041e-01 2.6513189208e-01 9.2994149624e-01 3.0240671905e-01 2.8514743802e+00 4.1907863845e-04 1.0607927918e-02
7.4412506338e-01 2.6441865713e-01 9.3215952365e-01 3.0169248906e-01 2.8524130288e+00 4.2020905337e-04 1.0636541425e-02
7.5475552954e-01 2.6405780035e-01 9.3535377145e-01 3.0064157049e-01 2.8463613846e+00 4.2078329737e-04 1.0651077136e-02
7.6542729923e-01 2.6305286849e-01 9.4005735475e-01 2.9908897835e-01 2.8424797272e+00 4.2239077197e-04 1.0691767081e-02
7.7613906064e-01 2.6207959598e-01 9.4588584492e-01 2.9728000069e-01 2.8357797140e+00 4.2395937052e-04 1.0731472588e-02
7.8689022822e-01 2.6123907960e-01 9.5247293610e-01 2.9626906135e-01 2.8352291491e+00 4.2532334957e-04 1.0766000264e-02
7.9767121819e-01 2.5920227943e-01 9.5644537332e-01 2.9331296773e-01 2.8289968010e+00 4.2866588576e-04 1.0850599023e-02
8.0859137965e-01 2.5753830493e-01 9.5380159597e-01 2.9010774774e-01 2.8161611515e+00 4.3143569604e-04 1.0920705566e-02
8.1951177870e-01 2.6245208232e-01 9.6897146745e-01 2.9607085869e-01 2.8202372798e+00 4.2335573752e-04 1.0716241895e-02
8.3002394168e-01 2.6682145646e-01 1.0013695191e+00 3.0744393318e-01 2.8806147870e+00 4.1641813170e-04 1.0540756494e-02
8.4060043976e-01 2.2533492442e-01 9.0082105318e-01 2.5870004525e-01 2.8701725433e+00 4.9309625913e-04 1.2481420744e-02
8.5499607246e-01 1.6176640960e-01 4.0871090921e-01 1.5296492039e-01 2.3639784175e+00 6.8687106256e-04 1.7386180524e-02
8.7536818023e-01 1.3268612808e-01 8.6115769898e-02 1.0924687579e-01 2.0583703318e+00 8.3739722007e-04 2.1196639322e-02
8.9738134094e-01 1.2639043735e-01 1.4994641950e-02 1.0163479952e-01 2.0103340420e+00 8.7910735911e-04 2.2252474625e-02
9.1987045864e-01 1.2533465132e-01 9.0778526617e-04 1.0007373079e-01 1.9961305540e+00 8.8651485629e-04 2.2439923599e-02
9.4226113367e-01 1.2440410040e-01 -1.0699991040e-04 9.9937868861e-02 2.0083314887e+00 8.9314653440e-04 2.2607775716e-02
9.6508360756e-01 1.2788221710e-01 6.7682924305e-04 9.9992182984e-02 1.9547710630e+00 8.6885502914e-04 2.1992893647e-02
9.8625679029e-01 1.1557998454e-01 4.1930174490e-04 9.9988131253e-02 2.1627475477e+00 9.6133524935e-04 2.4333798029e-02
