# x  rho  v  p  e  w  vol
1.4062500000e-03 1.0000000000e+00 0.0000000000e+00 1.0000000000e+00 2.5000000000e+00 0.0000000000e+00 2.8125000000e-03
4.2187500000e-03 1.0000000000e+00 -4.6915485648e-17 1.0000000000e+00 2.5000000000e+00 0.0000000000e+00 2.8125000000e-03
7.0312500000e-03 1.0000000000e+00 -3.1896500018e-16 1.0000000000e+00 2.5000000000e+00 0.0000000000e+00 2.8125000000e-03
9.8437500000e-03 1.0000000000e+00 -5.9448525290e-16 1.0000000000e+00 2.5000000000e+00 0.0000000000e+00 2.8125000000e-03
1.2656250000e-02 1.0000000000e+00 3.0528977410e-17 1.0000000000e+00 2.5000000000e+00 0.0000000000e+00 2.8125000000e-03
1.5468750000e-02 1.0000000000e+00 3.0772258522e-16 1.0000000000e+00 2.5000000000e+00 0.0000000000e+00 2.8125000000e-03
1.8281250000e-02 1.0000000000e+00 2.0807505451e-16 1.0000000000e+00 2.5000000000e+00 0.0000000000e+00 2.8125000000e-03
2.1093750000e-02 1.0000000000e+00 2.4277922684e-16 1.0000000000e+00 2.5000000000e+00 0.0000000000e+00 2.8125000000e-03
2.3906250000e-02 1.0000000000e+00 -1.2705622017e-16 1.0000000000e+00 2.5000000000e+00 0.0000000000e+00 2.8125000000e-03
2.6718750000e-02 1.0000000000e+00 -2.6921828904e-16 1.0000000000e+00 2.5000000000e+00 0.0000000000e+00 2.8125000000e-03
2.9531250000e-02 1.0000000000e+00 -6.8468946249e-16 1.0000000000e+00 2.5000000000e+00 0.0000000000e+00 2.8125000000e-03
3.2343750000e-02 1.0000000000e+00 -1.5038461024e-15 1.0000000000e+00 2.5000000000e+00 0.0000000000e+00 2.8125000000e-03
3.5156250000e-02 1.0000000000e+00 -1.7849486255e-15 1.0000000000e+00 2.5000000000e+00 0.0000000000e+00 2.8125000000e-03
3.7968750000e-02 1.0000000000e+00 -1.4482784224e-15 1.0000000000e+00 2.5000000000e+00 0.0000000000e+00 2.8125000000e-03
4.0781250000e-02 1.0000000000e+00 -6.1290189942e-16 1.0000000000e+00 2.5000000000e+00 0.0000000000e+00 2.8125000000e-03
4.3593750000e-02 1.0000000000e+00 -3.4922407578e-17 1.0000000000e+00 2.5000000000e+00 0.0000000000e+00 2.8125000000e-03
4.6406250000e-02 1.0000000000e+00 2.6096610952e-16 1.0000000000e+00 2.5000000000e+00 0.0000000000e+00 2.8125000000e-03
4.9218750000e-02 1.0000000000e+00 2.8558509480e-16 1.0000000000e+00 2.5000000000e+00 0.0000000000e+00 2.8125000000e-03
5.2031250000e-02 1.0000000000e+00 4.5934609765e-16 1.0000000000e+00 2.5000000000e+00 0.0000000000e+00 2.8125000000e-03
5.4843750000e-02 1.0000000000e+00 1.6208145001e-16 1.0000000000e+00 2.5000000000e+00 0.0000000000e+00 2.8125000000e-03
5.7656250000e-02 1.0000000000e+00 -4.3021307236e-16 1.0000000000e+00 2.5000000000e+00 0.0000000000e+00 2.8125000000e-03
6.0468750000e-02 1.0000000000e+00 -9.9776365816e-16 1.0000000000e+00 2.5000000000e+00 0.0000000000e+00 2.8125000000e-03
6.3281250000e-02 1.0000000000e+00 -1.3158462958e-15 1.0000000000e+00 2.5000000000e+00 0.0000000000e+00 2.8125000000e-03
6.6093750000e-02 1.0000000000e+00 -1.1450115763e-15 1.0000000000e+00 2.5000000000e+00 0.0000000000e+00 2.8125000000e-03
6.8906250000e-02 1.0000000000e+00 -1.4925513237e-15 1.0000000000e+00 2.5000000000e+00 0.0000000000e+00 2.8125000000e-03
7.1718750000e-02 1.0000000000e+00 -1.8152308602e-15 1.0000000000e+00 2.5000000000e+00 0.0000000000e+00 2.8125000000e-03
7.4531250000e-02 1.0000000000e+00 -1.5245159095e-15 1.0000000000e+00 2.5000000000e+00 0.0000000000e+00 2.8125000000e-03
7.7343750000e-02 1.0000000000e+00 -9.1154111162e-16 1.0000000000e+00 2.5000000000e+00 0.0000000000e+00 2.8125000000e-03
8.0156250000e-02 1.0000000000e+00 -2.0509922964e-16 1.0000000000e+00 2.5000000000e+00 0.0000000000e+00 2.8125000000e-03
8.2968750000e-02 1.0000000000e+00 4.0795144735e-16 1.0000000000e+00 2.5000000000e+00 0.0000000000e+00 2.8125000000e-03
8.5781250000e-02 1.0000000000e+00 7.1909098476e-16 1.0000000000e+00 2.5000000000e+00 0.0000000000e+00 2.8125000000e-03
8.8593750000e-02 1.0000000000e+00 3.5683624367e-16 1.0000000000e+00 2.5000000000e+00 0.0000000000e+00 2.8125000000e-03
9.1406250000e-02 1.0000000000e+00 -2.6300527238e-16 1.0000000000e+00 2.5000000000e+00 0.0000000000e+00 2.8125000000e-03
9.4218750000e-02 1.0000000000e+00 -6.2526001347e-16 1.0000000000e+00 2.5000000000e+00 0.0000000000e+00 2.8125000000e-03
9.7031250000e-02 1.0000000000e+00 -3.2350357318e-16 1.0000000000e+00 2.5000000000e+00 0.0000000000e+00 2.8125000000e-03
9.9843750000e-02 1.0000000000e+00 9.2456303663e-17 1.0000000000e+00 2.5000000000e+00 0.0000000000e+00 2.8125000000e-03
1.0265625000e-01 1.0000000000e+00 3.9052753863e-16 1.0000000000e+00 2.5000000000e+00 0.0000000000e+00 2.8125000000e-03
1.0546875000e-01 1.0000000000e+00 3.7687705410e-16 1.0000000000e+00 2.5000000000e+00 0.0000000000e+00 2.8125000000e-03
1.0828125000e-01 1.0000000000e+00 -9.3830971296e-18 1.0000000000e+00 2.5000000000e+00 0.0000000000e+00 2.8125000000e-03
1.1109375000e-01 1.0000000000e+00 -3.7193382323e-16 1.0000000000e+00 2.5000000000e+00 0.0000000000e+00 2.8125000000e-03
1.1390625000e-01 1.0000000000e+00 -8.5782803798e-17 1.0000000000e+00 2.5000000000e+00 0.0000000000e+00 2.8125000000e-03
1.1671875000e-01 1.0000000000e+00 3.5973573272e-16 1.0000000000e+00 2.5000000000e+00 0.0000000000e+00 2.8125000000e-03
1.1953125000e-01 1.0000000000e+00 6.5095028647e-16 1.0000000000e+00 2.5000000000e+00 0.0000000000e+00 2.8125000000e-03
1.2234375000e-01 1.0000000000e+00 6.3784049955e-16 1.0000000000e+00 2.5000000000e+00 0.0000000000e+00 2.8125000000e-03
1.2515625000e-01 1.0000000000e+00 4.3278699155e-16 1.0000000000e+00 2.5000000000e+00 0.0000000000e+00 2.8125000000e-03
1.2796875000e-01 1.0000000000e+00 7.3321251534e-16 1.0000000000e+00 2.5000000000e+00 0.0000000000e+00 2.8125000000e-03
1.3078125000e-01 1.0000000000e+00 1.0196643130e-15 1.0000000000e+00 2.5000000000e+00 0.0000000000e+00 2.8125000000e-03
1.3359375000e-01 1.0000000000e+00 7.0155649380e-16 1.0000000000e+00 2.5000000000e+00 0.0000000000e+00 2.8125000000e-03
1.3640625000e-01 1.0000000000e+00 3.6302128280e-16 1.0000000000e+00 2.5000000000e+00 0.0000000000e+00 2.8125000000e-03
1.3921875000e-01 1.0000000000e+00 6.9209778417e-16 1.0000000000e+00 2.5000000000e+00 0.0000000000e+00 2.8125000000e-03
1.4203125000e-01 1.0000000000e+00 5.9756134310e-15 1.0000000000e+00 2.5000000000e+00 0.0000000000e+00 2.8125000000e-03
1.4484375000e-01 1.0000000000e+00 2.5744635312e-14 1.0000000000e+00 2.5000000000e+00 0.0000000000e+00 2.8125000000e-03
1.4765625000e-01 1.0000000000e+00 6.9287568763e-14 1.0000000000e+00 2.5000000000e+00 0.0000000000e+00 2.8125000000e-03
1.5046875000e-01 1.0000000000e+00 1.8107668813e-13 1.0000000000e+00 2.5000000000e+00 0.0000000000e+00 2.8125000000e-03
1.5328125000e-01 1.0000000000e+00 4.6399733505e-13 1.0000000000e+00 2.5000000000e+00 0.0000000000e+00 2.8125000000e-03
1.5609375000e-01 1.0000000000e+00 1.1740905353e-12 1.0000000000e+00 2.5000000000e+00 0.0000000000e+00 2.8125000000e-03
1.5890625000e-01 1.0000000000e+00 2.9134417033e-12 1.0000000000e+00 2.5000000000e+00 0.0000000000e+00 2.8125000000e-03
1.6171875000e-01 9.9999999999e-01 7.2014486654e-12 9.9999999999e-01 2.5000000000e+00 0.0000000000e+00 2.8125000000e-03
1.6453125000e-01 9.9999999999e-01 1.7571336306e-11 9.9999999998e-01 2.5000000000e+00 0.0000000000e+00 2.8125000000e-03
1.6734375000e-01 9.9999999996e-01 4.2359881399e-11 9.9999999995e-01 2.5000000000e+00 0.0000000000e+00 2.8125000001e-03
1.7015625000e-01 9.9999999991e-01 1.0089619510e-10 9.9999999988e-01 2.4999999999e+00 0.0000000000e+00 2.8125000002e-03
1.7296875000e-01 9.9999999980e-01 2.3732571551e-10 9.9999999972e-01 2.4999999998e+00 0.0000000000e+00 2.8125000006e-03
1.7578125000e-01 9.9999999953e-01 5.5133236125e-10 9.9999999935e-01 2.4999999995e+00 0.0000000000e+00 2.8125000013e-03
1.7859375000e-01 9.9999999893e-01 1.2645651546e-09 9.9999999850e-01 2.4999999989e+00 0.0000000000e+00 2.8125000030e-03
1.8140625001e-01 9.9999999758e-01 2.8629392116e-09 9.9999999661e-01 2.4999999976e+00 0.0000000000e+00 2.8125000068e-03
1.8421875002e-01 9.9999999459e-01 6.3962423971e-09 9.9999999243e-01 2.4999999946e+00 0.0000000000e+00 2.8125000152e-03
1.8703125004e-01 9.9999998809e-01 1.4097988235e-08 9.9999998332e-01 2.4999999881e+00 0.0000000000e+00 2.8125000335e-03
1.8984375008e-01 9.9999997410e-01 3.0646707903e-08 9.9999996374e-01 2.4999999741e+00 0.0000000000e+00 2.8125000728e-03
1.9265625018e-01 9.9999994449e-01 6.5685977458e-08 9.9999992228e-01 2.4999999445e+00 0.0000000000e+00 2.8125001561e-03
1.9546875040e-01 9.9999988272e-01 1.3876601446e-07 9.9999983581e-01 2.4999998827e+00 0.0000000000e+00 2.8125003298e-03
1.9828125084e-01 9.9999975588e-01 2.8884558817e-07 9.9999965823e-01 2.4999997559e+00 0.0000000000e+00 2.8125006866e-03
2.0109375177e-01 9.9999949951e-01 5.9219077944e-07 9.9999929931e-01 2.4999994995e+00 0.0000000000e+00 2.8125014076e-03
2.0390625366e-01 9.9999898973e-01 1.1953665364e-06 9.9999858562e-01 2.4999989897e+00 0.0000000000e+00 2.8125028414e-03
2.0671875745e-01 9.9999799304e-01 2.3746650075e-06 9.9999719026e-01 2.4999979930e+00 0.0000000000e+00 2.8125056446e-03
2.0953126495e-01 9.9999607802e-01 4.6405583316e-06 9.9999450923e-01 2.4999960780e+00 0.0000000000e+00 2.8125110306e-03
2.1234377951e-01 9.9999246420e-01 8.9165038980e-06 9.9998944990e-01 2.4999924642e+00 0.0000000000e+00 2.8125211946e-03
2.1515630734e-01 9.9998577074e-01 1.6836376181e-05 9.9998007910e-01 2.4999857707e+00 0.0000000000e+00 2.8125400204e-03
2.1796885955e-01 9.9997361124e-01 3.1223887000e-05 9.9996305599e-01 2.4999736112e+00 0.0000000000e+00 2.8125742203e-03
2.2078145578e-01 9.9995196336e-01 5.6838689793e-05 9.9993274953e-01 2.4999519631e+00 0.0000000000e+00 2.8126351096e-03
2.2359412977e-01 9.9991422609e-01 1.0149216143e-04 9.9987991914e-01 2.4999142253e+00 0.0000000000e+00 2.8127412598e-03
2.2640693830e-01 9.9984987445e-01 1.7764055529e-04 9.9978983210e-01 2.4998498716e+00 0.0000000000e+00 2.8129222915e-03
2.2921997436e-01 9.9974264334e-01 3.0453701161e-04 9.9963972347e-01 2.4997426341e+00 0.0000000000e+00 2.8132240019e-03
2.3203338630e-01 9.9956824244e-01 5.1094339864e-04 9.9939560264e-01 2.4995682141e+00 0.0000000000e+00 2.8137148427e-03
2.3484740404e-01 9.9929174017e-01 8.3824415611e-04 9.9900860385e-01 2.4992916575e+00 0.0000000000e+00 2.8144933926e-03
2.3766237309e-01 9.9886496918e-01 1.3435561050e-03 9.9841138091e-01 2.4988647408e+00 0.0000000000e+00 2.8156959016e-03
2.4047879584e-01 9.9822457668e-01 2.1021146558e-03 9.9751542960e-01 2.4982239791e+00 0.0000000000e+00 2.8175022592e-03
2.4329737760e-01 9.9729159809e-01 3.2079224303e-03 9.9621058155e-01 2.4972901192e+00 0.0000000000e+00 2.8201380673e-03
2.4611907198e-01 9.9597353515e-01 4.7715259997e-03 9.9436805664e-01 2.4959700774e+00 0.0000000000e+00 2.8238702141e-03
2.4894511803e-01 9.9416970020e-01 6.9140328715e-03 9.9184814285e-01 2.4941620697e+00 0.0000000000e+00 2.8289938825e-03
2.5177705974e-01 9.9177992542e-01 9.7572275134e-03 9.8851262178e-01 2.4917640407e+00 0.0000000000e+00 2.8358105744e-03
2.5461673918e-01 9.8871568774e-01 1.3410826751e-02 9.8424055857e-01 2.4886844893e+00 0.0000000000e+00 2.8445993473e-03
2.5746625844e-01 9.8491158945e-01 1.7959172776e-02 9.7894449351e-01 2.4848537270e+00 0.0000000000e+00 2.8555862578e-03
2.6032791170e-01 9.8033448476e-01 2.3450418176e-02 9.7258316473e-01 2.4802329711e+00 0.0000000000e+00 2.8689187657e-03
2.6320409597e-01 9.7498781431e-01 2.9891001216e-02 9.6516731339e-01 2.4748189137e+00 0.0000000000e+00 2.8846514374e-03
2.6609721457e-01 9.6890996270e-01 3.7246857462e-02 9.5675695011e-01 2.4686425647e+00 0.0000000000e+00 2.9027464969e-03
2.6900958896e-01 9.6216721765e-01 4.5450861765e-02 9.4745099709e-01 2.4617628301e+00 0.0000000000e+00 2.9230885738e-03
2.7194339172e-01 9.5484340607e-01 5.4414283838e-02 9.3737234051e-01 2.4542567257e+00 0.0000000000e+00 2.9455091611e-03
2.7490060729e-01 9.4702889658e-01 6.4039267732e-02 9.2665215649e-01 2.4462087689e+00 0.0000000000e+00 2.9698143427e-03
2.7788302041e-01 9.3881127437e-01 7.4229680217e-02 9.1541677082e-01 2.4377017932e+00 0.0000000000e+00 2.9958097828e-03
2.8089222685e-01 9.3026898112e-01 8.4898749764e-02 9.0377883131e-01 2.4288105098e+00 0.0000000000e+00 3.0233191228e-03
2.8392965865e-01 9.2146811698e-01 9.5973144837e-02 8.9183300186e-01 2.4195980996e+00 0.0000000000e+00 3.0521945884e-03
2.8699661603e-01 9.1246182748e-01 1.0739405011e-01 8.7965530289e-01 2.4101153506e+00 0.0000000000e+00 3.0823207232e-03
2.9009430010e-01 9.0329137547e-01 1.1911621707e-01 8.6730479061e-01 2.4004015043e+00 0.0000000000e+00 3.1136132552e-03
2.9322384254e-01 8.9398803672e-01 1.3110596624e-01 8.5482634773e-01 2.3904859814e+00 0.0000000000e+00 3.1460152535e-03
2.9638633060e-01 8.8457518486e-01 1.4333888659e-01 8.4225369475e-01 2.3803903534e+00 0.0000000000e+00 3.1794923124e-03
2.9958282716e-01 8.7507019308e-01 1.5579768769e-01 8.2961210902e-01 2.3701301781e+00 0.0000000000e+00 3.2140278829e-03
3.0281438637e-01 8.6548599199e-01 1.6847041513e-01 8.1692063772e-01 2.3597165214e+00 0.0000000000e+00 3.2496193191e-03
3.0608206580e-01 8.5583225708e-01 1.8134907936e-01 8.0419377820e-01 2.3491571261e+00 0.0000000000e+00 3.2862748240e-03
3.0938693602e-01 8.4611626443e-01 1.9442866650e-01 7.9144268738e-01 2.3384572566e+00 0.0000000000e+00 3.3240112715e-03
3.1273008835e-01 8.3634346745e-01 2.0770647869e-01 7.7867600101e-01 2.3276202640e+00 0.0000000000e+00 3.3628528344e-03
3.1611264169e-01 8.2651790738e-01 2.2118182360e-01 7.6590037559e-01 2.3166478571e+00 0.0000000000e+00 3.4028300837e-03
3.1953574851e-01 8.1664341876e-01 2.3485461374e-01 7.5312180787e-01 2.3055405535e+00 0.0000000000e+00 3.4439755901e-03
3.2300059287e-01 8.0672361681e-01 2.4872330441e-01 7.4034657108e-01 2.2943005376e+00 0.0000000000e+00 3.4863241157e-03
3.2650839674e-01 7.9676099320e-01 2.6278994888e-01 7.2757937240e-01 2.2829285652e+00 0.0000000000e+00 3.5299167806e-03
3.3006042643e-01 7.8675740265e-01 2.7705667034e-01 7.1482383037e-01 2.2714239102e+00 0.0000000000e+00 3.5747995386e-03
3.3365799582e-01 7.7671446982e-01 2.9152618388e-01 7.0208327417e-01 2.2597856144e+00 0.0000000000e+00 3.6210217645e-03
3.3730246996e-01 7.6663361379e-01 3.0620161512e-01 6.8936075865e-01 2.2480124347e+00 0.0000000000e+00 3.6686364248e-03
3.4099526867e-01 7.5651607783e-01 3.2108645194e-01 6.7665911019e-01 2.2361028735e+00 0.0000000000e+00 3.7177002346e-03
3.4473787043e-01 7.4636296921e-01 3.3618454017e-01 6.6398098020e-01 2.2240552104e+00 0.0000000000e+00 3.7682737703e-03
3.4853181621e-01 7.3617528433e-01 3.5150006026e-01 6.5132887496e-01 2.2118675023e+00 0.0000000000e+00 3.8204216576e-03
3.5237871374e-01 7.2595392317e-01 3.6703751702e-01 6.3870518223e-01 2.1995376079e+00 0.0000000000e+00 3.8742128257e-03
3.5628024186e-01 7.1569970381e-01 3.8280173504e-01 6.2611219408e-01 2.1870632010e+00 0.0000000000e+00 3.9297207824e-03
3.6023815531e-01 7.0541338278e-01 3.9879785062e-01 6.1355213117e-01 2.1744417747e+00 0.0000000000e+00 3.9870238766e-03
3.6425428962e-01 6.9509568276e-01 4.1503129017e-01 6.0102717471e-01 2.1616706506e+00 0.0000000000e+00 4.0462055365e-03
3.6833056638e-01 6.8474732903e-01 4.3150772444e-01 5.8853951440e-01 2.1487470248e+00 0.0000000000e+00 4.1073544661e-03
3.7246899855e-01 6.7436911976e-01 4.4823298080e-01 5.7609142468e-01 2.1356680185e+00 0.0000000000e+00 4.1705646323e-03
3.7667169564e-01 6.6396202772e-01 4.6521288056e-01 5.6368538737e-01 2.1224308162e+00 0.0000000000e+00 4.2359350122e-03
3.8094086857e-01 6.5352738561e-01 4.8245295013e-01 5.5132429034e-01 2.1090328519e+00 0.0000000000e+00 4.3035686980e-03
3.8527883304e-01 6.4306718602e-01 4.9995791260e-01 5.3901175064e-01 2.0954721464e+00 0.0000000000e+00 4.3735710065e-03
3.8968801059e-01 6.3258457893e-01 5.1773083226e-01 5.2675264567e-01 2.0817478927e+00 0.0000000000e+00 4.4460457837e-03
3.9417092461e-01 6.2208464287e-01 5.3577161339e-01 5.1455395911e-01 2.0678615242e+00 0.0000000000e+00 4.5210889422e-03
3.9873018847e-01 6.1157578913e-01 5.5407468687e-01 5.0242617441e-01 2.0538181176e+00 0.0000000000e+00 4.5987758999e-03
4.0336847641e-01 6.0107140812e-01 5.7262468350e-01 4.9038529347e-01 2.0396299294e+00 0.0000000000e+00 4.6791445442e-03
4.0808847756e-01 5.9059409223e-01 5.9139188277e-01 4.7845626987e-01 2.0253177105e+00 0.0000000000e+00 4.7621539684e-03
4.1289278434e-01 5.8017615214e-01 6.1031920549e-01 4.6667638750e-01 2.0109254137e+00 0.0000000000e+00 4.8476656436e-03
4.1778380885e-01 5.6987608016e-01 6.2932089142e-01 4.5510615511e-01 1.9965136762e+00 0.0000000000e+00 4.9352834729e-03
4.2276335129e-01 5.5972412355e-01 6.4825796644e-01 4.4379773105e-01 1.9822163829e+00 0.0000000000e+00 5.0247968269e-03
4.2783340250e-01 5.4980536766e-01 6.6715802435e-01 4.3282450412e-01 1.9680805680e+00 0.0000000000e+00 5.1154466024e-03
4.3299424449e-01 5.4000199351e-01 6.8584634666e-01 4.2207311524e-01 1.9540349865e+00 0.0000000000e+00 5.2083141059e-03
4.3825003071e-01 5.3043740729e-01 7.0461942779e-01 4.1163286855e-01 1.9400633463e+00 0.0000000000e+00 5.3022278620e-03
4.4359870022e-01 5.2095343387e-01 7.2335396428e-01 4.0138925768e-01 1.9262242630e+00 0.0000000000e+00 5.3987550847e-03
4.4904754088e-01 5.1161259562e-01 7.4208233654e-01 3.9133309493e-01 1.9122530323e+00 0.0000000000e+00 5.4973236079e-03
4.5459334743e-01 5.0235276179e-01 7.6092034415e-01 3.8147506912e-01 1.8984421812e+00 0.0000000000e+00 5.5986553951e-03
4.6024485167e-01 4.9321423223e-01 7.7988856977e-01 3.7178171389e-01 1.8844839098e+00 0.0000000000e+00 5.7023901912e-03
4.6599812782e-01 4.8408028318e-01 7.9899666621e-01 3.6220415567e-01 1.8705789528e+00 0.0000000000e+00 5.8099866856e-03
4.7186482504e-01 4.7503230838e-01 8.1831569503e-01 3.5273223723e-01 1.8563591940e+00 0.0000000000e+00 5.9206499230e-03
4.7783942766e-01 4.6606507354e-01 8.3786288019e-01 3.4343491627e-01 1.8422047465e+00 0.0000000000e+00 6.0345650418e-03
4.8393395513e-01 4.5728669747e-01 8.5709513583e-01 3.3436100430e-01 1.8279615729e+00 0.0000000000e+00 6.1504085195e-03
4.9014024470e-01 4.4912179445e-01 8.7615971282e-01 3.2600745793e-01 1.8146940427e+00 0.0000000000e+00 6.2622211497e-03
4.9645839742e-01 4.4124119577e-01 8.9293188413e-01 3.1795339846e-01 1.8014716300e+00 0.0000000000e+00 6.3740648583e-03
5.0288837442e-01 4.3509006709e-01 9.0939647130e-01 3.1174981744e-01 1.7912947285e+00 0.0000000000e+00 6.4641788281e-03
5.0938675508e-01 4.2915166173e-01 9.2027669046e-01 3.0575397872e-01 1.7811534125e+00 0.0000000000e+00 6.5536271924e-03
5.1599562880e-01 4.2611820605e-01 9.3095618101e-01 3.0277479369e-01 1.7763544798e+00 0.0000000000e+00 6.6002812367e-03
5.2258731755e-01 4.2304920361e-01 9.3420634685e-01 2.9975691346e-01 1.7714069126e+00 0.0000000000e+00 6.6481628519e-03
5.2929195451e-01 4.2254585303e-01 9.3768480575e-01 2.9933999592e-01 1.7710503711e+00 0.0000000000e+00 6.6560823632e-03
5.3589948228e-01 4.2196118995e-01 9.3752339628e-01 2.9885692887e-01 1.7706422770e+00 0.0000000000e+00 6.6653049308e-03
5.4262256437e-01 4.2233403090e-01 9.3661509444e-01 2.9919082152e-01 1.7710556079e+00 0.0000000000e+00 6.6594207292e-03
5.4921832374e-01 4.2341306486e-01 9.3395113953e-01 3.0033826875e-01 1.7733172029e+00 0.0000000000e+00 6.6424497338e-03
5.5590746384e-01 4.2486361768e-01 9.3076266247e-01 3.0183387549e-01 1.7760633232e+00 0.0000000000e+00 6.6197713406e-03
5.6245786642e-01 4.2552147311e-01 9.2834583572e-01 3.0245863117e-01 1.7769880622e+00 0.0000000000e+00 6.6095371861e-03
5.6912653821e-01 4.2608235223e-01 9.2822633055e-01 3.0300088150e-01 1.7778305057e+00 0.0000000000e+00 6.6008366346e-03
5.7565953969e-01 4.2610199259e-01 9.2792044387e-01 3.0297982257e-01 1.7776250043e+00 0.0000000000e+00 6.6005323816e-03
5.8232760297e-01 4.2601117210e-01 9.2786404170e-01 3.0294767859e-01 1.7778153393e+00 0.0000000000e+00 6.6019395364e-03
5.8886341876e-01 4.2612008151e-01 9.2799797802e-01 3.0293710428e-01 1.7772989201e+00 0.0000000000e+00 6.6002521872e-03
5.9552810735e-01 4.2590479718e-01 9.2809038755e-01 3.0294724842e-01 1.7782568453e+00 0.0000000000e+00 6.6035884513e-03
6.0207059567e-01 4.2623796484e-01 9.2797828681e-01 3.0297667272e-01 1.7770394575e+00 0.0000000000e+00 6.5984267757e-03
6.0872496090e-01 4.2583740868e-01 9.2773719455e-01 3.0304131092e-01 1.7790904741e+00 0.0000000000e+00 6.6046334649e-03
6.1527986260e-01 4.2652265068e-01 9.2760272803e-01 3.0310469224e-01 1.7766037264e+00 0.0000000000e+00 6.5940226047e-03
6.2191300611e-01 4.2566706539e-01 9.2762512735e-01 3.0315022614e-01 1.7804421037e+00 0.0000000000e+00 6.6072765048e-03
6.2849441560e-01 4.2689621203e-01 9.2764122509e-01 3.0312976156e-01 1.7751958967e+00 0.0000000000e+00 6.5882524153e-03
6.3508951094e-01 4.2504586215e-01 9.2765037436e-01 3.0310061306e-01 1.7827524042e+00 0.0000000000e+00 6.6169330193e-03
6.4172828164e-01 4.2766730025e-01 9.2769552335e-01 3.0310070717e-01 1.7718253593e+00 0.0000000000e+00 6.5763737335e-03
6.4824225840e-01 4.2388744878e-01 9.2769085974e-01 3.0311520216e-01 1.7877104113e+00 0.0000000000e+00 6.6350159885e-03
6.5499831362e-01 4.2946196234e-01 9.2760052111e-01 3.0315352578e-01 1.7647286160e+00 0.0000000000e+00 6.5488919779e-03
6.6134004236e-01 4.2332637357e-01 9.2751929923e-01 3.0317921396e-01 1.7904578647e+00 0.0000000000e+00 6.6438100142e-03
6.6828593365e-01 4.2936830126e-01 9.2752396205e-01 3.0319429589e-01 1.7653509528e+00 0.0000000000e+00 6.5503205332e-03
6.7444068343e-01 4.3550513020e-01 9.2754906377e-01 3.0318692148e-01 1.7404325487e+00 0.0000000000e+00 6.4580180691e-03
6.8120196979e-01 3.5939038995e-01 9.2761825820e-01 3.0316241718e-01 2.1088656351e+00 0.0000000000e+00 7.8257518248e-03
6.9009218708e-01 2.7291637676e-01 9.2771470938e-01 3.0313522846e-01 2.7768142027e+00 0.0000000000e+00 1.0305354458e-02
7.0181267870e-01 2.5442287473e-01 9.2784178039e-01 3.0310844307e-01 2.9783922082e+00 0.0000000000e+00 1.1054430554e-02
7.1220104818e-01 2.6668371429e-01 9.2806343731e-01 3.0303771741e-01 2.8407969926e+00 0.0000000000e+00 1.0546200796e-02
7.2290508030e-01 2.6425242290e-01 9.2862220189e-01 3.0284521374e-01 2.8651129327e+00 0.0000000000e+00 1.0643232592e-02
7.3348751337e-01 2.6507617009e-01 9.2994171576e-01 3.0241055383e-01 2.8521099589e+00 0.0000000000e+00 1.0610157824e-02
7.4412539594e-01 2.6447015400e-01 9.3215073893e-01 3.0169803411e-01 2.8519100317e+00 0.0000000000e+00 1.0634470308e-02
7.5475645398e-01 2.6406401861e-01 9.3535429964e-01 3.0064052074e-01 2.8462844193e+00 0.0000000000e+00 1.0650826322e-02
7.6542704859e-01 2.6306830077e-01 9.4003352465e-01 2.9909268316e-01 2.8423481875e+00 0.0000000000e+00 1.0691139874e-02
7.7613873373e-01 2.6209368684e-01 9.4588880237e-01 2.9729477714e-01 2.8357682012e+00 0.0000000000e+00 1.0730895635e-02
7.8688883986e-01 2.6125293210e-01 9.5246351571e-01 2.9628727975e-01 2.8352531527e+00 0.0000000000e+00 1.0765429415e-02
7.9766959256e-01 2.5919748460e-01 9.5629128040e-01 2.9330406160e-01 2.8289632330e+00 0.0000000000e+00 1.0850799746e-02
8.0859043935e-01 2.5755339730e-01 9.5368532883e-01 2.9011077764e-01 2.8160255377e+00 0.0000000000e+00 1.0920065623e-02
8.1950972381e-01 2.6253546616e-01 9.6917464434e-01 2.9618668602e-01 2.8204445132e+00 0.0000000000e+00 1.0712838312e-02
8.3001611597e-01 2.6685386982e-01 1.0018198967e+00 3.0755366730e-01 2.8812929292e+00 0.0000000000e+00 1.0539476163e-02
8.4058867613e-01 2.2522678485e-01 9.0069012134e-01 2.5858589107e-01 2.8702835149e+00 0.0000000000e+00 1.2487413528e-02
8.5499094303e-01 1.6174037797e-01 4.0820181283e-01 1.5289646522e-01 2.3633007901e+00 0.0000000000e+00 1.7388978777e-02
8.7536663369e-01 1.3269534318e-01 8.6144684264e-02 1.0925291926e-01 2.0583412470e+00 0.0000000000e+00 2.1195167311e-02
8.9738127765e-01 1.2639863073e-01 1.5072536637e-02 1.0164058975e-01 2.0103182520e+00 0.0000000000e+00 2.2251032182e-02
9.1986869805e-01 1.2532521618e-01 9.3541755757e-04 1.0007321665e-01 1.9962705771e+00 0.0000000000e+00 2.2441612995e-02
9.4226450364e-01 1.2442329374e-01 -8.9458573433e-05 9.9937796121e-02 2.0080202252e+00 0.0000000000e+00 2.2604288277e-02
9.6507727461e-01 1.2785881079e-01 6.8983741374e-04 9.9991808464e-02 1.9551215878e+00 0.0000000000e+00 2.1996919749e-02
9.8625834314e-01 1.1558761746e-01 4.2512899214e-04 9.9987694957e-02 2.1625952926e+00 0.0000000000e+00 2.4332191128e-02
