# x  rho  v  p  e  w  vol
1.4062500000e-03 1.0000000000e+00 0.0000000000e+00 1.0000000000e+00 2.5000000000e+00 0.0000000000e+00 2.8125000000e-03
4.2187500000e-03 1.0000000000e+00 -4.6915485648e-17 1.0000000000e+00 2.5000000000e+00 0.0000000000e+00 2.8125000000e-03
7.0312500000e-03 1.0000000000e+00 -3.1901735076e-16 1.0000000000e+00 2.5000000000e+00 0.0000000000e+00 2.8125000000e-03
9.8437500000e-03 1.0000000000e+00 -5.9458204285e-16 1.0000000000e+00 2.5000000000e+00 0.0000000000e+00 2.8125000000e-03
1.2656250000e-02 1.0000000000e+00 5.9960884040e-17 1.0000000000e+00 2.5000000000e+00 0.0000000000e+00 2.8125000000e-03
1.5468750000e-02 1.0000000000e+00 2.9985053086e-16 1.0000000000e+00 2.5000000000e+00 0.0000000000e+00 2.8125000000e-03
1.8281250000e-02 1.0000000000e+00 4.4200625443e-16 1.0000000000e+00 2.5000000000e+00 0.0000000000e+00 2.8125000000e-03
2.1093750000e-02 1.0000000000e+00 6.1588940514e-16 1.0000000000e+00 2.5000000000e+00 0.0000000000e+00 2.8125000000e-03
2.3906250000e-02 1.0000000000e+00 1.4489223631e-16 1.0000000000e+00 2.5000000000e+00 0.0000000000e+00 2.8125000000e-03
2.6718750000e-02 1.0000000000e+00 -4.2566827091e-16 1.0000000000e+00 2.5000000000e+00 0.0000000000e+00 2.8125000000e-03
2.9531250000e-02 1.0000000000e+00 -1.0862190651e-15 1.0000000000e+00 2.5000000000e+00 0.0000000000e+00 2.8125000000e-03
3.2343750000e-02 1.0000000000e+00 -1.6886938013e-15 1.0000000000e+00 2.5000000000e+00 0.0000000000e+00 2.8125000000e-03
3.5156250000e-02 1.0000000000e+00 -1.9860077832e-15 1.0000000000e+00 2.5000000000e+00 0.0000000000e+00 2.8125000000e-03
3.7968750000e-02 1.0000000000e+00 -1.5601753616e-15 1.0000000000e+00 2.5000000000e+00 0.0000000000e+00 2.8125000000e-03
4.0781250000e-02 1.0000000000e+00 -7.5648310135e-16 1.0000000000e+00 2.5000000000e+00 0.0000000000e+00 2.8125000000e-03
4.3593750000e-02 1.0000000000e+00 -4.5744273570e-16 1.0000000000e+00 2.5000000000e+00 0.0000000000e+00 2.8125000000e-03
4.6406250000e-02 1.0000000000e+00 -5.2314326960e-16 1.0000000000e+00 2.5000000000e+00 0.0000000000e+00 2.8125000000e-03
4.9218750000e-02 1.0000000000e+00 -6.8287780801e-16 1.0000000000e+00 2.5000000000e+00 0.0000000000e+00 2.8125000000e-03
5.2031250000e-02 1.0000000000e+00 -4.9158867793e-16 1.0000000000e+00 2.5000000000e+00 0.0000000000e+00 2.8125000000e-03
5.4843750000e-02 1.0000000000e+00 -8.2100390764e-16 1.0000000000e+00 2.5000000000e+00 0.0000000000e+00 2.8125000000e-03
5.7656250000e-02 1.0000000000e+00 -1.1713542950e-15 1.0000000000e+00 2.5000000000e+00 0.0000000000e+00 2.8125000000e-03
6.0468750000e-02 1.0000000000e+00 -9.3619639268e-16 1.0000000000e+00 2.5000000000e+00 0.0000000000e+00 2.8125000000e-03
6.3281250000e-02 1.0000000000e+00 -7.1407194392e-16 1.0000000000e+00 2.5000000000e+00 0.0000000000e+00 2.8125000000e-03
6.6093750000e-02 1.0000000000e+00 -5.8661771799e-16 1.0000000000e+00 2.5000000000e+00 0.0000000000e+00 2.8125000000e-03
6.8906250000e-02 1.0000000000e+00 -3.8281125319e-16 1.0000000000e+00 2.5000000000e+00 0.0000000000e+00 2.8125000000e-03
7.1718750000e-02 1.0000000000e+00 -5.9179056529e-16 1.0000000000e+00 2.5000000000e+00 0.0000000000e+00 2.8125000000e-03
7.4531250000e-02 1.0000000000e+00 -4.2480231674e-16 1.0000000000e+00 2.5000000000e+00 0.0000000000e+00 2.8125000000e-03
7.7343750000e-02 1.0000000000e+00 -3.8315230531e-16 1.0000000000e+00 2.5000000000e+00 0.0000000000e+00 2.8125000000e-03
8.0156250000e-02 1.0000000000e+00 -6.6040029102e-17 1.0000000000e+00 2.5000000000e+00 0.0000000000e+00 2.8125000000e-03
8.2968750000e-02 1.0000000000e+00 3.7303817695e-16 1.0000000000e+00 2.5000000000e+00 0.0000000000e+00 2.8125000000e-03
8.5781250000e-02 1.0000000000e+00 6.8988443476e-16 1.0000000000e+00 2.5000000000e+00 0.0000000000e+00 2.8125000000e-03
8.8593750000e-02 1.0000000000e+00 3.3733643414e-16 1.0000000000e+00 2.5000000000e+00 0.0000000000e+00 2.8125000000e-03
9.1406250000e-02 1.0000000000e+00 -3.6086398396e-16 1.0000000000e+00 2.5000000000e+00 0.0000000000e+00 2.8125000000e-03
9.4218750000e-02 1.0000000000e+00 -7.2265546772e-16 1.0000000000e+00 2.5000000000e+00 0.0000000000e+00 2.8125000000e-03
9.7031250000e-02 1.0000000000e+00 -4.3856550362e-16 1.0000000000e+00 2.5000000000e+00 0.0000000000e+00 2.8125000000e-03
9.9843750000e-02 1.0000000000e+00 1.3220418220e-16 1.0000000000e+00 2.5000000000e+00 0.0000000000e+00 2.8125000000e-03
1.0265625000e-01 1.0000000000e+00 6.9291588616e-16 1.0000000000e+00 2.5000000000e+00 0.0000000000e+00 2.8125000000e-03
1.0546875000e-01 1.0000000000e+00 9.8619239907e-16 1.0000000000e+00 2.5000000000e+00 0.0000000000e+00 2.8125000000e-03
1.0828125000e-01 1.0000000000e+00 1.0508894268e-15 1.0000000000e+00 2.5000000000e+00 0.0000000000e+00 2.8125000000e-03
1.1109375000e-01 1.0000000000e+00 7.0706338013e-16 1.0000000000e+00 2.5000000000e+00 0.0000000000e+00 2.8125000000e-03
1.1390625000e-01 1.0000000000e+00 3.6780224568e-16 1.0000000000e+00 2.5000000000e+00 0.0000000000e+00 2.8125000000e-03
1.1671875000e-01 1.0000000000e+00 6.6539397731e-16 1.0000000000e+00 2.5000000000e+00 0.0000000000e+00 2.8125000000e-03
1.1953125000e-01 1.0000000000e+00 9.6327581525e-16 1.0000000000e+00 2.5000000000e+00 0.0000000000e+00 2.8125000000e-03
1.2234375000e-01 1.0000000000e+00 6.4909701027e-16 1.0000000000e+00 2.5000000000e+00 0.0000000000e+00 2.8125000000e-03
1.2515625000e-01 1.0000000000e+00 3.0766233521e-16 1.0000000000e+00 2.5000000000e+00 0.0000000000e+00 2.8125000000e-03
1.2796875000e-01 1.0000000000e+00 5.7852206416e-16 1.0000000000e+00 2.5000000000e+00 0.0000000000e+00 2.8125000000e-03
1.3078125000e-01 1.0000000000e+00 8.0537398005e-16 1.0000000000e+00 2.5000000000e+00 0.0000000000e+00 2.8125000000e-03
1.3359375000e-01 1.0000000000e+00 2.7258640189e-16 1.0000000000e+00 2.5000000000e+00 0.0000000000e+00 2.8125000000e-03
1.3640625000e-01 1.0000000000e+00 -3.8516186294e-16 1.0000000000e+00 2.5000000000e+00 0.0000000000e+00 2.8125000000e-03
1.3921875000e-01 1.0000000000e+00 -3.4205309157e-16 1.0000000000e+00 2.5000000000e+00 0.0000000000e+00 2.8125000000e-03
1.4203125000e-01 1.0000000000e+00 3.7119793766e-15 1.0000000000e+00 2.5000000000e+00 0.0000000000e+00 2.8125000000e-03
1.4484375000e-01 1.0000000000e+00 2.1696902422e-14 1.0000000000e+00 2.5000000000e+00 0.0000000000e+00 2.8125000000e-03
1.4765625000e-01 1.0000000000e+00 6.8157122554e-14 1.0000000000e+00 2.5000000000e+00 0.0000000000e+00 2.8125000000e-03
1.5046875000e-01 1.0000000000e+00 1.8276096343e-13 1.0000000000e+00 2.5000000000e+00 0.0000000000e+00 2.8125000000e-03
1.5328125000e-01 1.0000000000e+00 4.5932217307e-13 1.0000000000e+00 2.5000000000e+00 0.0000000000e+00 2.8125000000e-03
1.5609375000e-01 1.0000000000e+00 1.1706982734e-12 1.0000000000e+00 2.5000000000e+00 0.0000000000e+00 2.8125000000e-03
1.5890625000e-01 1.0000000000e+00 2.9098637554e-12 1.0000000000e+00 2.5000000000e+00 0.0000000000e+00 2.8125000000e-03
1.6171875000e-01 9.9999999999e-01 7.1998309533e-12 9.9999999999e-01 2.5000000000e+00 0.0000000000e+00 2.8125000000e-03
1.6453125000e-01 9.9999999999e-01 1.7569208635e-11 9.9999999998e-01 2.5000000000e+00 0.0000000000e+00 2.8125000000e-03
1.6734375000e-01 9.9999999996e-01 4.2336406619e-11 9.9999999995e-01 2.5000000000e+00 0.0000000000e+00 2.8125000001e-03
1.7015625000e-01 9.9999999991e-01 1.0084431031e-10 9.9999999988e-01 2.4999999999e+00 0.0000000000e+00 2.8125000002e-03
1.7296875000e-01 9.9999999980e-01 2.3723086984e-10 9.9999999972e-01 2.4999999998e+00 0.0000000000e+00 2.8125000006e-03
1.7578125000e-01 9.9999999953e-01 5.5109496952e-10 9.9999999935e-01 2.4999999995e+00 0.0000000000e+00 2.8125000013e-03
1.7859375000e-01 9.9999999893e-01 1.2640175122e-09 9.9999999850e-01 2.4999999989e+00 0.0000000000e+00 2.8125000030e-03
1.8140625001e-01 9.9999999758e-01 2.8617420660e-09 9.9999999661e-01 2.4999999976e+00 0.0000000000e+00 2.8125000068e-03
1.8421875002e-01 9.9999999460e-01 6.3936421787e-09 9.9999999243e-01 2.4999999946e+00 0.0000000000e+00 2.8125000152e-03
1.8703125004e-01 9.9999998809e-01 1.4092410369e-08 9.9999998333e-01 2.4999999881e+00 0.0000000000e+00 2.8125000335e-03
1.8984375008e-01 9.9999997411e-01 3.0634929389e-08 9.9999996375e-01 2.4999999741e+00 0.0000000000e+00 2.8125000728e-03
1.9265625018e-01 9.9999994451e-01 6.5661519485e-08 9.9999992231e-01 2.4999999445e+00 0.0000000000e+00 2.8125001561e-03
1.9546875040e-01 9.9999988276e-01 1.3871603039e-07 9.9999983587e-01 2.4999998828e+00 0.0000000000e+00 2.8125003297e-03
1.9828125084e-01 9.9999975597e-01 2.8874523670e-07 9.9999965835e-01 2.4999997560e+00 0.0000000000e+00 2.8125006863e-03
2.0109375177e-01 9.9999949967e-01 5.9199276671e-07 9.9999929954e-01 2.4999994997e+00 0.0000000000e+00 2.8125014072e-03
2.0390625366e-01 9.9999899006e-01 1.1949828590e-06 9.9999858608e-01 2.4999989901e+00 0.0000000000e+00 2.8125028405e-03
2.0671875745e-01 9.9999799366e-01 2.3739355414e-06 9.9999719113e-01 2.4999979937e+00 0.0000000000e+00 2.8125056428e-03
2.0953126494e-01 9.9999607917e-01 4.6391984143e-06 9.9999451084e-01 2.4999960792e+00 0.0000000000e+00 2.8125110274e-03
2.1234377950e-01 9.9999246630e-01 8.9140200600e-06 9.9998945284e-01 2.4999924663e+00 0.0000000000e+00 2.8125211887e-03
2.1515630732e-01 9.9998577449e-01 1.6831935885e-05 9.9998008436e-01 2.4999857745e+00 0.0000000000e+00 2.8125400098e-03
2.1796885952e-01 9.9997361780e-01 3.1216126005e-05 9.9996306518e-01 2.4999736177e+00 0.0000000000e+00 2.8125742019e-03
2.2078145572e-01 9.9995197455e-01 5.6825442852e-05 9.9993276520e-01 2.4999519743e+00 0.0000000000e+00 2.8126350781e-03
2.2359412968e-01 9.9991424473e-01 1.0147011169e-04 9.9987994523e-01 2.4999142439e+00 0.0000000000e+00 2.8127412074e-03
2.2640693814e-01 9.9984990465e-01 1.7760482093e-04 9.9978987438e-01 2.4998499018e+00 0.0000000000e+00 2.8129222065e-03
2.2921997409e-01 9.9974269090e-01 3.0448073100e-04 9.9963979004e-01 2.4997426817e+00 0.0000000000e+00 2.8132238681e-03
2.3203338588e-01 9.9956831506e-01 5.1085744222e-04 9.9939570429e-01 2.4995682867e+00 0.0000000000e+00 2.8137146382e-03
2.3484740337e-01 9.9929184743e-01 8.3811717789e-04 9.9900875396e-01 2.4992917648e+00 0.0000000000e+00 2.8144930905e-03
2.3766237206e-01 9.9886512191e-01 1.3433752324e-03 9.9841159463e-01 2.4988648936e+00 0.0000000000e+00 2.8156954711e-03
2.4047879431e-01 9.9822478556e-01 2.1018671623e-03 9.9751572181e-01 2.4982241882e+00 0.0000000000e+00 2.8175016696e-03
2.4329737540e-01 9.9729187113e-01 3.2075986810e-03 9.9621096336e-01 2.4972903926e+00 0.0000000000e+00 2.8201372952e-03
2.4611906890e-01 9.9597387404e-01 4.7711237569e-03 9.9436853027e-01 2.4959704170e+00 0.0000000000e+00 2.8238692533e-03
2.4894511390e-01 9.9417009576e-01 6.9135626667e-03 9.9184869529e-01 2.4941624666e+00 0.0000000000e+00 2.8289927569e-03
2.5177705442e-01 9.9178035293e-01 9.7567183269e-03 9.8851321829e-01 2.4917644703e+00 0.0000000000e+00 2.8358093520e-03
2.5461673261e-01 9.8871610302e-01 1.3410330852e-02 9.8424113738e-01 2.4886849076e+00 0.0000000000e+00 2.8445981525e-03
2.5746625072e-01 9.8491192686e-01 1.7958768500e-02 9.7894496324e-01 2.4848540680e+00 0.0000000000e+00 2.8555852795e-03
2.6032790317e-01 9.8033465782e-01 2.3450209805e-02 9.7258340560e-01 2.4802331475e+00 0.0000000000e+00 2.8689182592e-03
2.6320408724e-01 9.7498771887e-01 2.9891115892e-02 9.6516718205e-01 2.4748188192e+00 0.0000000000e+00 2.8846517198e-03
2.6609720660e-01 9.6890948200e-01 3.7247439949e-02 9.5675628702e-01 2.4686420785e+00 0.0000000000e+00 2.9027479370e-03
2.6900958311e-01 9.6216622786e-01 4.5452068430e-02 9.4744963466e-01 2.4617618225e+00 0.0000000000e+00 2.9230915808e-03
2.7194338977e-01 9.5484178117e-01 5.4416277297e-02 9.3737011010e-01 2.4542550624e+00 0.0000000000e+00 2.9455141736e-03
2.7490061146e-01 9.4702651172e-01 6.4042213170e-02 9.2664889314e-01 2.4462063144e+00 0.0000000000e+00 2.9698218215e-03
2.7788303341e-01 9.3880800736e-01 7.4233743709e-02 9.1541231543e-01 2.4376984119e+00 0.0000000000e+00 2.9958202081e-03
2.8089225188e-01 9.3026471245e-01 8.4904098380e-02 9.0377303067e-01 2.4288060661e+00 0.0000000000e+00 3.0233329958e-03
2.8392969940e-01 9.2146272885e-01 9.5979947947e-02 8.9182570732e-01 2.4195924572e+00 0.0000000000e+00 3.0522124357e-03
2.8699667675e-01 9.1245520240e-01 1.0740248128e-01 8.7964636843e-01 2.4101083706e+00 0.0000000000e+00 3.0823431031e-03
2.9009438561e-01 9.0328339480e-01 1.1912645606e-01 8.6729407097e-01 2.4003930438e+00 0.0000000000e+00 3.1136407646e-03
2.9322395828e-01 8.9397857950e-01 1.3111820075e-01 8.5481369686e-01 2.3904758919e+00 0.0000000000e+00 3.1460485346e-03
2.9638648268e-01 8.8456412704e-01 1.4335331365e-01 8.4223896484e-01 2.3803784799e+00 0.0000000000e+00 3.1795320588e-03
2.9958302240e-01 8.7505740710e-01 1.5581451449e-01 8.2959515011e-01 2.3701163586e+00 0.0000000000e+00 3.2140748449e-03
3.0281463237e-01 8.6547134692e-01 1.6848985934e-01 8.1690129797e-01 2.3597005865e+00 0.0000000000e+00 3.2496743075e-03
3.0608237101e-01 8.5581561935e-01 1.8137136856e-01 8.0417190500e-01 2.3491388998e+00 0.0000000000e+00 3.2863387118e-03
3.0938730979e-01 8.4609749952e-01 1.9445403631e-01 7.9141812970e-01 2.3384365577e+00 0.0000000000e+00 3.3240849921e-03
3.1273054099e-01 8.3632244402e-01 2.0773516847e-01 7.7864861454e-01 2.3275969099e+00 0.0000000000e+00 3.3629373696e-03
3.1611318453e-01 8.2649448704e-01 2.2121406147e-01 7.6587001883e-01 2.3166216800e+00 0.0000000000e+00 3.4029265096e-03
3.1953639401e-01 8.1661741424e-01 2.3489076777e-01 7.5308827930e-01 2.3055113269e+00 0.0000000000e+00 3.4440852607e-03
3.2300135505e-01 8.0669482392e-01 2.4876372539e-01 7.4030962802e-01 2.2942679377e+00 0.0000000000e+00 3.4864485511e-03
3.2650929112e-01 7.9672922124e-01 2.6283500096e-01 7.2753881044e-01 2.2828923273e+00 0.0000000000e+00 3.5300575466e-03
3.3006147014e-01 7.8672244945e-01 2.7710673804e-01 7.1477943053e-01 2.2713837358e+00 0.0000000000e+00 3.5749583630e-03
3.3365920784e-01 7.7667612617e-01 2.9158168168e-01 7.0203481223e-01 2.2597411861e+00 0.0000000000e+00 3.6212005304e-03
3.3730387120e-01 7.6659166235e-01 3.0626297464e-01 6.8930801074e-01 2.2479634354e+00 0.0000000000e+00 3.6688371895e-03
3.4099688222e-01 7.5647030322e-01 3.2115411934e-01 6.7660185910e-01 2.2360489771e+00 0.0000000000e+00 3.7179251955e-03
3.4473972159e-01 7.4631316602e-01 3.3625896787e-01 6.6391902122e-01 2.2239960765e+00 0.0000000000e+00 3.7685252359e-03
3.4853393269e-01 7.3612125857e-01 3.5158169641e-01 6.5126202402e-01 2.2118027989e+00 0.0000000000e+00 3.8207020477e-03
3.5238112569e-01 7.2589549814e-01 3.6712679737e-01 6.3863328448e-01 2.1994670242e+00 0.0000000000e+00 3.8745246488e-03
3.5628298199e-01 7.1563672978e-01 3.8289907283e-01 6.2603513179e-01 2.1869864477e+00 0.0000000000e+00 3.9300665868e-03
3.6024125886e-01 7.0534574472e-01 3.9890362305e-01 6.1346983114e-01 2.1743585884e+00 0.0000000000e+00 3.9874062062e-03
3.6425779440e-01 6.9502330716e-01 4.1514582409e-01 6.0093961648e-01 2.1615808070e+00 0.0000000000e+00 4.0466268843e-03
3.6833451263e-01 6.8467019174e-01 4.3163128109e-01 5.8844673972e-01 2.1486503532e+00 0.0000000000e+00 4.1078172147e-03
3.7247342883e-01 6.7428725118e-01 4.4836573737e-01 5.7599354786e-01 2.1355644306e+00 0.0000000000e+00 4.1710710014e-03
3.7667665464e-01 6.6387553210e-01 4.6535490685e-01 5.6358260722e-01 2.1223202994e+00 0.0000000000e+00 4.2364869076e-03
3.8094640265e-01 6.5343645722e-01 4.8260417787e-01 5.5121690631e-01 2.1089154891e+00 0.0000000000e+00 4.3041675574e-03
3.8528498975e-01 6.4297212663e-01 5.0011809162e-01 5.3890018564e-01 2.0953481625e+00 0.0000000000e+00 4.3742176115e-03
3.8969483787e-01 6.3248583358e-01 5.1789946360e-01 5.2663748029e-01 2.0816176914e+00 0.0000000000e+00 4.4467399121e-03
3.9417846957e-01 6.2198285027e-01 5.3594784706e-01 5.1443598498e-01 2.0677257611e+00 0.0000000000e+00 4.5218288555e-03
3.9873849558e-01 6.1147184881e-01 5.5425716760e-01 5.0230647019e-01 2.0536778233e+00 0.0000000000e+00 4.5995576174e-03
4.0337758481e-01 6.0096655817e-01 5.7281136986e-01 4.9026531240e-01 2.0394866642e+00 0.0000000000e+00 4.6799609092e-03
4.0809841740e-01 5.9048987400e-01 5.9157990311e-01 4.7833784807e-01 2.0251737969e+00 0.0000000000e+00 4.7629944625e-03
4.1290357373e-01 5.8007413993e-01 6.1050536381e-01 4.6656145818e-01 2.0107837346e+00 0.0000000000e+00 4.8485181572e-03
4.1779545371e-01 5.6977652511e-01 6.2950343758e-01 4.5499535329e-01 1.9963763565e+00 0.0000000000e+00 4.9361457976e-03
4.2277586533e-01 5.5962592824e-01 6.4844101061e-01 4.4368950534e-01 1.9820807210e+00 0.0000000000e+00 5.0256785078e-03
4.2784681073e-01 5.4970239244e-01 6.6734665429e-01 4.3271202337e-01 1.9679376937e+00 0.0000000000e+00 5.1164048741e-03
4.3300867508e-01 5.3989279429e-01 6.8606212669e-01 4.2195478343e-01 1.9538822702e+00 0.0000000000e+00 5.2093675443e-03
4.3826554582e-01 5.3030856650e-01 7.0486037062e-01 4.1149340943e-01 1.9398772499e+00 0.0000000000e+00 5.3035160615e-03
4.4361570720e-01 5.2080911447e-01 7.2364443587e-01 4.0123322596e-01 1.9260090445e+00 0.0000000000e+00 5.4002511129e-03
4.4906604804e-01 5.1144629677e-01 7.4242280846e-01 3.9115635973e-01 1.9120109100e+00 0.0000000000e+00 5.4991110851e-03
4.5461392937e-01 5.0216253855e-01 7.6130845232e-01 3.8127242871e-01 1.8981524877e+00 0.0000000000e+00 5.6007762111e-03
4.6026760047e-01 4.9299922763e-01 7.8033439786e-01 3.7155458039e-01 1.8841539680e+00 0.0000000000e+00 5.7048770918e-03
4.6602368355e-01 4.8385190621e-01 7.9950131070e-01 3.6195927914e-01 1.8701966164e+00 0.0000000000e+00 5.8127289856e-03
4.7189305844e-01 4.7480590444e-01 8.1882164806e-01 3.5248808935e-01 1.8559588563e+00 0.0000000000e+00 5.9234730943e-03
4.7787062974e-01 4.6591444420e-01 8.3828860462e-01 3.4326649331e-01 1.8418966056e+00 0.0000000000e+00 6.0365160063e-03
4.8396609045e-01 4.5721931240e-01 8.5717761750e-01 3.3428115144e-01 1.8277943559e+00 0.0000000000e+00 6.1513149680e-03
4.9017325968e-01 4.4931250286e-01 8.7596335758e-01 3.2618868698e-01 1.8149321736e+00 0.0000000000e+00 6.2595631817e-03
4.9648521681e-01 4.4160378795e-01 8.9194235822e-01 3.1831306936e-01 1.8020286400e+00 0.0000000000e+00 6.3688312391e-03
5.0291092216e-01 4.3586701073e-01 9.0782963411e-01 3.1252120509e-01 1.7925261455e+00 0.0000000000e+00 6.4526562707e-03
5.0939052935e-01 4.3019616361e-01 9.1768679893e-01 3.0681013331e-01 1.7829664655e+00 0.0000000000e+00 6.5377152052e-03
5.1598635257e-01 4.2749005407e-01 9.2756160932e-01 3.0415061410e-01 1.7786999440e+00 0.0000000000e+00 6.5791004333e-03
5.2254873022e-01 4.2465819938e-01 9.3056865127e-01 3.0138443966e-01 1.7742765835e+00 0.0000000000e+00 6.6229734975e-03
5.2923229956e-01 4.2414291069e-01 9.3374201480e-01 3.0091780167e-01 1.7736816653e+00 0.0000000000e+00 6.6310197085e-03
5.3581076964e-01 4.2355492350e-01 9.3374784082e-01 3.0043566981e-01 1.7732981789e+00 0.0000000000e+00 6.6402250192e-03
5.4251274960e-01 4.2372650208e-01 9.3339356373e-01 3.0057043390e-01 1.7733752339e+00 0.0000000000e+00 6.6375362084e-03
5.4908584206e-01 4.2422394318e-01 9.3217814808e-01 3.0112083175e-01 1.7745393476e+00 0.0000000000e+00 6.6297530944e-03
5.5577225579e-01 4.2494526178e-01 9.3051481351e-01 3.0186157994e-01 1.7758850791e+00 0.0000000000e+00 6.6184994938e-03
5.6232284104e-01 4.2537971820e-01 9.2929833014e-01 3.0228281327e-01 1.7765469317e+00 0.0000000000e+00 6.6117397696e-03
5.6899573533e-01 4.2565545414e-01 9.2892650616e-01 3.0256454821e-01 1.7770508122e+00 0.0000000000e+00 6.6074567415e-03
5.7553775453e-01 4.2575399469e-01 9.2869865173e-01 3.0262396357e-01 1.7769883979e+00 0.0000000000e+00 6.6059274489e-03
5.8220759023e-01 4.2574373007e-01 9.2862824983e-01 3.0268068229e-01 1.7773642975e+00 0.0000000000e+00 6.6060867169e-03
5.8874992796e-01 4.2587750846e-01 9.2856069724e-01 3.0271410035e-01 1.7770021564e+00 0.0000000000e+00 6.6040115859e-03
5.9541561340e-01 4.2574071121e-01 9.2845238049e-01 3.0275845861e-01 1.7778336123e+00 0.0000000000e+00 6.6061335595e-03
6.0196219508e-01 4.2605774925e-01 9.2827013570e-01 3.0282674371e-01 1.7769113709e+00 0.0000000000e+00 6.6012178044e-03
6.0861804901e-01 4.2573586099e-01 9.2807853932e-01 3.0290563910e-01 1.7787181375e+00 0.0000000000e+00 6.6062088203e-03
6.1517461272e-01 4.2634735027e-01 9.2797762185e-01 3.0296867073e-01 1.7765366112e+00 0.0000000000e+00 6.5967338561e-03
6.2181151672e-01 4.2554711750e-01 9.2791670095e-01 3.0299516557e-01 1.7800330040e+00 0.0000000000e+00 6.6091388811e-03
6.2839289048e-01 4.2672811273e-01 9.2788108920e-01 3.0300300620e-01 1.7751525923e+00 0.0000000000e+00 6.5908476993e-03
6.3499321212e-01 4.2498801522e-01 9.2787182102e-01 3.0301692059e-01 1.7825027397e+00 0.0000000000e+00 6.6178336784e-03
6.4162855784e-01 4.2759565036e-01 9.2786276732e-01 3.0303027374e-01 1.7717104553e+00 0.0000000000e+00 6.5774757008e-03
6.4814816352e-01 4.2383507133e-01 9.2783382836e-01 3.0304659487e-01 1.7875266547e+00 0.0000000000e+00 6.6358359425e-03
6.5490022972e-01 4.2941103388e-01 9.2777562317e-01 3.0306925161e-01 1.7644472760e+00 0.0000000000e+00 6.5496686812e-03
6.6124750088e-01 4.2308240963e-01 9.2772250507e-01 3.0309161301e-01 1.7909726693e+00 0.0000000000e+00 6.6476410648e-03
6.6819551185e-01 4.2932940641e-01 9.2770500256e-01 3.0310820828e-01 1.7650095926e+00 0.0000000000e+00 6.5509139557e-03
6.7434932879e-01 4.3511108064e-01 9.2770676144e-01 3.0311553937e-01 1.7415985990e+00 0.0000000000e+00 6.4638666426e-03
6.8112324514e-01 3.5851293063e-01 9.2771572456e-01 3.0311463668e-01 2.1136938921e+00 0.0000000000e+00 7.8449053290e-03
6.9003913945e-01 2.7496916793e-01 9.2775650689e-01 3.0310503432e-01 2.7558092840e+00 0.0000000000e+00 1.0228419503e-02
7.0158008414e-01 2.5415956334e-01 9.2787682062e-01 3.0307147860e-01 2.9811142518e+00 0.0000000000e+00 1.1065883034e-02
7.1217090552e-01 2.6367522110e-01 9.2814613500e-01 3.0298476599e-01 2.8727079921e+00 0.0000000000e+00 1.0666531304e-02
7.2291314675e-01 2.6321193541e-01 9.2873927408e-01 3.0278875899e-01 2.8759026307e+00 0.0000000000e+00 1.0685305724e-02
7.3354151697e-01 2.6427700845e-01 9.2998997203e-01 3.0237640773e-01 2.8604115952e+00 0.0000000000e+00 1.0642242458e-02
7.4419763167e-01 2.6398643524e-01 9.3215145718e-01 3.0166453154e-01 2.8568184883e+00 0.0000000000e+00 1.0653956509e-02
7.5484942999e-01 2.6361310099e-01 9.3543151818e-01 3.0057542405e-01 2.8505357181e+00 0.0000000000e+00 1.0669044860e-02
7.6553572139e-01 2.6274979275e-01 9.4012672563e-01 2.9902524265e-01 2.8451520315e+00 0.0000000000e+00 1.0704099785e-02
7.7625762955e-01 2.6181278861e-01 9.4618067111e-01 2.9717014693e-01 2.8376206192e+00 0.0000000000e+00 1.0742408784e-02
7.8702053895e-01 2.6098620981e-01 9.5230677337e-01 2.9600747442e-01 2.8354704510e+00 0.0000000000e+00 1.0776431452e-02
7.9781049246e-01 2.5930437875e-01 9.5478840491e-01 2.9341628091e-01 2.8288789638e+00 0.0000000000e+00 1.0846326674e-02
8.0871319230e-01 2.5829607629e-01 9.5660379756e-01 2.9143749090e-01 2.8207696288e+00 0.0000000000e+00 1.0888667147e-02
8.1958782675e-01 2.6162507033e-01 9.6953904343e-01 2.9610556836e-01 2.8294838868e+00 0.0000000000e+00 1.0750116556e-02
8.3021342541e-01 2.6164027539e-01 9.7899837994e-01 2.9947266201e-01 2.8614923827e+00 0.0000000000e+00 1.0749491820e-02
8.4108681039e-01 2.2300162835e-01 8.8022679610e-01 2.5252904589e-01 2.8310224432e+00 0.0000000000e+00 1.2612015530e-02
8.5543745648e-01 1.6364361510e-01 4.3364758255e-01 1.5545826822e-01 2.3749516308e+00 0.0000000000e+00 1.7186738378e-02
8.7546028715e-01 1.3412680718e-01 1.0370006013e-01 1.1092292161e-01 2.0675009706e+00 0.0000000000e+00 2.0968962575e-02
8.9737538162e-01 1.2659069068e-01 2.0512615374e-02 1.0189550424e-01 2.0123024783e+00 0.0000000000e+00 2.2217273520e-02
9.1989483419e-01 1.2539741016e-01 2.5947553983e-03 1.0015739735e-01 1.9967995597e+00 0.0000000000e+00 2.2428692877e-02
9.4223276738e-01 1.2456783430e-01 4.1387318835e-04 1.0003323786e-01 2.0076057039e+00 0.0000000000e+00 2.2578059704e-02
9.6505095360e-01 1.2767154342e-01 7.2082990304e-04 9.9972729033e-02 1.9576157371e+00 0.0000000000e+00 2.2029184614e-02
9.8629113661e-01 1.1560299288e-01 2.9801943777e-04 9.9924221628e-02 2.1609350056e+00 0.0000000000e+00 2.4328954899e-02
