# x  rho  v  p  e  w  vol
1.4062500000e-03 1.0000000000e+00 -1.1942389912e-16 1.0000000000e+00 2.5000000000e+00 0.0000000000e+00 2.8125000000e-03
4.2187500000e-03 1.0000000000e+00 -3.7132692327e-16 1.0000000000e+00 2.5000000000e+00 0.0000000000e+00 2.8125000000e-03
7.0312500000e-03 1.0000000000e+00 -5.1324057047e-16 1.0000000000e+00 2.5000000000e+00 0.0000000000e+00 2.8125000000e-03
9.8437500000e-03 1.0000000000e+00 -3.0936773742e-16 1.0000000000e+00 2.5000000000e+00 0.0000000000e+00 2.8125000000e-03
1.2656250000e-02 1.0000000000e+00 -5.8503588510e-16 1.0000000000e+00 2.5000000000e+00 0.0000000000e+00 2.8125000000e-03
1.5468750000e-02 1.0000000000e+00 -9.3939647096e-16 1.0000000000e+00 2.5000000000e+00 0.0000000000e+00 2.8125000000e-03
1.8281250000e-02 1.0000000000e+00 -1.1457619212e-15 1.0000000000e+00 2.5000000000e+00 0.0000000000e+00 2.8125000000e-03
2.1093750000e-02 1.0000000000e+00 -3.9811359504e-16 1.0000000000e+00 2.5000000000e+00 0.0000000000e+00 2.8125000000e-03
2.3906250000e-02 1.0000000000e+00 5.6948309936e-16 1.0000000000e+00 2.5000000000e+00 0.0000000000e+00 2.8125000000e-03
2.6718750000e-02 1.0000000000e+00 3.5188073823e-16 1.0000000000e+00 2.5000000000e+00 0.0000000000e+00 2.8125000000e-03
2.9531250000e-02 1.0000000000e+00 1.0671514463e-17 1.0000000000e+00 2.5000000000e+00 0.0000000000e+00 2.8125000000e-03
3.2343750000e-02 1.0000000000e+00 -3.3168732000e-16 1.0000000000e+00 2.5000000000e+00 0.0000000000e+00 2.8125000000e-03
3.5156250000e-02 1.0000000000e+00 -6.7912156970e-16 1.0000000000e+00 2.5000000000e+00 0.0000000000e+00 2.8125000000e-03
3.7968750000e-02 1.0000000000e+00 -1.0262223087e-15 1.0000000000e+00 2.5000000000e+00 0.0000000000e+00 2.8125000000e-03
4.0781250000e-02 1.0000000000e+00 -6.8387300049e-16 1.0000000000e+00 2.5000000000e+00 0.0000000000e+00 2.8125000000e-03
4.3593750000e-02 1.0000000000e+00 -1.0365716869e-15 1.0000000000e+00 2.5000000000e+00 0.0000000000e+00 2.8125000000e-03
4.6406250000e-02 1.0000000000e+00 -1.3890579611e-15 1.0000000000e+00 2.5000000000e+00 0.0000000000e+00 2.8125000000e-03
4.9218750000e-02 1.0000000000e+00 -1.0565765380e-15 1.0000000000e+00 2.5000000000e+00 0.0000000000e+00 2.8125000000e-03
5.2031250000e-02 1.0000000000e+00 -3.4094269344e-16 1.0000000000e+00 2.5000000000e+00 0.0000000000e+00 2.8125000000e-03
5.4843750000e-02 1.0000000000e+00 -7.0112709649e-16 1.0000000000e+00 2.5000000000e+00 0.0000000000e+00 2.8125000000e-03
5.7656250000e-02 1.0000000000e+00 -1.0784497695e-15 1.0000000000e+00 2.5000000000e+00 0.0000000000e+00 2.8125000000e-03
6.0468750000e-02 1.0000000000e+00 -1.4565955588e-15 1.0000000000e+00 2.5000000000e+00 0.0000000000e+00 2.8125000000e-03
6.3281250000e-02 1.0000000000e+00 -1.0807635877e-15 1.0000000000e+00 2.5000000000e+00 0.0000000000e+00 2.8125000000e-03
6.6093750000e-02 1.0000000000e+00 -7.4477018004e-16 1.0000000000e+00 2.5000000000e+00 0.0000000000e+00 2.8125000000e-03
6.8906250000e-02 1.0000000000e+00 -4.0361525246e-16 1.0000000000e+00 2.5000000000e+00 0.0000000000e+00 2.8125000000e-03
7.1718750000e-02 1.0000000000e+00 -7.8818792783e-16 1.0000000000e+00 2.5000000000e+00 0.0000000000e+00 2.8125000000e-03
7.4531250000e-02 1.0000000000e+00 -1.1710000848e-15 1.0000000000e+00 2.5000000000e+00 0.0000000000e+00 2.8125000000e-03
7.7343750000e-02 1.0000000000e+00 -1.0552408612e-15 1.0000000000e+00 2.5000000000e+00 0.0000000000e+00 2.8125000000e-03
8.0156250000e-02 1.0000000000e+00 -7.1734396016e-16 1.0000000000e+00 2.5000000000e+00 0.0000000000e+00 2.8125000000e-03
8.2968750000e-02 1.0000000000e+00 2.6893265444e-16 1.0000000000e+00 2.5000000000e+00 0.0000000000e+00 2.8125000000e-03
8.5781250000e-02 1.0000000000e+00 1.0057524677e-15 1.0000000000e+00 2.5000000000e+00 0.0000000000e+00 2.8125000000e-03
8.8593750000e-02 1.0000000000e+00 3.4482002817e-16 1.0000000000e+00 2.5000000000e+00 0.0000000000e+00 2.8125000000e-03
9.1406250000e-02 1.0000000000e+00 -3.2605383391e-16 1.0000000000e+00 2.5000000000e+00 0.0000000000e+00 2.8125000000e-03
9.4218750000e-02 1.0000000000e+00 -9.8698627348e-16 1.0000000000e+00 2.5000000000e+00 0.0000000000e+00 2.8125000000e-03
9.7031250000e-02 1.0000000000e+00 -2.7831575157e-16 1.0000000000e+00 2.5000000000e+00 0.0000000000e+00 2.8125000000e-03
9.9843750000e-02 1.0000000000e+00 7.4080170298e-16 1.0000000000e+00 2.5000000000e+00 0.0000000000e+00 2.8125000000e-03
1.0265625000e-01 1.0000000000e+00 1.0859399575e-15 1.0000000000e+00 2.5000000000e+00 0.0000000000e+00 2.8125000000e-03
1.0546875000e-01 1.0000000000e+00 5.7759653571e-16 1.0000000000e+00 2.5000000000e+00 0.0000000000e+00 2.8125000000e-03
1.0828125000e-01 1.0000000000e+00 1.8766194259e-17 1.0000000000e+00 2.5000000000e+00 0.0000000000e+00 2.8125000000e-03
1.1109375000e-01 1.0000000000e+00 -3.6540925779e-16 1.0000000000e+00 2.5000000000e+00 0.0000000000e+00 2.8125000000e-03
1.1390625000e-01 1.0000000000e+00 1.6116960362e-16 1.0000000000e+00 2.5000000000e+00 0.0000000000e+00 2.8125000000e-03
1.1671875000e-01 1.0000000000e+00 2.3952658808e-15 1.0000000000e+00 2.5000000000e+00 0.0000000000e+00 2.8125000000e-03
1.1953125000e-01 1.0000000000e+00 1.2087082695e-14 1.0000000000e+00 2.5000000000e+00 0.0000000000e+00 2.8125000000e-03
1.2234375000e-01 1.0000000000e+00 3.2481754570e-14 1.0000000000e+00 2.5000000000e+00 0.0000000000e+00 2.8125000000e-03
1.2515625000e-01 1.0000000000e+00 7.6575121035e-14 1.0000000000e+00 2.5000000000e+00 0.0000000000e+00 2.8125000000e-03
1.2796875000e-01 1.0000000000e+00 1.7793516141e-13 1.0000000000e+00 2.5000000000e+00 0.0000000000e+00 2.8125000000e-03
1.3078125000e-01 1.0000000000e+00 4.1578071619e-13 1.0000000000e+00 2.5000000000e+00 0.0000000000e+00 2.8125000000e-03
1.3359375000e-01 1.0000000000e+00 9.5655716026e-13 1.0000000000e+00 2.5000000000e+00 0.0000000000e+00 2.8125000000e-03
1.3640625000e-01 1.0000000000e+00 2.1695765465e-12 1.0000000000e+00 2.5000000000e+00 0.0000000000e+00 2.8125000000e-03
1.3921875000e-01 1.0000000000e+00 4.9061107468e-12 9.9999999999e-01 2.5000000000e+00 0.0000000000e+00 2.8125000000e-03
1.4203125000e-01 9.9999999999e-01 1.0958815601e-11 9.9999999999e-01 2.5000000000e+00 0.0000000000e+00 2.8125000000e-03
1.4484375000e-01 9.9999999998e-01 2.4224381482e-11 9.9999999997e-01 2.5000000000e+00 0.0000000000e+00 2.8125000001e-03
1.4765625000e-01 9.9999999996e-01 5.3018746468e-11 9.9999999994e-01 2.5000000000e+00 0.0000000000e+00 2.8125000001e-03
1.5046875000e-01 9.9999999991e-01 1.1479577232e-10 9.9999999987e-01 2.4999999999e+00 0.0000000000e+00 2.8125000003e-03
1.5328125000e-01 9.9999999981e-01 2.4592094392e-10 9.9999999972e-01 2.4999999998e+00 0.0000000000e+00 2.8125000005e-03
1.5609375000e-01 9.9999999959e-01 5.2116388648e-10 9.9999999940e-01 2.4999999995e+00 0.0000000000e+00 2.8125000012e-03
1.5890625000e-01 9.9999999914e-01 1.0923846488e-09 9.9999999874e-01 2.4999999990e+00 0.0000000000e+00 2.8125000024e-03
1.6171875001e-01 9.9999999821e-01 2.2642564446e-09 9.9999999738e-01 2.4999999979e+00 0.0000000000e+00 2.8125000050e-03
1.6453125001e-01 9.9999999634e-01 4.6403304829e-09 9.9999999462e-01 2.4999999957e+00 0.0000000000e+00 2.8125000103e-03
1.6734375003e-01 9.9999999257e-01 9.4008771067e-09 9.9999998911e-01 2.4999999913e+00 0.0000000000e+00 2.8125000209e-03
1.7015625005e-01 9.9999998511e-01 1.8823612180e-08 9.9999997818e-01 2.4999999827e+00 0.0000000000e+00 2.8125000419e-03
1.7296875011e-01 9.9999997050e-01 3.7244971428e-08 9.9999995681e-01 2.4999999658e+00 0.0000000000e+00 2.8125000830e-03
1.7578125022e-01 9.9999994228e-01 7.2807151316e-08 9.9999991555e-01 2.4999999332e+00 0.0000000000e+00 2.8125001623e-03
1.7859375044e-01 9.9999988843e-01 1.4058195756e-07 9.9999983688e-01 2.4999998711e+00 0.0000000000e+00 2.8125003138e-03
1.8140625085e-01 9.9999978702e-01 2.6806341765e-07 9.9999968885e-01 2.4999997546e+00 0.0000000000e+00 2.8125005990e-03
1.8421875163e-01 9.9999959860e-01 5.0465738074e-07 9.9999941402e-01 2.4999995386e+00 0.0000000000e+00 2.8125011289e-03
1.8703125311e-01 9.9999925323e-01 9.3777923008e-07 9.9999891070e-01 2.4999991437e+00 0.0000000000e+00 2.8125021003e-03
1.8984375583e-01 9.9999862900e-01 1.7196417168e-06 9.9999800176e-01 2.4999984319e+00 0.0000000000e+00 2.8125038559e-03
1.9265626082e-01 9.9999751676e-01 3.1109386992e-06 9.9999638366e-01 2.4999971672e+00 0.0000000000e+00 2.8125069841e-03
1.9546876980e-01 9.9999556384e-01 5.5505705524e-06 9.9999354512e-01 2.4999949532e+00 0.0000000000e+00 2.8125124768e-03
1.9828128577e-01 9.9999218602e-01 9.7644199781e-06 9.9998864013e-01 2.4999911352e+00 0.0000000000e+00 2.8125219770e-03
2.0109381376e-01 9.9998643317e-01 1.6930931094e-05 9.9998029446e-01 2.4999846530e+00 0.0000000000e+00 2.8125381572e-03
2.0390636209e-01 9.9997678968e-01 2.8926528573e-05 9.9996631874e-01 2.4999738220e+00 0.0000000000e+00 2.8125652805e-03
2.0671894432e-01 9.9996088627e-01 4.8678899367e-05 9.9994329505e-01 2.4999560202e+00 0.0000000000e+00 2.8126100117e-03
2.0953158211e-01 9.9993509721e-01 8.0659281422e-05 9.9990600045e-01 2.4999272534e+00 0.0000000000e+00 2.8126825509e-03
2.1234430942e-01 9.9989399746e-01 1.3154367789e-04 9.9984663213e-01 2.4998815741e+00 0.0000000000e+00 2.8127981637e-03
2.1515717844e-01 9.9982966107e-01 2.1106392348e-04 9.9975380946e-01 2.4998103387e+00 0.0000000000e+00 2.8129791599e-03
2.1797026774e-01 9.9973079905e-01 3.3304877455e-04 9.9961135301e-01 2.4997013045e+00 0.0000000000e+00 2.8132573315e-03
2.2078369310e-01 9.9958176426e-01 5.1661909123e-04 9.9939688355e-01 2.4995376048e+00 0.0000000000e+00 2.8136767802e-03
2.2359762130e-01 9.9936149487e-01 7.8744836079e-04 9.9908034776e-01 2.4992966832e+00 0.0000000000e+00 2.8142969430e-03
2.2641228699e-01 9.9904252396e-01 1.1789336768e-03 9.9862265768e-01 2.4989493283e+00 0.0000000000e+00 2.8151954822e-03
2.2922801226e-01 9.9859024275e-01 1.7330536838e-03 9.9797471530e-01 2.4984590089e+00 0.0000000000e+00 2.8164705398e-03
2.3204522807e-01 9.9796265159e-01 2.5006386083e-03 9.9707715814e-01 2.4977817470e+00 0.0000000000e+00 2.8182417403e-03
2.3486449574e-01 9.9711084541e-01 3.5407699225e-03 9.9586117362e-01 2.4968667681e+00 0.0000000000e+00 2.8206492918e-03
2.3768652665e-01 9.9598043239e-01 4.9190898869e-03 9.9425065525e-01 2.4956581046e+00 0.0000000000e+00 2.8238506586e-03
2.4051219706e-01 9.9451396402e-01 6.7049483444e-03 9.9216579252e-01 2.4940971882e+00 0.0000000000e+00 2.8280145898e-03
2.4334255583e-01 9.9265426633e-01 8.9675339803e-03 9.8952791146e-01 2.4921262745e+00 0.0000000000e+00 2.8333127610e-03
2.4617882258e-01 9.9034834335e-01 1.1771384720e-02 9.8626506874e-01 2.4896923274e+00 0.0000000000e+00 2.8399098346e-03
2.4902237550e-01 9.8755133616e-01 1.5171875182e-02 9.8231764120e-01 2.4867508281e+00 0.0000000000e+00 2.8479532122e-03
2.5187472901e-01 9.8422993319e-01 1.9211363231e-02 9.7764304260e-01 2.4832689233e+00 0.0000000000e+00 2.8575639748e-03
2.5473750345e-01 9.8036468545e-01 2.3916597645e-02 9.7221880210e-01 2.4792274154e+00 0.0000000000e+00 2.8688303870e-03
2.5761238978e-01 9.7595088003e-01 2.9297754847e-02 9.6604354305e-01 2.4746213227e+00 0.0000000000e+00 2.8818048711e-03
2.6050111319e-01 9.7099791223e-01 3.5349151374e-02 9.5913582035e-01 2.4694590181e+00 0.0000000000e+00 2.8965046831e-03
2.6340539915e-01 9.6552738146e-01 4.2051367481e-02 9.5153117959e-01 2.4637602150e+00 0.0000000000e+00 2.9129158365e-03
2.6632694486e-01 9.5957033773e-01 4.9374302914e-02 9.4327807586e-01 2.4575532370e+00 0.0000000000e+00 2.9309993123e-03
2.6926739777e-01 9.5316417961e-01 5.7280612254e-02 9.3443337727e-01 2.4508720461e+00 0.0000000000e+00 2.9506983793e-03
2.7222834162e-01 9.4634965597e-01 6.5729025292e-02 9.2505809107e-01 2.4437534405e+00 0.0000000000e+00 2.9719459211e-03
2.7521128961e-01 9.3916829464e-01 7.4677200860e-02 9.1521375451e-01 2.4362346976e+00 0.0000000000e+00 2.9946709403e-03
2.7821768350e-01 9.3166042557e-01 8.4083931884e-02 9.0495970606e-01 2.4283517933e+00 0.0000000000e+00 3.0188037646e-03
2.8124889714e-01 9.2386382886e-01 9.3910667949e-02 8.9435125964e-01 2.4201382057e+00 0.0000000000e+00 3.0442798085e-03
2.8430624312e-01 9.1581294318e-01 1.0412242448e-01 8.8343867383e-01 2.4116242307e+00 0.0000000000e+00 3.0710419862e-03
2.8739098112e-01 9.0753852081e-01 1.1468820072e-01 8.7226674533e-01 2.4028366988e+00 0.0000000000e+00 3.0990420082e-03
2.9050432714e-01 8.9906760414e-01 1.2558104201e-01 8.6087484411e-01 2.3937989762e+00 0.0000000000e+00 3.1282408431e-03
2.9364746280e-01 8.9042371031e-01 1.3677786924e-01 8.4929722883e-01 2.3845311479e+00 0.0000000000e+00 3.1586086123e-03
2.9682154436e-01 8.8162713345e-01 1.4825917439e-01 8.3756351552e-01 2.3750503012e+00 0.0000000000e+00 3.1901241390e-03
3.0002771108e-01 8.7269529910e-01 1.6000865397e-01 8.2569920917e-01 2.3653708517e+00 0.0000000000e+00 3.2227743210e-03
3.0326709300e-01 8.6364312767e-01 1.7201282827e-01 8.1372623930e-01 2.3555048759e+00 0.0000000000e+00 3.2565534419e-03
3.0654081796e-01 8.5448338082e-01 1.8426067577e-01 8.0166346497e-01 2.3454624249e+00 0.0000000000e+00 3.2914624943e-03
3.0985001799e-01 8.4522697714e-01 1.9674329825e-01 7.8952713163e-01 2.3352518110e+00 0.0000000000e+00 3.3275085581e-03
3.1319583508e-01 8.3588327167e-01 2.0945362339e-01 7.7733127348e-01 2.3248798601e+00 0.0000000000e+00 3.3647042540e-03
3.1657942650e-01 8.2646029868e-01 2.2238614602e-01 7.6508806133e-01 2.3143521308e+00 0.0000000000e+00 3.4030672792e-03
3.2000196964e-01 8.1696497995e-01 2.3553670592e-01 7.5280810007e-01 2.3036731027e+00 0.0000000000e+00 3.4426200254e-03
3.2346466655e-01 8.0740330194e-01 2.4890229875e-01 7.4050068101e-01 2.2928463360e+00 0.0000000000e+00 3.4833892718e-03
3.2696874818e-01 7.9778046616e-01 2.6248091582e-01 7.2817399521e-01 2.2818746074e+00 0.0000000000e+00 3.5254059473e-03
3.3051547844e-01 7.8810101638e-01 2.7627140847e-01 7.1583531362e-01 2.2707600255e+00 0.0000000000e+00 3.5687049522e-03
3.3410615809e-01 7.7836894664e-01 2.9027337315e-01 7.0349113924e-01 2.2595041281e+00 0.0000000000e+00 3.6133250333e-03
3.3774212851e-01 7.6858779309e-01 3.0448705356e-01 6.9114733617e-01 2.2481079663e+00 0.0000000000e+00 3.6593087026e-03
3.4142477549e-01 7.5876071279e-01 3.1891325662e-01 6.7880923950e-01 2.2365721764e+00 0.0000000000e+00 3.7067021956e-03
3.4515553290e-01 7.4889055172e-01 3.3355327940e-01 6.6648174964e-01 2.2248970431e+00 0.0000000000e+00 3.7555554594e-03
3.4893588641e-01 7.3897990429e-01 3.4840884459e-01 6.5416941388e-01 2.2130825550e+00 0.0000000000e+00 3.8059221688e-03
3.5276737724e-01 7.2903116615e-01 3.6348204218e-01 6.4187649799e-01 2.2011284558e+00 0.0000000000e+00 3.8578597605e-03
3.5665160593e-01 7.1904658177e-01 3.7877527514e-01 6.2960704966e-01 2.1890342908e+00 0.0000000000e+00 3.9114294836e-03
3.6059023621e-01 7.0902828859e-01 3.9429120739e-01 6.1736495607e-01 2.1767994522e+00 0.0000000000e+00 3.9666964566e-03
3.6458499885e-01 6.9897835843e-01 4.1003271182e-01 6.0515399687e-01 2.1644232242e+00 0.0000000000e+00 4.0237297280e-03
3.6863769566e-01 6.8889883832e-01 4.2600281644e-01 5.9297789440e-01 2.1519048277e+00 0.0000000000e+00 4.0826023264e-03
3.7275020350e-01 6.7879179057e-01 4.4220464647e-01 5.8084036238e-01 2.1392434707e+00 0.0000000000e+00 4.1433913007e-03
3.7692447826e-01 6.6865933545e-01 4.5864135989e-01 5.6874515466e-01 2.1264383989e+00 0.0000000000e+00 4.2061777215e-03
3.8116255894e-01 6.5850369456e-01 4.7531607334e-01 5.5669611523e-01 2.1134889593e+00 0.0000000000e+00 4.2710466520e-03
3.8546657157e-01 6.4832724154e-01 4.9223177547e-01 5.4469723154e-01 2.1003946643e+00 0.0000000000e+00 4.3380870335e-03
3.8983873301e-01 6.3813255388e-01 5.0939122229e-01 5.3275269210e-01 2.0871552817e+00 0.0000000000e+00 4.4073915096e-03
3.9428135459e-01 6.2792248021e-01 5.2679681095e-01 5.2086695185e-01 2.0737709202e+00 0.0000000000e+00 4.4790560756e-03
3.9879684516e-01 6.1770020745e-01 5.4445042215e-01 5.0904480582e-01 2.0602421680e+00 0.0000000000e+00 4.5531796268e-03
4.0338771384e-01 6.0746935831e-01 5.6235322627e-01 4.9729147715e-01 2.0465702111e+00 0.0000000000e+00 4.6298631553e-03
4.0805657147e-01 5.9723408351e-01 5.8050543550e-01 4.8561271998e-01 2.0327570604e+00 0.0000000000e+00 4.7092087971e-03
4.1280613143e-01 5.8699921363e-01 5.9890599452e-01 4.7401494737e-01 2.0188057171e+00 0.0000000000e+00 4.7913181734e-03
4.1763920782e-01 5.7677039099e-01 6.1755217670e-01 4.6250538550e-01 2.0047205644e+00 0.0000000000e+00 4.8762905377e-03
4.2255871251e-01 5.6655432043e-01 6.3643907360e-01 4.5109227149e-01 1.9905075967e+00 0.0000000000e+00 4.9642194907e-03
4.2756764680e-01 5.5635896502e-01 6.5555891609e-01 4.3978509920e-01 1.9761751264e+00 0.0000000000e+00 5.0551895032e-03
4.3266909152e-01 5.4619398003e-01 6.7490020224e-01 4.2859494097e-01 1.9617340938e+00 0.0000000000e+00 5.1492694955e-03
4.3786618579e-01 5.3607101566e-01 6.9444651934e-01 4.1753486236e-01 1.9471993923e+00 0.0000000000e+00 5.2465063729e-03
4.4316210426e-01 5.2600449660e-01 7.1417499910e-01 4.0662046849e-01 1.9325902683e+00 0.0000000000e+00 5.3469124659e-03
4.4856001072e-01 5.1601211542e-01 7.3405421092e-01 3.9587064115e-01 1.9179328804e+00 0.0000000000e+00 5.4504534214e-03
4.5406301111e-01 5.0611626909e-01 7.5404132563e-01 3.8530849839e-01 1.9032607818e+00 0.0000000000e+00 5.5570234979e-03
4.5967405772e-01 4.9634491595e-01 7.7407825721e-01 3.7496276309e-01 1.8886199447e+00 0.0000000000e+00 5.6664225010e-03
4.6539585611e-01 4.8673424507e-01 7.9408631165e-01 3.6486947716e-01 1.8740692732e+00 0.0000000000e+00 5.7783072148e-03
4.7123067215e-01 4.7733024924e-01 8.1395909194e-01 3.5507460354e-01 1.8596904559e+00 0.0000000000e+00 5.8921470082e-03
4.7718015012e-01 4.6819357529e-01 8.3355240766e-01 3.4563702528e-01 1.8455882541e+00 0.0000000000e+00 6.0071307007e-03
4.8324493355e-01 4.5940239485e-01 8.5267186432e-01 3.3663338129e-01 1.8319091556e+00 0.0000000000e+00 6.1220838888e-03
4.8942431790e-01 4.5106041951e-01 8.7105525231e-01 3.2816268433e-01 1.8188399499e+00 0.0000000000e+00 6.2353065761e-03
4.9571554670e-01 4.4330115283e-01 8.8835521645e-01 3.2035409521e-01 1.8066391953e+00 0.0000000000e+00 6.3444454905e-03
5.0211320888e-01 4.3629721708e-01 9.0411745213e-01 3.1337059228e-01 1.7956256653e+00 0.0000000000e+00 6.4462936959e-03
5.0860813409e-01 4.3026063464e-01 9.1777831099e-01 3.0741508114e-01 1.7862143105e+00 0.0000000000e+00 6.5367355821e-03
5.1518668005e-01 4.2543691041e-01 9.2867864439e-01 3.0271658790e-01 1.7788571025e+00 0.0000000000e+00 6.6108509421e-03
5.2182983598e-01 4.2207411305e-01 9.3616451746e-01 2.9950771110e-01 1.7740232215e+00 0.0000000000e+00 6.6635216731e-03
5.2851372339e-01 4.2035426873e-01 9.3976957722e-01 2.9794697696e-01 1.7719992345e+00 0.0000000000e+00 6.6907849146e-03
5.3521140580e-01 4.2024058098e-01 9.3947509978e-01 2.9796856085e-01 1.7726070157e+00 0.0000000000e+00 6.6925949737e-03
5.4189891334e-01 4.2127033933e-01 9.3664471436e-01 2.9908660782e-01 1.7749090067e+00 0.0000000000e+00 6.6762355129e-03
5.4856387683e-01 4.2276268041e-01 9.3299043127e-01 3.0061989729e-01 1.7777107064e+00 0.0000000000e+00 6.6526685781e-03
5.5520425050e-01 4.2412039498e-01 9.2984596697e-01 3.0198904397e-01 1.7800903207e+00 0.0000000000e+00 6.6313717361e-03
5.6182662030e-01 4.2497916461e-01 9.2797748520e-01 3.0284147404e-01 1.7815077730e+00 0.0000000000e+00 6.6179715013e-03
5.6844019350e-01 4.2523787472e-01 9.2744570738e-01 3.0311208277e-01 1.7820148486e+00 0.0000000000e+00 6.6139451992e-03
5.7505451070e-01 4.2508148952e-01 9.2780127373e-01 3.0297356186e-01 1.7818557696e+00 0.0000000000e+00 6.6163784341e-03
5.8167295037e-01 4.2471458001e-01 9.2847255795e-01 3.0268141820e-01 1.7816754619e+00 0.0000000000e+00 6.6220943014e-03
5.8829869930e-01 4.2450009610e-01 9.2885719993e-01 3.0251837173e-01 1.7816154490e+00 0.0000000000e+00 6.6254401962e-03
5.9492383076e-01 4.2441585995e-01 9.2868369216e-01 3.0256960162e-01 1.7822708231e+00 0.0000000000e+00 6.6267551838e-03
6.0155220967e-01 4.2457736541e-01 9.2826003904e-01 3.0274647097e-01 1.7826343067e+00 0.0000000000e+00 6.6242344250e-03
6.0817229961e-01 4.2453149848e-01 9.2792011988e-01 3.0289925254e-01 1.7837266117e+00 0.0000000000e+00 6.6249501157e-03
6.1480210990e-01 4.2466218190e-01 9.2778078965e-01 3.0297009858e-01 1.7835947695e+00 0.0000000000e+00 6.6229113867e-03
6.2141812238e-01 4.2428771187e-01 9.2777626481e-01 3.0296129004e-01 1.7851170419e+00 0.0000000000e+00 6.6287566699e-03
6.2805962324e-01 4.2447405394e-01 9.2785179974e-01 3.0294778568e-01 1.7842538482e+00 0.0000000000e+00 6.6258466775e-03
6.3466981574e-01 4.2376943669e-01 9.2787012196e-01 3.0292973928e-01 1.7871141301e+00 0.0000000000e+00 6.6368637199e-03
6.4133335068e-01 4.2422535005e-01 9.2781333864e-01 3.0293369247e-01 1.7852168218e+00 0.0000000000e+00 6.6297311079e-03
6.4792927795e-01 4.2310226216e-01 9.2779639220e-01 3.0297532384e-01 1.7902015124e+00 0.0000000000e+00 6.6473291483e-03
6.5462800898e-01 4.2377214419e-01 9.2773913885e-01 3.0298735694e-01 1.7874426215e+00 0.0000000000e+00 6.6368213168e-03
6.6120292059e-01 4.2221605280e-01 9.2763859298e-01 3.0297446870e-01 1.7939539880e+00 0.0000000000e+00 6.6612815437e-03
6.6795057207e-01 4.2259125830e-01 9.2777408310e-01 3.0302671373e-01 1.7926702681e+00 0.0000000000e+00 6.6553672012e-03
6.7451365499e-01 4.2066918171e-01 9.2776761050e-01 3.0296404300e-01 1.8004886985e+00 0.0000000000e+00 6.6857761925e-03
6.8132212445e-01 3.4228377219e-01 9.2767531831e-01 3.0288703291e-01 2.2122508977e+00 0.0000000000e+00 8.2168663213e-03
6.9094738763e-01 2.7714978492e-01 9.2821096399e-01 3.0298579047e-01 2.7330509254e+00 0.0000000000e+00 1.0147942207e-02
7.0161800887e-01 2.6181816137e-01 9.2832143949e-01 3.0284532272e-01 2.8917524393e+00 0.0000000000e+00 1.0742188339e-02
7.1243176431e-01 2.6199827284e-01 9.2776352119e-01 3.0236086081e-01 2.8851417371e+00 0.0000000000e+00 1.0734803591e-02
7.2308761605e-01 2.6391768518e-01 9.2922345128e-01 3.0237500043e-01 2.8642927076e+00 0.0000000000e+00 1.0656731844e-02
7.3374522800e-01 2.6434514205e-01 9.3283698569e-01 3.0279899238e-01 2.8636708625e+00 0.0000000000e+00 1.0639499475e-02
7.4436661500e-01 2.6386814345e-01 9.3297936810e-01 3.0154719565e-01 2.8569875062e+00 0.0000000000e+00 1.0658732666e-02
7.5506269333e-01 2.6204947814e-01 9.2840463284e-01 2.9839668456e-01 2.8467590041e+00 0.0000000000e+00 1.0732705976e-02
7.6583202695e-01 2.6252874169e-01 9.3407768938e-01 2.9841035366e-01 2.8416922252e+00 0.0000000000e+00 1.0713112712e-02
7.7648891875e-01 2.6528448015e-01 9.5484266890e-01 3.0269578972e-01 2.8525584078e+00 0.0000000000e+00 1.0601826380e-02
7.8703567971e-01 2.6253779146e-01 9.5717931348e-01 2.9958168522e-01 2.8527482039e+00 0.0000000000e+00 1.0712743428e-02
7.9791440561e-01 2.5213842260e-01 9.2083191080e-01 2.8325031725e-01 2.8084803014e+00 0.0000000000e+00 1.1154587115e-02
8.0934485394e-01 2.5196960441e-01 9.1242754647e-01 2.8003635842e-01 2.7784736087e+00 0.0000000000e+00 1.1162060625e-02
8.2023852686e-01 2.7230477376e-01 1.0107038735e+00 3.1027683864e-01 2.8486173265e+00 0.0000000000e+00 1.0328500530e-02
8.3000185500e-01 2.7216410959e-01 1.0440911383e+00 3.1870021516e-01 2.9274636509e+00 0.0000000000e+00 1.0333838669e-02
8.4090620420e-01 2.1552130549e-01 8.2820970558e-01 2.3551175096e-01 2.7318847947e+00 0.0000000000e+00 1.3049753915e-02
8.5610136283e-01 1.5961903528e-01 4.1998666904e-01 1.4965677605e-01 2.3439681832e+00 0.0000000000e+00 1.7620078927e-02
8.7614636205e-01 1.3570763736e-01 1.3842292867e-01 1.1368404830e-01 2.0942824315e+00 0.0000000000e+00 2.0724699469e-02
8.9755076177e-01 1.2731203720e-01 3.4362712181e-02 1.0365159696e-01 2.0353848551e+00 0.0000000000e+00 2.2091391056e-02
9.2032914416e-01 1.2703640030e-01 3.3960400055e-03 1.0150318314e-01 1.9975216337e+00 0.0000000000e+00 2.2139323796e-02
9.4182940936e-01 1.2421618823e-01 -3.9337074065e-04 1.0048876463e-01 2.0224570981e+00 0.0000000000e+00 2.2641976380e-02
9.6561309692e-01 1.2694140609e-01 1.6947041567e-03 9.9959092578e-02 1.9686069277e+00 0.0000000000e+00 2.2155891340e-02
9.8614119204e-01 1.1659067468e-01 1.0950563552e-03 9.9847284267e-02 2.1409792109e+00 0.0000000000e+00 2.4122855519e-02
