# x  rho  v  p  e  w  vol
1.4062500000e-03 1.0000000000e+00 1.4925652125e-16 1.0000000000e+00 2.5000000000e+00 0.0000000000e+00 2.8125000000e-03
4.2187500000e-03 1.0000000000e+00 1.2770013630e-16 1.0000000000e+00 2.5000000000e+00 0.0000000000e+00 2.8125000000e-03
7.0312500000e-03 1.0000000000e+00 1.6294058825e-16 1.0000000000e+00 2.5000000000e+00 0.0000000000e+00 2.8125000000e-03
9.8437500000e-03 1.0000000000e+00 -2.8431914537e-17 1.0000000000e+00 2.5000000000e+00 0.0000000000e+00 2.8125000000e-03
1.2656250000e-02 1.0000000000e+00 -2.3918629849e-16 1.0000000000e+00 2.5000000000e+00 0.0000000000e+00 2.8125000000e-03
1.5468750000e-02 1.0000000000e+00 1.0488340780e-15 1.0000000000e+00 2.5000000000e+00 0.0000000000e+00 2.8125000000e-03
1.8281250000e-02 1.0000000000e+00 9.8429679220e-16 1.0000000000e+00 2.5000000000e+00 0.0000000000e+00 2.8125000000e-03
2.1093750000e-02 1.0000000000e+00 5.8432270117e-16 1.0000000000e+00 2.5000000000e+00 0.0000000000e+00 2.8125000000e-03
2.3906250000e-02 1.0000000000e+00 -1.8761693435e-16 1.0000000000e+00 2.5000000000e+00 0.0000000000e+00 2.8125000000e-03
2.6718750000e-02 1.0000000000e+00 -5.6228379934e-16 1.0000000000e+00 2.5000000000e+00 0.0000000000e+00 2.8125000000e-03
2.9531250000e-02 1.0000000000e+00 -8.7139271096e-16 1.0000000000e+00 2.5000000000e+00 0.0000000000e+00 2.8125000000e-03
3.2343750000e-02 1.0000000000e+00 -1.0568498008e-15 1.0000000000e+00 2.5000000000e+00 0.0000000000e+00 2.8125000000e-03
3.5156250000e-02 1.0000000000e+00 2.9893886019e-16 1.0000000000e+00 2.5000000000e+00 0.0000000000e+00 2.8125000000e-03
3.7968750000e-02 1.0000000000e+00 3.4465006248e-17 1.0000000000e+00 2.5000000000e+00 0.0000000000e+00 2.8125000000e-03
4.0781250000e-02 1.0000000000e+00 -2.4123010816e-16 1.0000000000e+00 2.5000000000e+00 0.0000000000e+00 2.8125000000e-03
4.3593750000e-02 1.0000000000e+00 -3.2060547723e-16 1.0000000000e+00 2.5000000000e+00 0.0000000000e+00 2.8125000000e-03
4.6406250000e-02 1.0000000000e+00 1.1217865792e-15 1.0000000000e+00 2.5000000000e+00 0.0000000000e+00 2.8125000000e-03
4.9218750000e-02 1.0000000000e+00 1.0611431771e-15 1.0000000000e+00 2.5000000000e+00 0.0000000000e+00 2.8125000000e-03
5.2031250000e-02 1.0000000000e+00 9.5848394098e-16 1.0000000000e+00 2.5000000000e+00 0.0000000000e+00 2.8125000000e-03
5.4843750000e-02 1.0000000000e+00 7.5061777658e-16 1.0000000000e+00 2.5000000000e+00 0.0000000000e+00 2.8125000000e-03
5.7656250000e-02 1.0000000000e+00 1.9521123168e-15 1.0000000000e+00 2.5000000000e+00 0.0000000000e+00 2.8125000000e-03
6.0468750000e-02 1.0000000000e+00 1.7543396015e-15 1.0000000000e+00 2.5000000000e+00 0.0000000000e+00 2.8125000000e-03
6.3281250000e-02 1.0000000000e+00 1.4835266577e-15 1.0000000000e+00 2.5000000000e+00 0.0000000000e+00 2.8125000000e-03
6.6093750000e-02 1.0000000000e+00 1.1862584563e-15 1.0000000000e+00 2.5000000000e+00 0.0000000000e+00 2.8125000000e-03
6.8906250000e-02 1.0000000000e+00 8.5779685663e-16 1.0000000000e+00 2.5000000000e+00 0.0000000000e+00 2.8125000000e-03
7.1718750000e-02 1.0000000000e+00 5.3423404373e-16 1.0000000000e+00 2.5000000000e+00 0.0000000000e+00 2.8125000000e-03
7.4531250000e-02 1.0000000000e+00 2.9273459399e-16 1.0000000000e+00 2.5000000000e+00 0.0000000000e+00 2.8125000000e-03
7.7343750000e-02 1.0000000000e+00 1.4754575822e-16 1.0000000000e+00 2.5000000000e+00 0.0000000000e+00 2.8125000000e-03
8.0156250000e-02 1.0000000000e+00 -2.9892719505e-16 1.0000000000e+00 2.5000000000e+00 0.0000000000e+00 2.8125000000e-03
8.2968750000e-02 1.0000000000e+00 -9.5579126167e-16 1.0000000000e+00 2.5000000000e+00 0.0000000000e+00 2.8125000000e-03
8.5781250000e-02 1.0000000000e+00 -1.4089512390e-15 1.0000000000e+00 2.5000000000e+00 0.0000000000e+00 2.8125000000e-03
8.8593750000e-02 1.0000000000e+00 -9.5044697833e-16 1.0000000000e+00 2.5000000000e+00 0.0000000000e+00 2.8125000000e-03
9.1406250000e-02 1.0000000000e+00 -1.2697398452e-15 1.0000000000e+00 2.5000000000e+00 0.0000000000e+00 2.8125000000e-03
9.4218750000e-02 1.0000000000e+00 -5.8640572594e-16 1.0000000000e+00 2.5000000000e+00 0.0000000000e+00 2.8125000000e-03
9.7031250000e-02 1.0000000000e+00 -6.7688261884e-16 1.0000000000e+00 2.5000000000e+00 0.0000000000e+00 2.8125000000e-03
9.9843750000e-02 1.0000000000e+00 -1.5017456740e-17 1.0000000000e+00 2.5000000000e+00 0.0000000000e+00 2.8125000000e-03
1.0265625000e-01 1.0000000000e+00 -2.3270565017e-16 1.0000000000e+00 2.5000000000e+00 0.0000000000e+00 2.8125000000e-03
1.0546875000e-01 1.0000000000e+00 -5.0480948956e-16 1.0000000000e+00 2.5000000000e+00 0.0000000000e+00 2.8125000000e-03
1.0828125000e-01 1.0000000000e+00 -8.8968901225e-16 1.0000000000e+00 2.5000000000e+00 0.0000000000e+00 2.8125000000e-03
1.1109375000e-01 1.0000000000e+00 -1.0730294080e-15 1.0000000000e+00 2.5000000000e+00 0.0000000000e+00 2.8125000000e-03
1.1390625000e-01 1.0000000000e+00 -6.6744466465e-17 1.0000000000e+00 2.5000000000e+00 0.0000000000e+00 2.8125000000e-03
1.1671875000e-01 1.0000000000e+00 -3.9350094487e-16 1.0000000000e+00 2.5000000000e+00 0.0000000000e+00 2.8125000000e-03
1.1953125000e-01 1.0000000000e+00 -7.7095559059e-16 1.0000000000e+00 2.5000000000e+00 0.0000000000e+00 2.8125000000e-03
1.2234375000e-01 1.0000000000e+00 -1.0877275080e-15 1.0000000000e+00 2.5000000000e+00 0.0000000000e+00 2.8125000000e-03
1.2515625000e-01 1.0000000000e+00 3.2289025355e-16 1.0000000000e+00 2.5000000000e+00 0.0000000000e+00 2.8125000000e-03
1.2796875000e-01 1.0000000000e+00 -1.1792617897e-16 1.0000000000e+00 2.5000000000e+00 0.0000000000e+00 2.8125000000e-03
1.3078125000e-01 1.0000000000e+00 -6.7773421355e-16 1.0000000000e+00 2.5000000000e+00 0.0000000000e+00 2.8125000000e-03
1.3359375000e-01 1.0000000000e+00 -1.1937220124e-15 1.0000000000e+00 2.5000000000e+00 0.0000000000e+00 2.8125000000e-03
1.3640625000e-01 1.0000000000e+00 -1.3737830141e-15 1.0000000000e+00 2.5000000000e+00 0.0000000000e+00 2.8125000000e-03
1.3921875000e-01 1.0000000000e+00 -8.6721928965e-16 1.0000000000e+00 2.5000000000e+00 0.0000000000e+00 2.8125000000e-03
1.4203125000e-01 1.0000000000e+00 -9.9475005721e-16 1.0000000000e+00 2.5000000000e+00 0.0000000000e+00 2.8125000000e-03
1.4484375000e-01 1.0000000000e+00 -1.1252544139e-15 1.0000000000e+00 2.5000000000e+00 0.0000000000e+00 2.8125000000e-03
1.4765625000e-01 1.0000000000e+00 -1.3839325253e-15 1.0000000000e+00 2.5000000000e+00 0.0000000000e+00 2.8125000000e-03
1.5046875000e-01 1.0000000000e+00 -1.5111233195e-15 1.0000000000e+00 2.5000000000e+00 0.0000000000e+00 2.8125000000e-03
1.5328125000e-01 1.0000000000e+00 -1.8319783760e-15 1.0000000000e+00 2.5000000000e+00 0.0000000000e+00 2.8125000000e-03
1.5609375000e-01 1.0000000000e+00 -2.1894502251e-15 1.0000000000e+00 2.5000000000e+00 0.0000000000e+00 2.8125000000e-03
1.5890625000e-01 1.0000000000e+00 -2.7217855615e-15 1.0000000000e+00 2.5000000000e+00 0.0000000000e+00 2.8125000000e-03
1.6171875000e-01 1.0000000000e+00 -3.1266269095e-15 1.0000000000e+00 2.5000000000e+00 0.0000000000e+00 2.8125000000e-03
1.6453125000e-01 1.0000000000e+00 -3.1923067418e-15 1.0000000000e+00 2.5000000000e+00 0.0000000000e+00 2.8125000000e-03
1.6734375000e-01 1.0000000000e+00 -2.6515996662e-15 1.0000000000e+00 2.5000000000e+00 0.0000000000e+00 2.8125000000e-03
1.7015625000e-01 1.0000000000e+00 -2.0324925481e-15 1.0000000000e+00 2.5000000000e+00 0.0000000000e+00 2.8125000000e-03
1.7296875000e-01 1.0000000000e+00 2.1357655682e-15 1.0000000000e+00 2.5000000000e+00 0.0000000000e+00 2.8125000000e-03
1.7578125000e-01 1.0000000000e+00 3.5748295947e-14 1.0000000000e+00 2.5000000000e+00 0.0000000000e+00 2.8125000000e-03
1.7859375000e-01 1.0000000000e+00 1.1129993775e-13 1.0000000000e+00 2.5000000000e+00 0.0000000000e+00 2.8125000000e-03
1.8140625000e-01 1.0000000000e+00 3.6972128496e-13 1.0000000000e+00 2.5000000000e+00 0.0000000000e+00 2.8125000000e-03
1.8421875000e-01 1.0000000000e+00 1.1306002569e-12 1.0000000000e+00 2.5000000000e+00 0.0000000000e+00 2.8125000000e-03
1.8703125000e-01 1.0000000000e+00 3.5909576505e-12 1.0000000000e+00 2.5000000000e+00 0.0000000000e+00 2.8125000000e-03
1.8984375000e-01 9.9999999999e-01 1.1015601693e-11 9.9999999999e-01 2.5000000000e+00 0.0000000000e+00 2.8125000000e-03
1.9265625000e-01 9.9999999997e-01 3.3408068208e-11 9.9999999996e-01 2.5000000000e+00 0.0000000000e+00 2.8125000001e-03
1.9546875000e-01 9.9999999991e-01 9.9939894173e-11 9.9999999987e-01 2.4999999999e+00 0.0000000000e+00 2.8125000003e-03
1.9828125000e-01 9.9999999972e-01 2.9361878117e-10 9.9999999963e-01 2.4999999998e+00 0.0000000000e+00 2.8125000008e-03
2.0109375000e-01 9.9999999920e-01 8.4802055084e-10 9.9999999893e-01 2.4999999993e+00 0.0000000000e+00 2.8125000022e-03
2.0390625001e-01 9.9999999773e-01 2.4119863339e-09 9.9999999697e-01 2.4999999981e+00 0.0000000000e+00 2.8125000064e-03
2.0671875001e-01 9.9999999368e-01 6.7470276394e-09 9.9999999153e-01 2.4999999946e+00 0.0000000000e+00 2.8125000178e-03
2.0953125004e-01 9.9999998264e-01 1.8571803853e-08 9.9999997672e-01 2.4999999852e+00 0.0000000000e+00 2.8125000488e-03
2.1234375011e-01 9.9999995311e-01 5.0299893525e-08 9.9999993704e-01 2.4999999598e+00 0.0000000000e+00 2.8125001319e-03
2.1515625030e-01 9.9999987530e-01 1.3409310207e-07 9.9999983239e-01 2.4999998927e+00 0.0000000000e+00 2.8125003507e-03
2.1796875081e-01 9.9999967339e-01 3.5202745398e-07 9.9999956059e-01 2.4999997180e+00 0.0000000000e+00 2.8125009186e-03
2.2078125214e-01 9.9999915701e-01 9.1058735095e-07 9.9999886486e-01 2.4999992696e+00 0.0000000000e+00 2.8125023709e-03
2.2359375556e-01 9.9999785454e-01 2.3223785316e-06 9.9999710853e-01 2.4999981350e+00 0.0000000000e+00 2.8125060341e-03
2.2640626421e-01 9.9999461100e-01 5.8440801279e-06 9.9999273145e-01 2.4999953011e+00 0.0000000000e+00 2.8125151567e-03
2.2921878587e-01 9.9998663417e-01 1.4526601419e-05 9.9998195851e-01 2.4999883107e+00 0.0000000000e+00 2.8125375919e-03
2.3203133939e-01 9.9996716546e-01 3.5677398988e-05 9.9995565976e-01 2.4999712348e+00 0.0000000000e+00 2.8125923502e-03
2.3484397057e-01 9.9992048174e-01 8.7123816871e-05 9.9989249180e-01 2.4999300196e+00 0.0000000000e+00 2.8127236629e-03
2.3765678672e-01 9.9980317022e-01 2.0893759764e-04 9.9973476141e-01 2.4998289443e+00 0.0000000000e+00 2.8130536927e-03
2.4047007795e-01 9.9955968521e-01 5.3854116185e-04 9.9939855406e-01 2.4995969947e+00 0.0000000000e+00 2.8137389309e-03
2.4328426458e-01 9.9885474139e-01 1.0630484971e-03 9.9840037117e-01 2.4988627720e+00 0.0000000000e+00 2.8157247330e-03
2.4610152742e-01 9.9847280914e-01 2.6784568434e-03 9.9786888406e-01 2.4984878780e+00 0.0000000000e+00 2.8168017940e-03
2.4891786817e-01 9.9630737363e-01 2.8269842377e-03 9.9477628566e-01 2.4961580934e+00 0.0000000000e+00 2.8229240036e-03
2.5174737543e-01 9.9615642071e-01 6.7280118455e-03 9.9468716039e-01 2.4963126767e+00 0.0000000000e+00 2.8233517764e-03
2.5456457172e-01 9.9173862752e-01 6.9653962491e-03 9.8844240255e-01 2.4916907921e+00 0.0000000000e+00 2.8359286630e-03
2.5741923275e-01 9.9129386095e-01 1.4022769216e-02 9.8785012948e-01 2.4913150590e+00 0.0000000000e+00 2.8372010670e-03
2.6023897386e-01 9.8370709131e-01 1.4531166425e-02 9.7722528325e-01 2.4835270882e+00 0.0000000000e+00 2.8590827746e-03
2.6313739830e-01 9.8335565250e-01 2.5952605588e-02 9.7682134328e-01 2.4833877265e+00 0.0000000000e+00 2.8601045744e-03
2.6595918300e-01 9.7196990041e-01 2.6283440907e-02 9.6094327782e-01 2.4716384669e+00 0.0000000000e+00 2.8936081239e-03
2.6892461455e-01 9.7156353558e-01 4.2349329798e-02 9.6045830441e-01 2.4714243311e+00 0.0000000000e+00 2.8948184004e-03
2.7174881981e-01 9.5686080292e-01 4.2594219667e-02 9.4005059686e-01 2.4560798028e+00 0.0000000000e+00 2.9392989988e-03
2.7480321255e-01 9.5666919832e-01 6.2342401757e-02 9.3995053526e-01 2.4563102296e+00 0.0000000000e+00 2.9398876905e-03
2.7762859519e-01 9.3973488901e-01 6.2379709168e-02 9.1660648033e-01 2.4384709216e+00 0.0000000000e+00 2.9928653633e-03
2.8078894327e-01 9.3940290257e-01 8.4467439204e-02 9.1625797310e-01 2.4384052109e+00 0.0000000000e+00 2.9939230466e-03
2.8361644128e-01 9.2123350402e-01 8.4908664173e-02 8.9144997897e-01 2.4191748755e+00 0.0000000000e+00 3.0529718988e-03
2.8689488707e-01 9.2088160775e-01 1.0848708395e-01 8.9105812391e-01 2.4190355101e+00 0.0000000000e+00 3.0541385302e-03
2.8972471834e-01 9.0199082743e-01 1.0867697982e-01 8.6547240154e-01 2.3987838214e+00 0.0000000000e+00 3.1181026619e-03
2.9313109240e-01 9.0176349711e-01 1.3340205287e-01 8.6528484167e-01 2.3988685627e+00 0.0000000000e+00 3.1188887209e-03
2.9596249578e-01 8.8249777721e-01 1.3354712057e-01 8.3940896535e-01 2.3779350697e+00 0.0000000000e+00 3.1869768657e-03
2.9950504613e-01 8.8224420275e-01 1.5899791966e-01 8.3917101151e-01 2.3779442497e+00 0.0000000000e+00 3.1878928660e-03
3.0233828151e-01 8.6282594888e-01 1.5923557110e-01 8.1333610510e-01 2.3566053680e+00 0.0000000000e+00 3.2596377098e-03
3.0602432155e-01 8.6254643087e-01 1.8530529360e-01 8.1305423722e-01 2.3565520884e+00 0.0000000000e+00 3.2606940326e-03
3.0885966958e-01 8.4300056221e-01 1.8551957389e-01 7.8728208279e-01 2.3347614405e+00 0.0000000000e+00 3.3362967073e-03
3.1269691496e-01 8.4276618632e-01 2.1226788310e-01 7.8708452447e-01 2.3348247036e+00 0.0000000000e+00 3.3372245418e-03
3.1553411866e-01 8.2311192487e-01 2.1241917996e-01 7.6139998632e-01 2.3125651668e+00 0.0000000000e+00 3.4169107688e-03
3.1953073650e-01 8.2285436763e-01 2.3980958844e-01 7.6117728193e-01 2.3126123889e+00 0.0000000000e+00 3.4179802777e-03
3.2237007922e-01 8.0313748262e-01 2.4003853969e-01 7.3565639698e-01 2.2899454106e+00 0.0000000000e+00 3.5018910969e-03
3.2653451869e-01 8.0284508279e-01 2.6805333552e-01 7.3539494379e-01 2.2899652733e+00 0.0000000000e+00 3.5031665016e-03
3.2937641222e-01 7.8306412061e-01 2.6830668651e-01 7.1003526157e-01 2.2668490449e+00 0.0000000000e+00 3.5916598986e-03
3.3371783849e-01 7.8275328648e-01 2.9700814899e-01 7.0977064181e-01 2.2669040618e+00 0.0000000000e+00 3.5930861596e-03
3.3656258454e-01 7.6290237435e-01 2.9728142227e-01 6.8456223825e-01 2.2432825656e+00 0.0000000000e+00 3.6865791674e-03
3.4109099683e-01 7.6257074718e-01 3.2670198198e-01 6.8429545535e-01 2.2433835086e+00 0.0000000000e+00 3.6881823888e-03
3.4393894932e-01 7.4265682238e-01 3.2699687501e-01 6.5925246996e-01 2.2192365643e+00 0.0000000000e+00 3.7870789243e-03
3.4866515467e-01 7.4230248249e-01 3.5716684580e-01 6.5898293010e-01 2.2193881391e+00 0.0000000000e+00 3.7888866956e-03
3.5151672271e-01 7.2233384807e-01 3.5748144648e-01 6.3412070650e-01 2.1946940054e+00 0.0000000000e+00 3.8936289744e-03
3.5645241262e-01 7.2195068920e-01 3.8842335689e-01 6.3384433174e-01 2.1949017475e+00 0.0000000000e+00 3.8956954292e-03
3.5930811357e-01 7.0194496376e-01 3.8877659428e-01 6.0918900832e-01 2.1696466239e+00 0.0000000000e+00 4.0067243804e-03
3.6446586138e-01 7.0152638073e-01 4.2051303197e-01 6.0890084682e-01 2.1699142882e+00 0.0000000000e+00 4.0091150914e-03
3.6732634375e-01 6.8149570699e-01 4.2088559357e-01 5.8446853564e-01 2.1440653611e+00 0.0000000000e+00 4.1269518959e-03
3.7271976518e-01 6.8104789985e-01 4.5345975098e-01 5.8418625629e-01 2.1444389463e+00 0.0000000000e+00 4.1296654767e-03
3.7558567470e-01 6.6100337260e-01 4.5384110605e-01 5.5998965370e-01 2.1179530881e+00 0.0000000000e+00 4.2548950831e-03
3.8122955534e-01 6.6052474200e-01 4.8727014850e-01 5.5971559714e-01 2.1184505347e+00 0.0000000000e+00 4.2579782727e-03
3.8410163125e-01 6.4049132218e-01 4.8767907271e-01 5.3578908958e-01 2.0913206433e+00 0.0000000000e+00 4.3911601963e-03
3.9001187573e-01 6.3997133460e-01 5.2195898620e-01 5.3551306851e-01 2.0919416213e+00 0.0000000000e+00 4.3947280885e-03
3.9289108743e-01 6.1997801086e-01 5.2241834376e-01 5.1189352874e-01 2.0641600177e+00 0.0000000000e+00 4.5364512140e-03
3.9908477816e-01 6.1940555431e-01 5.5755931949e-01 5.1160755701e-01 2.0649135024e+00 0.0000000000e+00 4.5406438164e-03
4.0197237506e-01 5.9948306669e-01 5.5807111968e-01 4.8832999315e-01 2.0364628306e+00 0.0000000000e+00 4.6915420239e-03
4.0846786221e-01 5.9885459587e-01 5.9407370059e-01 4.8803754570e-01 2.0373791446e+00 0.0000000000e+00 4.6964655851e-03
4.1136530623e-01 5.7904295915e-01 5.9463382312e-01 4.6514539498e-01 2.0082508026e+00 0.0000000000e+00 4.8571525749e-03
4.1818216736e-01 5.7835713206e-01 6.3148264078e-01 4.6485239536e-01 2.0093657084e+00 0.0000000000e+00 4.8629122805e-03
4.2109113079e-01 5.5869888528e-01 6.3208103612e-01 4.4238844724e-01 1.9795477443e+00 0.0000000000e+00 5.0340175614e-03
4.2825020248e-01 5.5796216159e-01 6.6977565447e-01 4.4211060768e-01 1.9809166200e+00 0.0000000000e+00 5.0406643920e-03
4.3117245957e-01 5.3850008912e-01 6.7035511029e-01 4.2011333070e-01 1.9503865421e+00 0.0000000000e+00 5.2228403612e-03
4.3869588320e-01 5.3772596788e-01 7.0888546711e-01 4.1988156677e-01 1.9521168395e+00 0.0000000000e+00 5.2303592685e-03
4.4163317811e-01 5.1852264910e-01 7.0936889729e-01 3.9840183997e-01 1.9208507124e+00 0.0000000000e+00 5.4240639341e-03
4.4954401107e-01 5.1773064210e-01 7.4866963408e-01 3.9824730259e-01 1.9230429407e+00 0.0000000000e+00 5.4323614855e-03
4.5249790108e-01 4.9887786910e-01 7.4899633755e-01 3.7737038979e-01 1.8910960636e+00 0.0000000000e+00 5.6376523678e-03
4.6081931581e-01 4.9807309248e-01 7.8888336364e-01 3.7730993431e-01 1.8938482123e+00 0.0000000000e+00 5.6467615747e-03
4.6379142423e-01 4.7972735079e-01 7.8901888948e-01 3.5718170349e-01 1.8613786711e+00 0.0000000000e+00 5.8627051290e-03
4.7254472607e-01 4.7889061740e-01 8.2907111670e-01 3.5719621180e-01 1.8647066722e+00 0.0000000000e+00 5.8729486397e-03
4.7553732151e-01 4.6131189139e-01 8.2912472945e-01 3.3806752242e-01 1.8320984605e+00 0.0000000000e+00 6.0967429032e-03
4.8473821187e-01 4.6041149680e-01 8.6854598940e-01 3.3812824469e-01 1.8360110849e+00 0.0000000000e+00 6.1086658773e-03
4.8775465327e-01 4.4403565997e-01 8.6855518684e-01 3.2040422474e-01 1.8039329587e+00 0.0000000000e+00 6.3339507467e-03
4.9740611337e-01 4.4306345384e-01 9.0590517003e-01 3.2050811080e-01 1.8084774767e+00 0.0000000000e+00 6.3478492203e-03
5.0045035171e-01 4.2872625315e-01 9.0588922763e-01 3.0496977499e-01 1.7783479129e+00 0.0000000000e+00 6.5601301048e-03
5.1052637358e-01 4.2767153549e-01 9.3802085098e-01 3.0511710310e-01 1.7835948723e+00 0.0000000000e+00 6.5763086075e-03
5.1360296892e-01 4.1723352832e-01 9.3800150098e-01 2.9350448161e-01 1.7586343240e+00 0.0000000000e+00 6.7408293176e-03
5.2400803221e-01 4.1609127853e-01 9.5789803600e-01 2.9370491985e-01 1.7646664025e+00 0.0000000000e+00 6.7593341776e-03
5.2712163728e-01 4.1327155061e-01 9.5758554221e-01 2.8951627662e-01 1.7513682964e+00 0.0000000000e+00 6.8054527244e-03
5.3761893766e-01 4.1292482153e-01 9.5514652861e-01 2.9056355349e-01 1.7591795064e+00 0.0000000000e+00 6.8111671988e-03
5.4074397167e-01 4.1701349711e-01 9.5014525768e-01 2.9296722115e-01 1.7563413605e+00 0.0000000000e+00 6.7443860199e-03
5.5110770970e-01 4.1898584665e-01 9.4231150526e-01 2.9702991751e-01 1.7723147445e+00 0.0000000000e+00 6.7126372466e-03
5.5416924617e-01 4.2299385044e-01 9.3499840739e-01 2.9875238711e-01 1.7657017165e+00 0.0000000000e+00 6.6490328336e-03
5.6440577537e-01 4.2316843548e-01 9.3207265723e-01 3.0140851453e-01 1.7806651517e+00 0.0000000000e+00 6.6462896668e-03
5.6746182550e-01 4.2579282048e-01 9.3026451917e-01 3.0134507867e-01 1.7693175189e+00 0.0000000000e+00 6.6053250894e-03
5.7761642555e-01 4.2400924036e-01 9.2954574942e-01 3.0227228962e-01 1.7822270180e+00 0.0000000000e+00 6.6331101595e-03
5.8072804582e-01 4.2660809317e-01 9.3009420114e-01 3.0220949740e-01 1.7710018999e+00 0.0000000000e+00 6.5927019320e-03
5.9080182941e-01 4.2358994297e-01 9.2993914187e-01 3.0178271624e-01 1.7811017545e+00 0.0000000000e+00 6.6396760515e-03
5.9400739792e-01 4.2637557999e-01 9.3022482053e-01 3.0203969707e-01 1.7709720681e+00 0.0000000000e+00 6.5962970958e-03
6.0399442360e-01 4.2350017828e-01 9.2998199102e-01 3.0171844035e-01 1.7810998426e+00 0.0000000000e+00 6.6410833908e-03
6.0728956470e-01 4.2670107849e-01 9.2946985794e-01 3.0233780087e-01 1.7713676863e+00 0.0000000000e+00 6.5912652716e-03
6.1717695414e-01 4.2365799753e-01 9.2871992450e-01 3.0205973011e-01 1.7824503011e+00 0.0000000000e+00 6.6386094830e-03
6.2056678367e-01 4.2763420691e-01 9.2849610489e-01 3.0318636429e-01 1.7724632372e+00 0.0000000000e+00 6.5768826594e-03
6.3033071946e-01 4.2342029774e-01 9.2847137955e-01 3.0216720550e-01 1.7840855004e+00 0.0000000000e+00 6.6423362673e-03
6.3385145620e-01 4.2768769562e-01 9.2842386246e-01 3.0287326697e-01 1.7704113894e+00 0.0000000000e+00 6.5760601224e-03
6.4348283971e-01 4.2247843496e-01 9.2883380240e-01 3.0191735687e-01 1.7865844259e+00 0.0000000000e+00 6.6571445244e-03
6.4716574525e-01 4.2897887440e-01 9.2813523368e-01 3.0325456492e-01 1.7673047732e+00 0.0000000000e+00 6.5562669116e-03
6.5659537353e-01 4.2151461268e-01 9.2715510529e-01 3.0281462695e-01 1.7959912767e+00 0.0000000000e+00 6.6723665454e-03
6.6051047834e-01 4.3171535972e-01 9.2622389077e-01 3.0302813706e-01 1.7547912660e+00 0.0000000000e+00 6.5147091403e-03
6.6962479181e-01 4.1627010743e-01 9.2870387181e-01 3.0313553842e-01 1.8205459208e+00 0.0000000000e+00 6.7564303797e-03
6.7402333910e-01 4.4659829259e-01 9.2803852871e-01 3.0171375763e-01 1.6889549436e+00 0.0000000000e+00 6.2976058052e-03
6.8222000342e-01 3.3265331594e-01 9.2863156802e-01 3.0350563485e-01 2.2809455093e+00 0.0000000000e+00 8.4547481274e-03
6.9093283536e-01 2.8065702917e-01 9.2759497088e-01 3.0125299680e-01 2.6834620684e+00 0.0000000000e+00 1.0021127952e-02
7.0226225933e-01 2.5122477550e-01 9.2737088696e-01 3.0488558349e-01 3.0339919987e+00 0.0000000000e+00 1.1195153800e-02
7.1332314296e-01 2.6297128500e-01 9.2645854558e-01 3.0040597581e-01 2.8558819246e+00 0.0000000000e+00 1.0695084066e-02
7.2365242746e-01 2.6278410214e-01 9.3017383547e-01 3.0552065212e-01 2.9065747283e+00 0.0000000000e+00 1.0702702245e-02
7.3472854745e-01 2.6377485039e-01 9.2930688525e-01 2.9942562122e-01 2.8378901625e+00 0.0000000000e+00 1.0662502493e-02
7.4497743244e-01 2.6403832298e-01 9.2863798375e-01 3.0512170394e-01 2.8889907011e+00 0.0000000000e+00 1.0651862837e-02
7.5603227312e-01 2.6420378831e-01 9.3065719665e-01 2.9875051983e-01 2.8268947405e+00 0.0000000000e+00 1.0645191797e-02
7.6626781604e-01 2.6291664324e-01 9.3539453427e-01 3.0237767290e-01 2.8752237703e+00 0.0000000000e+00 1.0697306817e-02
7.7742688676e-01 2.6281269769e-01 9.4465659605e-01 2.9615481699e-01 2.8171661758e+00 0.0000000000e+00 1.0701537729e-02
7.8767089150e-01 2.6181301513e-01 9.4486223657e-01 3.0051724590e-01 2.8695789412e+00 0.0000000000e+00 1.0742399489e-02
7.9891168573e-01 2.6074654507e-01 9.4396020071e-01 2.9270423822e-01 2.8064057199e+00 0.0000000000e+00 1.0786336591e-02
8.0924356468e-01 2.5857022105e-01 9.4300298630e-01 2.9524094364e-01 2.8545528410e+00 0.0000000000e+00 1.0877122619e-02
8.2066593097e-01 2.5600745804e-01 9.7614243811e-01 2.8496347031e-01 2.7827653196e+00 0.0000000000e+00 1.0986008070e-02
8.3121558082e-01 2.5057930033e-01 9.3829383580e-01 2.8170353779e-01 2.8105228307e+00 0.0000000000e+00 1.1223991752e-02
8.4311391448e-01 2.2016984220e-01 8.3368548395e-01 2.3570000392e-01 2.6763429718e+00 0.0000000000e+00 1.2774229076e-02
8.5676403897e-01 1.6841254991e-01 5.0980765334e-01 1.5746217547e-01 2.3374471730e+00 0.0000000000e+00 1.6700061851e-02
8.7651403818e-01 1.3956966095e-01 1.7942613619e-01 1.1635591978e-01 2.0841907724e+00 0.0000000000e+00 2.0151227572e-02
8.9706649412e-01 1.2822313506e-01 4.9080513097e-02 1.0345638276e-01 2.0171161528e+00 0.0000000000e+00 2.1934419235e-02
9.2038287665e-01 1.2607721255e-01 1.1811375743e-02 1.0093670788e-01 2.0014859514e+00 0.0000000000e+00 2.2307758421e-02
9.4168201096e-01 1.2498435417e-01 3.9394726674e-03 1.0044020240e-01 2.0090555146e+00 0.0000000000e+00 2.2502816601e-02
9.6538850985e-01 1.2478424204e-01 1.2716966938e-03 9.9707654969e-02 1.9976010861e+00 0.0000000000e+00 2.2538903583e-02
9.8675981812e-01 1.1755075135e-01 -1.6966075844e-04 9.9576577014e-02 2.1177358688e+00 0.0000000000e+00 2.3925836013e-02
