# x  rho  v  p  e  w  vol
1.4062500000e-03 1.0000000000e+00 3.4196636164e-17 1.0000000000e+00 2.5000000000e+00 5.6250000000e-03 2.8125000000e-03
4.2187500000e-03 1.0000000000e+00 -1.7713132424e-16 1.0000000000e+00 2.5000000000e+00 5.6250000000e-03 2.8125000000e-03
7.0312500000e-03 1.0000000000e+00 3.9078607608e-16 1.0000000000e+00 2.5000000000e+00 5.6250000000e-03 2.8125000000e-03
9.8437500000e-03 1.0000000000e+00 1.9885819218e-16 1.0000000000e+00 2.5000000000e+00 5.6250000000e-03 2.8125000000e-03
1.2656250000e-02 1.0000000000e+00 -7.7038852099e-18 1.0000000000e+00 2.5000000000e+00 5.6250000000e-03 2.8125000000e-03
1.5468750000e-02 1.0000000000e+00 -1.0824295667e-16 1.0000000000e+00 2.5000000000e+00 5.6250000000e-03 2.8125000000e-03
1.8281250000e-02 1.0000000000e+00 9.4656759463e-16 1.0000000000e+00 2.5000000000e+00 5.6250000000e-03 2.8125000000e-03
2.1093750000e-02 1.0000000000e+00 1.1188640490e-15 1.0000000000e+00 2.5000000000e+00 5.6250000000e-03 2.8125000000e-03
2.3906250000e-02 1.0000000000e+00 8.3858729704e-16 1.0000000000e+00 2.5000000000e+00 5.6250000000e-03 2.8125000000e-03
2.6718750000e-02 1.0000000000e+00 3.4678394385e-16 1.0000000000e+00 2.5000000000e+00 5.6250000000e-03 2.8125000000e-03
2.9531250000e-02 1.0000000000e+00 -5.1662936955e-16 1.0000000000e+00 2.5000000000e+00 5.6250000000e-03 2.8125000000e-03
3.2343750000e-02 1.0000000000e+00 -2.3402295852e-15 1.0000000000e+00 2.5000000000e+00 5.6250000000e-03 2.8125000000e-03
3.5156250000e-02 1.0000000000e+00 -5.2141217549e-15 1.0000000000e+00 2.5000000000e+00 5.6250000000e-03 2.8125000000e-03
3.7968750000e-02 1.0000000000e+00 -9.2772889490e-15 1.0000000000e+00 2.5000000000e+00 5.6250000000e-03 2.8125000000e-03
4.0781250000e-02 1.0000000000e+00 -1.8061993960e-14 1.0000000000e+00 2.5000000000e+00 5.6250000000e-03 2.8125000000e-03
4.3593750000e-02 1.0000000000e+00 -3.5237813147e-14 1.0000000000e+00 2.5000000000e+00 5.6250000000e-03 2.8125000000e-03
4.6406250000e-02 1.0000000000e+00 -6.3760249542e-14 1.0000000000e+00 2.5000000000e+00 5.6250000000e-03 2.8125000000e-03
4.9218750000e-02 1.0000000000e+00 -1.1399501180e-13 1.0000000000e+00 2.5000000000e+00 5.6250000000e-03 2.8125000000e-03
5.2031250000e-02 1.0000000000e+00 -2.0467641756e-13 1.0000000000e+00 2.5000000000e+00 5.6250000000e-03 2.8125000000e-03
5.4843750000e-02 1.0000000000e+00 -3.6589175991e-13 1.0000000000e+00 2.5000000000e+00 5.6250000000e-03 2.8125000000e-03
5.7656250000e-02 1.0000000000e+00 -6.5049815479e-13 1.0000000000e+00 2.5000000000e+00 5.6250000000e-03 2.8125000000e-03
6.0468750000e-02 1.0000000000e+00 -1.1507486465e-12 1.0000000000e+00 2.5000000000e+00 5.6250000000e-03 2.8125000000e-03
6.3281250000e-02 1.0000000000e+00 -2.0238267450e-12 1.0000000000e+00 2.5000000000e+00 5.6250000000e-03 2.8125000000e-03
6.6093750000e-02 1.0000000000e+00 -3.5408795379e-12 1.0000000000e+00 2.5000000000e+00 5.6250000000e-03 2.8125000000e-03
6.8906250000e-02 1.0000000000e+00 -6.1684894962e-12 1.0000000000e+00 2.5000000000e+00 5.6250000000e-03 2.8125000000e-03
7.1718750000e-02 1.0000000000e+00 -1.0690898132e-11 1.0000000000e+00 2.5000000000e+00 5.6250000000e-03 2.8125000000e-03
7.4531250000e-02 1.0000000000e+00 -1.8426337934e-11 1.0000000000e+00 2.5000000000e+00 5.6249999999e-03 2.8125000000e-03
7.7343750000e-02 1.0000000000e+00 -3.1597310447e-11 1.0000000000e+00 2.5000000000e+00 5.6249999999e-03 2.8124999999e-03
8.0156250000e-02 1.0000000000e+00 -5.3901085921e-11 1.0000000001e+00 2.5000000000e+00 5.6249999998e-03 2.8124999999e-03
8.2968750000e-02 1.0000000001e+00 -9.1454636421e-11 1.0000000001e+00 2.5000000001e+00 5.6249999997e-03 2.8124999998e-03
8.5781249999e-02 1.0000000001e+00 -1.5433368121e-10 1.0000000001e+00 2.5000000001e+00 5.6249999995e-03 2.8124999997e-03
8.8593749999e-02 1.0000000002e+00 -2.5902226496e-10 1.0000000002e+00 2.5000000002e+00 5.6249999991e-03 2.8124999995e-03
9.1406249998e-02 1.0000000003e+00 -4.3232406447e-10 1.0000000004e+00 2.5000000003e+00 5.6249999985e-03 2.8124999992e-03
9.4218749997e-02 1.0000000005e+00 -7.1753563042e-10 1.0000000007e+00 2.5000000005e+00 5.6249999974e-03 2.8124999987e-03
9.7031249996e-02 1.0000000008e+00 -1.1841518809e-09 1.0000000011e+00 2.5000000009e+00 5.6249999957e-03 2.8124999979e-03
9.9843749993e-02 1.0000000013e+00 -1.9429934531e-09 1.0000000018e+00 2.5000000015e+00 5.6249999930e-03 2.8124999965e-03
1.0265624999e-01 1.0000000021e+00 -3.1695878182e-09 1.0000000030e+00 2.5000000024e+00 5.6249999885e-03 2.8124999942e-03
1.0546874998e-01 1.0000000033e+00 -5.1400773942e-09 1.0000000049e+00 2.5000000039e+00 5.6249999812e-03 2.8124999906e-03
1.0828124997e-01 1.0000000054e+00 -8.2858862348e-09 1.0000000079e+00 2.5000000063e+00 5.6249999696e-03 2.8124999848e-03
1.1109374995e-01 1.0000000087e+00 -1.3276288553e-08 1.0000000127e+00 2.5000000101e+00 5.6249999511e-03 2.8124999755e-03
1.1390624992e-01 1.0000000139e+00 -2.1142110540e-08 1.0000000204e+00 2.5000000161e+00 5.6249999218e-03 2.8124999609e-03
1.1671874987e-01 1.0000000221e+00 -3.3459450555e-08 1.0000000323e+00 2.5000000255e+00 5.6249998756e-03 2.8124999378e-03
1.1953124979e-01 1.0000000349e+00 -5.2620173308e-08 1.0000000510e+00 2.5000000401e+00 5.6249998036e-03 2.8124999018e-03
1.2234374966e-01 1.0000000548e+00 -8.2226588346e-08 1.0000000799e+00 2.5000000627e+00 5.6249996918e-03 2.8124998459e-03
1.2515624947e-01 1.0000000854e+00 -1.2766198078e-07 1.0000001243e+00 2.5000000973e+00 5.6249995195e-03 2.8124997597e-03
1.2796874916e-01 1.0000001323e+00 -1.9690750502e-07 1.0000001924e+00 2.5000001500e+00 5.6249992556e-03 2.8124996278e-03
1.3078124870e-01 1.0000002036e+00 -3.0170026271e-07 1.0000002956e+00 2.5000002299e+00 5.6249988546e-03 2.8124994273e-03
1.3359374798e-01 1.0000003112e+00 -4.5915828704e-07 1.0000004512e+00 2.5000003499e+00 5.6249982493e-03 2.8124991246e-03
1.3640624688e-01 1.0000004725e+00 -6.9403653120e-07 1.0000006841e+00 2.5000005289e+00 5.6249973422e-03 2.8124986711e-03
1.3921874523e-01 1.0000007123e+00 -1.0418242301e-06 1.0000010300e+00 2.5000007941e+00 5.6249959931e-03 2.8124979965e-03
1.4203124275e-01 1.0000010664e+00 -1.5529484882e-06 1.0000015400e+00 2.5000011838e+00 5.6249940013e-03 2.8124970006e-03
1.4484373905e-01 1.0000015853e+00 -2.2984103364e-06 1.0000022862e+00 2.5000017525e+00 5.6249910829e-03 2.8124955414e-03
1.4765623358e-01 1.0000023396e+00 -3.3772453097e-06 1.0000033699e+00 2.5000025757e+00 5.6249868398e-03 2.8124934199e-03
1.5046872554e-01 1.0000034277e+00 -4.9262666076e-06 1.0000049310e+00 2.5000037583e+00 5.6249807191e-03 2.8124903596e-03
1.5328121380e-01 1.0000049849e+00 -7.1326074577e-06 1.0000071623e+00 2.5000054436e+00 5.6249719601e-03 2.8124859800e-03
1.5609369681e-01 1.0000071952e+00 -1.0249619669e-05 1.0000103256e+00 2.5000078259e+00 5.6249595271e-03 2.8124797635e-03
1.5890617239e-01 1.0000103068e+00 -1.4616692892e-05 1.0000147732e+00 2.5000111659e+00 5.6249420247e-03 2.8124710123e-03
1.6171863756e-01 1.0000146504e+00 -2.0683514405e-05 1.0000209742e+00 2.5000158093e+00 5.6249175927e-03 2.8124587963e-03
1.6453108826e-01 1.0000206619e+00 -2.9039168434e-05 1.0000295461e+00 2.5000222101e+00 5.6248837793e-03 2.8124418896e-03
1.6734351905e-01 1.0000289092e+00 -4.0446249772e-05 1.0000412922e+00 2.5000309565e+00 5.6248373904e-03 2.8124186952e-03
1.7015592264e-01 1.0000401234e+00 -5.5879809109e-05 1.0000572451e+00 2.5000428025e+00 5.6247743150e-03 2.8123871575e-03
1.7296828945e-01 1.0000552334e+00 -7.6570427885e-05 1.0000787154e+00 2.5000587018e+00 5.6246893290e-03 2.8123446645e-03
1.7578060692e-01 1.0000754043e+00 -1.0405001505e-04 1.0001073445e+00 2.5000798445e+00 5.6245758829e-03 2.8122879414e-03
1.7859285889e-01 1.0001020761e+00 -1.4019801423e-04 1.0001451586e+00 2.5001076951e+00 5.6244258803e-03 2.8122129401e-03
1.8140502469e-01 1.0001370030e+00 -1.8728461355e-04 1.0001946222e+00 2.5001440284e+00 5.6242294638e-03 2.8121147319e-03
1.8421707825e-01 1.0001822865e+00 -2.4800629706e-04 1.0002586847e+00 2.5001909605e+00 5.6239748250e-03 2.8119874125e-03
1.8702898709e-01 1.0002404016e+00 -3.2550773908e-04 1.0003408139e+00 2.5002509704e+00 5.6236480662e-03 2.8118240331e-03
1.8984071125e-01 1.0003142064e+00 -4.2338274260e-04 1.0004450098e+00 2.5003269058e+00 5.6232331440e-03 2.8116165720e-03
1.9265220221e-01 1.0004069326e+00 -5.4564583704e-04 1.0005757885e+00 2.5004219678e+00 5.6227119350e-03 2.8113559675e-03
1.9546340194e-01 1.0005221456e+00 -6.9666551410e-04 1.0007381251e+00 2.5005396669e+00 5.6220644636e-03 2.8110322318e-03
1.9827424202e-01 1.0006636693e+00 -8.8105017946e-04 1.0009373477e+00 2.5006837422e+00 5.6212693359e-03 2.8106346680e-03
2.0108464315e-01 1.0008354671e+00 -1.1034790504e-03 1.0011789693e+00 2.5008580387e+00 5.6203044208e-03 2.8101522104e-03
2.0389451495e-01 1.0010414733e+00 -1.3684727456e-03 1.0014684525e+00 2.5010663375e+00 5.6191478075e-03 2.8095739038e-03
2.0670375639e-01 1.0012853733e+00 -1.6801024359e-03 1.0018109022e+00 2.5013121355e+00 5.6177790566e-03 2.8088895283e-03
2.0951225692e-01 1.0015703319e+00 -2.0416422396e-03 1.0022106876e+00 2.5015983792e+00 5.6161807324e-03 2.8080903662e-03
2.1231989835e-01 1.0018986778e+00 -2.4551769240e-03 1.0026710045e+00 2.5019271578e+00 5.6143401770e-03 2.8071700885e-03
2.1512655776e-01 1.0022715580e+00 -2.9211855430e-03 1.0031933962e+00 2.5022993722e+00 5.6122514452e-03 2.8061257226e-03
2.1793211131e-01 1.0026885822e+00 -3.4381309266e-03 1.0037772612e+00 2.5027143995e+00 5.6099172760e-03 2.8049586380e-03
2.2073643908e-01 1.0031474883e+00 -4.0020942381e-03 1.0044193926e+00 2.5031697839e+00 5.6073509286e-03 2.8036754643e-03
2.2353943070e-01 1.0036438685e+00 -4.6065006956e-03 1.0051135971e+00 2.5036609812e+00 5.6045776559e-03 2.8022888279e-03
2.2634099159e-01 1.0041709968e+00 -5.2419786088e-03 1.0058504469e+00 2.5041811856e+00 5.6016355958e-03 2.8008177979e-03
2.2914104962e-01 1.0047197610e+00 -5.8963639695e-03 1.0066171748e+00 2.5047212515e+00 5.5985760592e-03 2.7992880296e-03
2.3193956169e-01 1.0052786239e+00 -6.5548135696e-03 1.0073976569e+00 2.5052697655e+00 5.5954636519e-03 2.7977318260e-03
2.3473652024e-01 1.0058335440e+00 -7.2000455767e-03 1.0081724955e+00 2.5058134656e+00 5.5923766246e-03 2.7961883123e-03
2.3753195878e-01 1.0063683813e+00 -7.8131767468e-03 1.0089198808e+00 2.5063383836e+00 5.5894045406e-03 2.7947022703e-03
2.4032595376e-01 1.0068679809e+00 -8.3764552758e-03 1.0096193318e+00 2.5068314590e+00 5.5866311241e-03 2.7933155621e-03
2.4311861704e-01 1.0073266613e+00 -8.8783256981e-03 1.0102599080e+00 2.5072797802e+00 5.5840872838e-03 2.7920436419e-03
2.4591007994e-01 1.0077547135e+00 -9.3121623706e-03 1.0108425587e+00 2.5076602103e+00 5.5817153963e-03 2.7908576981e-03
2.4870051129e-01 1.0081429380e+00 -9.6474857173e-03 1.0113292718e+00 2.5079014930e+00 5.5795659403e-03 2.7897829701e-03
2.5149023144e-01 1.0083326120e+00 -9.7822967752e-03 1.0114776500e+00 2.5077976205e+00 5.5785163876e-03 2.7892581938e-03
2.5428006495e-01 1.0078521917e+00 -9.3085973566e-03 1.0106410579e+00 2.5069178453e+00 5.5811755399e-03 2.7905877699e-03
2.5707261719e-01 1.0059442877e+00 -7.1774103592e-03 1.0078174535e+00 2.5046552424e+00 5.5917609640e-03 2.7958804820e-03
2.5987312389e-01 1.0019018903e+00 -2.4184315661e-03 1.0020926566e+00 2.5004760105e+00 5.6143221752e-03 2.8071610876e-03
2.6268844151e-01 9.9548808461e-01 5.2818070605e-03 9.9318074502e-01 2.4942055067e+00 5.6504945533e-03 2.8252472767e-03
2.6552529912e-01 9.8708717949e-01 1.5421617746e-02 9.8160902147e-01 2.4861254453e+00 5.6985848027e-03 2.8492924014e-03
2.6838868794e-01 9.7747826403e-01 2.7025543642e-02 9.6841574878e-01 2.4768216962e+00 5.7546036644e-03 2.8773018322e-03
2.7128125303e-01 9.6743043518e-01 3.9180070545e-02 9.5462333387e-01 2.4669043353e+00 5.8143715511e-03 2.9071857756e-03
2.7420386682e-01 9.5741749115e-01 5.1328683282e-02 9.4087120427e-01 2.4567944835e+00 5.8751799001e-03 2.9375899500e-03
2.7715686272e-01 9.4758123961e-01 6.3371074640e-02 9.2736976011e-01 2.4466761301e+00 5.9361664888e-03 2.9680832444e-03
2.8014036954e-01 9.3785761989e-01 7.5435400728e-02 9.1405799905e-01 2.4365585449e+00 5.9977121055e-03 2.9988560527e-03
2.8315477388e-01 9.2814031042e-01 8.7570977089e-02 9.0081146345e-01 2.4263881585e+00 6.0605060860e-03 3.0302530430e-03
2.8620130880e-01 9.1837832672e-01 9.9894503702e-02 8.8756935247e-01 2.4161321284e+00 6.1249267719e-03 3.0624633859e-03
2.8928032857e-01 9.0856857122e-01 1.1241691484e-01 8.7432462662e-01 2.4057750133e+00 6.1910572060e-03 3.0955286030e-03
2.9239266132e-01 8.9872840538e-01 1.2499117091e-01 8.6109723650e-01 2.3953210763e+00 6.2588430124e-03 3.1294215062e-03
2.9553990458e-01 8.8887908940e-01 1.3777156025e-01 8.4791489238e-01 2.3847869257e+00 6.3281947647e-03 3.1640973824e-03
2.9872145922e-01 8.7901872214e-01 1.5067594808e-01 8.3477311836e-01 2.3741619414e+00 6.3991811077e-03 3.1995905538e-03
3.0193923543e-01 8.6914074764e-01 1.6360331501e-01 8.2166731333e-01 2.3634472195e+00 6.4719091992e-03 3.2359545996e-03
3.0519450875e-01 8.5924925523e-01 1.7685645659e-01 8.0860377531e-01 2.3526461338e+00 6.5464124243e-03 3.2732062121e-03
3.0848589695e-01 8.4933466396e-01 1.9012543832e-01 7.9556780970e-01 2.3417383143e+00 6.6228310684e-03 3.3114155342e-03
3.1181777001e-01 8.3939538929e-01 2.0352923288e-01 7.8256373297e-01 2.3307363340e+00 6.7012519627e-03 3.3506259814e-03
3.1518864054e-01 8.2943992775e-01 2.1729710801e-01 7.6959819482e-01 2.3196321068e+00 6.7816846185e-03 3.3908423093e-03
3.1859898757e-01 8.1945767374e-01 2.3090905713e-01 7.5665895470e-01 2.3084137807e+00 6.8642959609e-03 3.4321479805e-03
3.2205448809e-01 8.0945407514e-01 2.4495162198e-01 7.4375938026e-01 2.2971018465e+00 6.9491280268e-03 3.4745640134e-03
3.2554897461e-01 7.9943329585e-01 2.5913307118e-01 7.3089541077e-01 2.2856672801e+00 7.0362343290e-03 3.5181171645e-03
3.2909015845e-01 7.8937823474e-01 2.7320542586e-01 7.1805677569e-01 2.2741214037e+00 7.1258615356e-03 3.5629307678e-03
3.3267780866e-01 7.7930886701e-01 2.8797458354e-01 7.0526503144e-01 2.2624695461e+00 7.2179340415e-03 3.6089670207e-03
3.3630692291e-01 7.6921639506e-01 3.0241444457e-01 6.9250413754e-01 2.2506805042e+00 7.3126366470e-03 3.6563183235e-03
3.3999204975e-01 7.5908610553e-01 3.1728983450e-01 6.7977301217e-01 2.2387875605e+00 7.4102265330e-03 3.7051132665e-03
3.4371937401e-01 7.4895054680e-01 3.3256308641e-01 6.6709250855e-01 2.2267575323e+00 7.5105092373e-03 3.7552546187e-03
3.4750028470e-01 7.3877359937e-01 3.4739724287e-01 6.5443451430e-01 2.2145976618e+00 7.6139699697e-03 3.8069849849e-03
3.5133848388e-01 7.2857399045e-01 3.6331169421e-01 6.4182155329e-01 2.2023211153e+00 7.7205610874e-03 3.8602805437e-03
3.5521859866e-01 7.1836453552e-01 3.7868631938e-01 6.2925389508e-01 2.1898836314e+00 7.8302863266e-03 3.9151431633e-03
3.5917061076e-01 7.0809625846e-01 3.9456069457e-01 6.1670460772e-01 2.1773332381e+00 7.9438352241e-03 3.9719176120e-03
3.6316643414e-01 6.9783817879e-01 4.1106991224e-01 6.0422243970e-01 2.1646223224e+00 8.0606079904e-03 4.0303039952e-03
3.6722634208e-01 6.8752896631e-01 4.2675803176e-01 5.9176060368e-01 2.1517660807e+00 8.1814734733e-03 4.0907367367e-03
3.7135679032e-01 6.7719030220e-01 4.4407866092e-01 5.7934371347e-01 2.1387773555e+00 8.3063800260e-03 4.1531900130e-03
3.7552776114e-01 6.6686155596e-01 4.6041135049e-01 5.6699291249e-01 2.1256020362e+00 8.4350341532e-03 4.2175170766e-03
3.7979539251e-01 6.5644203975e-01 4.7757146613e-01 5.5464269379e-01 2.1123064194e+00 8.5689210310e-03 4.2844605155e-03
3.8410198977e-01 6.4606620896e-01 4.9541321781e-01 5.4238991304e-01 2.0988170621e+00 8.7065380018e-03 4.3532690009e-03
3.8849375487e-01 6.3561574828e-01 5.1210367858e-01 5.3014888777e-01 2.0851783849e+00 8.8496863321e-03 4.4248431661e-03
3.9296677063e-01 6.2514299182e-01 5.3115046417e-01 5.1796302370e-01 2.0713781906e+00 8.9979413888e-03 4.4989706944e-03
3.9748039914e-01 6.1470160341e-01 5.4835879647e-01 5.0586869971e-01 2.0573750618e+00 9.1507814016e-03 4.5753907008e-03
4.0212733766e-01 6.0412991140e-01 5.6730342378e-01 4.9375409364e-01 2.0432446910e+00 9.3109112690e-03 4.6554556345e-03
4.0679421164e-01 5.9366813854e-01 5.8636069341e-01 4.8179316681e-01 2.0288825336e+00 9.4749905459e-03 4.7374952729e-03
4.1159276923e-01 5.8307407459e-01 6.0440248386e-01 4.6981506595e-01 2.0143884218e+00 9.6471447542e-03 4.8235723771e-03
4.1646422329e-01 5.7251769803e-01 6.2537520186e-01 4.5794264083e-01 1.9996877057e+00 9.8250237841e-03 4.9125118920e-03
4.2139503609e-01 5.6198838665e-01 6.4334759787e-01 4.4617522923e-01 1.9848062693e+00 1.0009103628e-02 5.0045518142e-03
4.2649827691e-01 5.5131635856e-01 6.6472164195e-01 4.3438937095e-01 1.9697827037e+00 1.0202853430e-02 5.1014267151e-03
4.3158769641e-01 5.4085754643e-01 6.8445528987e-01 4.2284827778e-01 1.9545270310e+00 1.0400150718e-02 5.2000753591e-03
4.3689781387e-01 5.3017370668e-01 7.0459430175e-01 4.1124365110e-01 1.9391929754e+00 1.0609730225e-02 5.3048651123e-03
4.4222121393e-01 5.1971203592e-01 7.2700338081e-01 3.9989517529e-01 1.9236382249e+00 1.0823301388e-02 5.4116506942e-03
4.4768741764e-01 5.0920158000e-01 7.4589421430e-01 3.8863005547e-01 1.9080363786e+00 1.1046705707e-02 5.5233528537e-03
4.5331565866e-01 4.9871317882e-01 7.6966589831e-01 3.7749337423e-01 1.8923370700e+00 1.1279028185e-02 5.6395140924e-03
4.5892638596e-01 4.8856041707e-01 7.8903739972e-01 3.6674586935e-01 1.8766658971e+00 1.1513417386e-02 5.7567086930e-03
4.6486228441e-01 4.7822666035e-01 8.1176120170e-01 3.5601696877e-01 1.8611309150e+00 1.1762204968e-02 5.8811024838e-03
4.7067855845e-01 4.6862769922e-01 8.3236074687e-01 3.4601221005e-01 1.8458800591e+00 1.2003131717e-02 6.0015658585e-03
4.7685429998e-01 4.5908457501e-01 8.5269644503e-01 3.3630964952e-01 1.8314144486e+00 1.2252644297e-02 6.1263221487e-03
4.8297206568e-01 4.5043162471e-01 8.7337627806e-01 3.2746728215e-01 1.8175193758e+00 1.2488021914e-02 6.2440109569e-03
4.8926138702e-01 4.4280523716e-01 8.8717984928e-01 3.1980986619e-01 1.8055899036e+00 1.2703101788e-02 6.3515508941e-03
4.9579486435e-01 4.3622753697e-01 9.0875751095e-01 3.1324537388e-01 1.7951948658e+00 1.2894646769e-02 6.4473233843e-03
5.0201079391e-01 4.3124591558e-01 9.1224895981e-01 3.0817387916e-01 1.7865321620e+00 1.3043601798e-02 6.5218008992e-03
5.0893953515e-01 4.2763989082e-01 9.2539126652e-01 3.0465650461e-01 1.7810341782e+00 1.3153590488e-02 6.5767952438e-03
5.1514757182e-01 4.2545028125e-01 9.3194560728e-01 3.0225710929e-01 1.7761012427e+00 1.3221286359e-02 6.6106431797e-03
5.2204775853e-01 4.2353272103e-01 9.3005243220e-01 3.0047326734e-01 1.7736130671e+00 1.3281146227e-02 6.6405731137e-03
5.2861845888e-01 4.2233898145e-01 9.3947816672e-01 2.9911650846e-01 1.7705949581e+00 1.3318685338e-02 6.6593426692e-03
5.3514203945e-01 4.2152644307e-01 9.3731671215e-01 2.9839590746e-01 1.7697342146e+00 1.3344358563e-02 6.6721792814e-03
5.4217956103e-01 4.2101990167e-01 9.3934608959e-01 2.9782280120e-01 1.7684603508e+00 1.3360413552e-02 6.6802067760e-03
5.4833585425e-01 4.2072718470e-01 9.4187801262e-01 2.9749234345e-01 1.7677271298e+00 1.3369708934e-02 6.6848544670e-03
5.5563286722e-01 4.2054137653e-01 9.4041318312e-01 2.9744946370e-01 1.7682532582e+00 1.3375616084e-02 6.6878080421e-03
5.6170169883e-01 4.2078298937e-01 9.4004038925e-01 2.9742518091e-01 1.7670936589e+00 1.3367935829e-02 6.6839679147e-03
5.6891945368e-01 4.2152017390e-01 9.3730715292e-01 2.9845448659e-01 1.7701079632e+00 1.3344557030e-02 6.6722785151e-03
5.7520941398e-01 4.2210782878e-01 9.3742279385e-01 2.9856012203e-01 1.7682692767e+00 1.3325978853e-02 6.6629894265e-03
5.8200383288e-01 4.2256024064e-01 9.3610648010e-01 2.9948635205e-01 1.7718559583e+00 1.3311711465e-02 6.6558557325e-03
5.8881805193e-01 4.2304144191e-01 9.3524244326e-01 2.9947911438e-01 1.7697977356e+00 1.3296569657e-02 6.6482848284e-03
5.9502034415e-01 4.2335194092e-01 9.3463438741e-01 3.0011330352e-01 1.7722447597e+00 1.3286817554e-02 6.6434087768e-03
6.0233836567e-01 4.2368696825e-01 9.3313560093e-01 3.0034231872e-01 1.7721946934e+00 1.3276311101e-02 6.6381555506e-03
6.0815601777e-01 4.2387368899e-01 9.3403180866e-01 3.0019345980e-01 1.7705360559e+00 1.3270462749e-02 6.6352313745e-03
6.1560901223e-01 4.2417189451e-01 9.3159487910e-01 3.0125563795e-01 1.7755516210e+00 1.3261133217e-02 6.6305666085e-03
6.2154180019e-01 4.2441748227e-01 9.3263198756e-01 3.0017969185e-01 1.7681864225e+00 1.3253459706e-02 6.6267298532e-03
6.2860879942e-01 4.2472195574e-01 9.3095558612e-01 3.0227893863e-01 1.7792754444e+00 1.3243958604e-02 6.6219793019e-03
6.3512251182e-01 4.2531194345e-01 9.3090126962e-01 3.0088932207e-01 1.7686390349e+00 1.3225586741e-02 6.6127933704e-03
6.4149510874e-01 4.2616980710e-01 9.3120293959e-01 3.0291226172e-01 1.7769458129e+00 1.3198964137e-02 6.5994820684e-03
6.4861804104e-01 4.2777784673e-01 9.2911164582e-01 3.0240972687e-01 1.7673292877e+00 1.3149348530e-02 6.5746742649e-03
6.5448987884e-01 4.2795072031e-01 9.3143032273e-01 2.9734584552e-01 1.7370332109e+00 1.3144036762e-02 6.5720183809e-03
6.6191558081e-01 4.2012234258e-01 9.2884960536e-01 2.8927398146e-01 1.7213675169e+00 1.3388957049e-02 6.6944785243e-03
6.6793762053e-01 4.0126223300e-01 9.3039065663e-01 2.7117772758e-01 1.6895293481e+00 1.4018264211e-02 7.0091321053e-03
6.7575113764e-01 3.6440822658e-01 9.2865183273e-01 2.8794727279e-01 1.9754443766e+00 1.5435985221e-02 7.7179926106e-03
6.8389237259e-01 3.2734379343e-01 9.2940745372e-01 3.0735571273e-01 2.3473464207e+00 1.7183768603e-02 8.5918843017e-03
6.9267984418e-01 2.9676158150e-01 9.2858158637e-01 2.9730748292e-01 2.5045988216e+00 1.8954609864e-02 9.4773049322e-03
7.0314269146e-01 2.7386925195e-01 9.2858944359e-01 3.2472722289e-01 2.9642541156e+00 2.0538997934e-02 1.0269498967e-02
7.1312683477e-01 2.6317044202e-01 9.2781085319e-01 3.1231364073e-01 2.9668381290e+00 2.1373980896e-02 1.0686990448e-02
7.2437594562e-01 2.5905326911e-01 9.3069275548e-01 3.0447519133e-01 2.9383453873e+00 2.1713680817e-02 1.0856840409e-02
7.3491743633e-01 2.5867333615e-01 9.2886233918e-01 3.0177316015e-01 2.9165468371e+00 2.1745573331e-02 1.0872786665e-02
7.4591690896e-01 2.5928865013e-01 9.3286499375e-01 2.9999474298e-01 2.8924785450e+00 2.1693969240e-02 1.0846984620e-02
7.5672360756e-01 2.5982241200e-01 9.3335195993e-01 2.9940422518e-01 2.8808544929e+00 2.1649402593e-02 1.0824701296e-02
7.6752179537e-01 2.5992773582e-01 9.3852981906e-01 2.9831624831e-01 2.8692229339e+00 2.1640630163e-02 1.0820315081e-02
7.7837660631e-01 2.5923874081e-01 9.4019049983e-01 2.9618272070e-01 2.8562737168e+00 2.1698145819e-02 1.0849072909e-02
7.8924286233e-01 2.5767408322e-01 9.3771238854e-01 2.9271378573e-01 2.8399614550e+00 2.1829902059e-02 1.0914951030e-02
8.0023742637e-01 2.5478829563e-01 9.3205107439e-01 2.8688398590e-01 2.8149250851e+00 2.2077152273e-02 1.1038576137e-02
8.1139944511e-01 2.4912621819e-01 9.1772276787e-01 2.7645356377e-01 2.7742319312e+00 2.2578916185e-02 1.1289458092e-02
8.2293242612e-01 2.3822621922e-01 8.8388613190e-01 2.5808119235e-01 2.7083625933e+00 2.3612010544e-02 1.1806005272e-02
8.3511517642e-01 2.2063149871e-01 8.1442941455e-01 2.3091829314e-01 2.6165608095e+00 2.5494999730e-02 1.2747499865e-02
8.4848651278e-01 1.9810772664e-01 6.9655143322e-01 1.9796603303e-01 2.4982119121e+00 2.8393642668e-02 1.4196821334e-02
8.6403166038e-01 1.7425682239e-01 5.3650094650e-01 1.6420100630e-01 2.3557328208e+00 3.2279941313e-02 1.6139970656e-02
8.8066858967e-01 1.5499894187e-01 3.7132336143e-01 1.3846124649e-01 2.2332611568e+00 3.6290570324e-02 1.8145285162e-02
9.0076765681e-01 1.4028985113e-01 2.1101142601e-01 1.1945221164e-01 2.1286680875e+00 4.0095558979e-02 2.0047779490e-02
9.2105145561e-01 1.3170824766e-01 1.1003903673e-01 1.0854265574e-01 2.0602858527e+00 4.2708031576e-02 2.1354015788e-02
9.4243620485e-01 1.2647748875e-01 5.0421881598e-02 1.0273199390e-01 2.0306379205e+00 4.4474317570e-02 2.2237158785e-02
9.6668325412e-01 1.2323191550e-01 1.8185362040e-02 1.0106634491e-01 2.0503281252e+00 4.5645642829e-02 2.2822821414e-02
9.8687241837e-01 1.2191058497e-01 7.8477039126e-03 1.0219225300e-01 2.0956394603e+00 4.6140374122e-02 2.3070187061e-02
