# x  rho  v  p  e  w  vol
1.4062500000e-03 1.0000000000e+00 -9.3497119421e-17 1.0000000000e+00 2.5000000000e+00 0.0000000000e+00 2.8125000000e-03
4.2187500000e-03 1.0000000000e+00 -2.0417493150e-16 1.0000000000e+00 2.5000000000e+00 0.0000000000e+00 2.8125000000e-03
7.0312500000e-03 1.0000000000e+00 -4.3439768025e-16 1.0000000000e+00 2.5000000000e+00 0.0000000000e+00 2.8125000000e-03
9.8437500000e-03 1.0000000000e+00 -6.5381678872e-16 1.0000000000e+00 2.5000000000e+00 0.0000000000e+00 2.8125000000e-03
1.2656250000e-02 1.0000000000e+00 7.5297727828e-16 1.0000000000e+00 2.5000000000e+00 0.0000000000e+00 2.8125000000e-03
1.5468750000e-02 1.0000000000e+00 6.1006972780e-16 1.0000000000e+00 2.5000000000e+00 0.0000000000e+00 2.8125000000e-03
1.8281250000e-02 1.0000000000e+00 5.0714258807e-16 1.0000000000e+00 2.5000000000e+00 0.0000000000e+00 2.8125000000e-03
2.1093750000e-02 1.0000000000e+00 4.1421970810e-16 1.0000000000e+00 2.5000000000e+00 0.0000000000e+00 2.8125000000e-03
2.3906250000e-02 1.0000000000e+00 -1.9394873044e-16 1.0000000000e+00 2.5000000000e+00 0.0000000000e+00 2.8125000000e-03
2.6718750000e-02 1.0000000000e+00 -6.4586609047e-17 1.0000000000e+00 2.5000000000e+00 0.0000000000e+00 2.8125000000e-03
2.9531250000e-02 1.0000000000e+00 -1.6784940833e-16 1.0000000000e+00 2.5000000000e+00 0.0000000000e+00 2.8125000000e-03
3.2343750000e-02 1.0000000000e+00 -5.2905618725e-16 1.0000000000e+00 2.5000000000e+00 0.0000000000e+00 2.8125000000e-03
3.5156250000e-02 1.0000000000e+00 -6.3858220314e-16 1.0000000000e+00 2.5000000000e+00 0.0000000000e+00 2.8125000000e-03
3.7968750000e-02 1.0000000000e+00 2.6763738960e-16 1.0000000000e+00 2.5000000000e+00 0.0000000000e+00 2.8125000000e-03
4.0781250000e-02 1.0000000000e+00 2.5585853337e-17 1.0000000000e+00 2.5000000000e+00 0.0000000000e+00 2.8125000000e-03
4.3593750000e-02 1.0000000000e+00 -2.2369128079e-16 1.0000000000e+00 2.5000000000e+00 0.0000000000e+00 2.8125000000e-03
4.6406250000e-02 1.0000000000e+00 4.8153129068e-16 1.0000000000e+00 2.5000000000e+00 0.0000000000e+00 2.8125000000e-03
4.9218750000e-02 1.0000000000e+00 4.1047548325e-16 1.0000000000e+00 2.5000000000e+00 0.0000000000e+00 2.8125000000e-03
5.2031250000e-02 1.0000000000e+00 3.3270417414e-16 1.0000000000e+00 2.5000000000e+00 0.0000000000e+00 2.8125000000e-03
5.4843750000e-02 1.0000000000e+00 2.6462386959e-16 1.0000000000e+00 2.5000000000e+00 0.0000000000e+00 2.8125000000e-03
5.7656250000e-02 1.0000000000e+00 6.1697027537e-17 1.0000000000e+00 2.5000000000e+00 0.0000000000e+00 2.8125000000e-03
6.0468750000e-02 1.0000000000e+00 -2.6496733479e-16 1.0000000000e+00 2.5000000000e+00 0.0000000000e+00 2.8125000000e-03
6.3281250000e-02 1.0000000000e+00 -3.3112444146e-16 1.0000000000e+00 2.5000000000e+00 0.0000000000e+00 2.8125000000e-03
6.6093750000e-02 1.0000000000e+00 -3.2912353699e-16 1.0000000000e+00 2.5000000000e+00 0.0000000000e+00 2.8125000000e-03
6.8906250000e-02 1.0000000000e+00 -5.2399949262e-16 1.0000000000e+00 2.5000000000e+00 0.0000000000e+00 2.8125000000e-03
7.1718750000e-02 1.0000000000e+00 -8.8474051841e-16 1.0000000000e+00 2.5000000000e+00 0.0000000000e+00 2.8125000000e-03
7.4531250000e-02 1.0000000000e+00 -1.2308337396e-15 1.0000000000e+00 2.5000000000e+00 0.0000000000e+00 2.8125000000e-03
7.7343750000e-02 1.0000000000e+00 -1.3433617353e-15 1.0000000000e+00 2.5000000000e+00 0.0000000000e+00 2.8125000000e-03
8.0156250000e-02 1.0000000000e+00 -1.4406502112e-15 1.0000000000e+00 2.5000000000e+00 0.0000000000e+00 2.8125000000e-03
8.2968750000e-02 1.0000000000e+00 -1.0996133794e-15 1.0000000000e+00 2.5000000000e+00 0.0000000000e+00 2.8125000000e-03
8.5781250000e-02 1.0000000000e+00 -1.2484214060e-16 1.0000000000e+00 2.5000000000e+00 0.0000000000e+00 2.8125000000e-03
8.8593750000e-02 1.0000000000e+00 -2.0682216551e-16 1.0000000000e+00 2.5000000000e+00 0.0000000000e+00 2.8125000000e-03
9.1406250000e-02 1.0000000000e+00 -2.9986507949e-16 1.0000000000e+00 2.5000000000e+00 0.0000000000e+00 2.8125000000e-03
9.4218750000e-02 1.0000000000e+00 -4.0061129866e-16 1.0000000000e+00 2.5000000000e+00 0.0000000000e+00 2.8125000000e-03
9.7031250000e-02 1.0000000000e+00 1.1277626708e-15 1.0000000000e+00 2.5000000000e+00 0.0000000000e+00 2.8125000000e-03
9.9843750000e-02 1.0000000000e+00 1.2809330597e-15 1.0000000000e+00 2.5000000000e+00 0.0000000000e+00 2.8125000000e-03
1.0265625000e-01 1.0000000000e+00 1.1735958001e-15 1.0000000000e+00 2.5000000000e+00 0.0000000000e+00 2.8125000000e-03
1.0546875000e-01 1.0000000000e+00 1.0788071507e-15 1.0000000000e+00 2.5000000000e+00 0.0000000000e+00 2.8125000000e-03
1.0828125000e-01 1.0000000000e+00 7.0400582410e-16 1.0000000000e+00 2.5000000000e+00 0.0000000000e+00 2.8125000000e-03
1.1109375000e-01 1.0000000000e+00 3.5554425045e-16 1.0000000000e+00 2.5000000000e+00 0.0000000000e+00 2.8125000000e-03
1.1390625000e-01 1.0000000000e+00 2.3267880224e-16 1.0000000000e+00 2.5000000000e+00 0.0000000000e+00 2.8125000000e-03
1.1671875000e-01 1.0000000000e+00 1.6098642178e-16 1.0000000000e+00 2.5000000000e+00 0.0000000000e+00 2.8125000000e-03
1.1953125000e-01 1.0000000000e+00 1.1885830518e-16 1.0000000000e+00 2.5000000000e+00 0.0000000000e+00 2.8125000000e-03
1.2234375000e-01 1.0000000000e+00 7.0417569436e-16 1.0000000000e+00 2.5000000000e+00 0.0000000000e+00 2.8125000000e-03
1.2515625000e-01 1.0000000000e+00 5.7512038617e-15 1.0000000000e+00 2.5000000000e+00 0.0000000000e+00 2.8125000000e-03
1.2796875000e-01 1.0000000000e+00 2.1893637044e-14 1.0000000000e+00 2.5000000000e+00 0.0000000000e+00 2.8125000000e-03
1.3078125000e-01 1.0000000000e+00 5.8890089385e-14 1.0000000000e+00 2.5000000000e+00 0.0000000000e+00 2.8125000000e-03
1.3359375000e-01 1.0000000000e+00 1.4323046721e-13 1.0000000000e+00 2.5000000000e+00 0.0000000000e+00 2.8125000000e-03
1.3640625000e-01 1.0000000000e+00 3.4041296298e-13 1.0000000000e+00 2.5000000000e+00 0.0000000000e+00 2.8125000000e-03
1.3921875000e-01 1.0000000000e+00 7.9715588580e-13 1.0000000000e+00 2.5000000000e+00 0.0000000000e+00 2.8125000000e-03
1.4203125000e-01 1.0000000000e+00 1.8714160442e-12 1.0000000000e+00 2.5000000000e+00 0.0000000000e+00 2.8125000000e-03
1.4484375000e-01 1.0000000000e+00 4.3430432756e-12 9.9999999999e-01 2.5000000000e+00 0.0000000000e+00 2.8125000000e-03
1.4765625000e-01 9.9999999999e-01 9.9262498497e-12 9.9999999999e-01 2.5000000000e+00 0.0000000000e+00 2.8125000000e-03
1.5046875000e-01 9.9999999998e-01 2.2463987588e-11 9.9999999997e-01 2.5000000000e+00 0.0000000000e+00 2.8125000001e-03
1.5328125000e-01 9.9999999996e-01 5.0324928333e-11 9.9999999994e-01 2.4999999999e+00 0.0000000000e+00 2.8125000001e-03
1.5609375000e-01 9.9999999991e-01 1.1153719883e-10 9.9999999986e-01 2.4999999999e+00 0.0000000000e+00 2.8125000003e-03
1.5890625000e-01 9.9999999980e-01 2.4447015888e-10 9.9999999969e-01 2.4999999997e+00 0.0000000000e+00 2.8125000006e-03
1.6171875000e-01 9.9999999958e-01 5.2980484261e-10 9.9999999934e-01 2.4999999994e+00 0.0000000000e+00 2.8125000012e-03
1.6453125000e-01 9.9999999909e-01 1.1351362019e-09 9.9999999859e-01 2.4999999987e+00 0.0000000000e+00 2.8125000026e-03
1.6734375001e-01 9.9999999807e-01 2.4040403004e-09 9.9999999701e-01 2.4999999973e+00 0.0000000000e+00 2.8125000054e-03
1.7015625001e-01 9.9999999596e-01 5.0316843295e-09 9.9999999374e-01 2.4999999945e+00 0.0000000000e+00 2.8125000114e-03
1.7296875003e-01 9.9999999163e-01 1.0405780695e-08 9.9999998706e-01 2.4999999886e+00 0.0000000000e+00 2.8125000235e-03
1.7578125006e-01 9.9999998289e-01 2.1258574528e-08 9.9999997359e-01 2.4999999768e+00 0.0000000000e+00 2.8125000481e-03
1.7859375013e-01 9.9999996544e-01 4.2893968409e-08 9.9999994676e-01 2.4999999533e+00 0.0000000000e+00 2.8125000972e-03
1.8140625026e-01 9.9999993110e-01 8.5459582394e-08 9.9999989401e-01 2.4999999073e+00 0.0000000000e+00 2.8125001938e-03
1.8421875051e-01 9.9999986437e-01 1.6808266248e-07 9.9999979171e-01 2.4999998184e+00 0.0000000000e+00 2.8125003815e-03
1.8703125102e-01 9.9999973650e-01 3.2626643161e-07 9.9999959603e-01 2.4999996488e+00 0.0000000000e+00 2.8125007411e-03
1.8984375200e-01 9.9999949490e-01 6.2487510723e-07 9.9999922699e-01 2.4999993302e+00 0.0000000000e+00 2.8125014206e-03
1.9265625386e-01 9.9999904494e-01 1.1804923356e-06 9.9999854096e-01 2.4999987400e+00 0.0000000000e+00 2.8125026861e-03
1.9546875737e-01 9.9999821918e-01 2.1991414743e-06 9.9999728444e-01 2.4999976632e+00 0.0000000000e+00 2.8125050086e-03
1.9828126388e-01 9.9999672657e-01 4.0385619083e-06 9.9999501778e-01 2.4999957280e+00 0.0000000000e+00 2.8125092065e-03
2.0109377578e-01 9.9999407027e-01 7.3086871616e-06 9.9999099231e-01 2.4999923051e+00 0.0000000000e+00 2.8125166775e-03
2.0390629723e-01 9.9998941805e-01 1.3029802222e-05 9.9998395732e-01 2.4999863480e+00 0.0000000000e+00 2.8125297620e-03
2.0671883530e-01 9.9998140348e-01 2.2874917242e-05 9.9997186480e-01 2.4999761529e+00 0.0000000000e+00 2.8125523037e-03
2.0953140184e-01 9.9996782923e-01 3.9530476369e-05 9.9995143106e-01 2.4999590033e+00 0.0000000000e+00 2.8125904832e-03
2.1234401627e-01 9.9994523884e-01 6.7216001143e-05 9.9991750676e-01 2.4999306660e+00 0.0000000000e+00 2.8126540242e-03
2.1515670989e-01 9.9990832053e-01 1.1240571851e-04 9.9986220484e-01 2.4998847002e+00 0.0000000000e+00 2.8127578722e-03
2.1796953202e-01 9.9984911132e-01 1.8478913743e-04 9.9977374419e-01 2.4998115537e+00 0.0000000000e+00 2.8129244384e-03
2.2078255876e-01 9.9975598655e-01 2.9848698519e-04 9.9963499356e-01 2.4996974437e+00 0.0000000000e+00 2.8131864553e-03
2.2359590493e-01 9.9961245356e-01 4.7349753717e-04 9.9942175236e-01 2.4995230622e+00 0.0000000000e+00 2.8135903969e-03
2.2640973956e-01 9.9939582441e-01 7.3728170807e-04 9.9910088843e-01 2.4992622143e+00 0.0000000000e+00 2.8142002711e-03
2.2922430547e-01 9.9907591892e-01 1.1263046109e-03 9.9862856521e-01 2.4988805813e+00 0.0000000000e+00 2.8151013819e-03
2.3203994232e-01 9.9861403823e-01 1.6872485344e-03 9.9794891677e-01 2.4983348886e+00 0.0000000000e+00 2.8164034275e-03
2.3485711232e-01 9.9796252755e-01 2.4775238565e-03 9.9699363494e-01 2.4975728232e+00 0.0000000000e+00 2.8182420906e-03
2.3767642650e-01 9.9706528128e-01 3.5646707394e-03 9.9568296774e-01 2.4965340445e+00 0.0000000000e+00 2.8207781906e-03
2.4049866870e-01 9.9585949311e-01 5.0243108981e-03 9.9392853347e-01 2.4951525299e+00 0.0000000000e+00 2.8241935930e-03
2.4332481369e-01 9.9427878915e-01 6.9365064284e-03 9.9163809441e-01 2.4933602759e+00 0.0000000000e+00 2.8286834947e-03
2.4615603569e-01 9.9225760581e-01 9.3807032593e-03 9.8872201886e-01 2.4910920639e+00 0.0000000000e+00 2.8344453936e-03
2.4899370448e-01 9.8973634001e-01 1.2429814991e-02 9.8510068091e-01 2.4882906717e+00 0.0000000000e+00 2.8416658925e-03
2.5183936748e-01 9.8666650874e-01 1.6144321777e-02 9.8071165630e-01 2.4849116890e+00 0.0000000000e+00 2.8505072130e-03
2.5469471890e-01 9.8301502516e-01 2.0567390501e-02 9.7551543692e-01 2.4809270763e+00 0.0000000000e+00 2.8610956374e-03
2.5756155875e-01 9.7876680781e-01 2.5721885500e-02 9.6949860346e-01 2.4763268322e+00 0.0000000000e+00 2.8735138723e-03
2.6044174665e-01 9.7392527990e-01 3.1609753111e-02 9.6267392886e-01 2.4711185466e+00 0.0000000000e+00 2.8877985386e-03
2.6333715583e-01 9.6851077897e-01 3.8213745031e-02 9.5507756396e-01 2.4653250761e+00 0.0000000000e+00 2.9039428998e-03
2.6624963245e-01 9.6255733453e-01 4.5500971745e-02 9.4676405340e-01 2.4589809340e+00 0.0000000000e+00 2.9219038691e-03
2.6918096357e-01 9.5610853290e-01 5.3427483723e-02 9.3780025808e-01 2.4521281471e+00 0.0000000000e+00 2.9416116510e-03
2.7213285575e-01 9.4921324014e-01 6.1943038427e-02 9.2825926885e-01 2.4448122656e+00 0.0000000000e+00 2.9629801619e-03
2.7510692389e-01 9.4192179237e-01 7.0995363601e-02 9.1821513811e-01 2.4370790270e+00 0.0000000000e+00 2.9859166895e-03
2.7810468913e-01 9.3428303497e-01 8.0533512343e-02 9.0773889341e-01 2.4289718946e+00 0.0000000000e+00 3.0103297338e-03
2.8112758336e-01 9.2634230770e-01 9.0510160227e-02 8.9689592969e-01 2.4205305162e+00 0.0000000000e+00 3.0361346736e-03
2.8417695847e-01 9.1814032992e-01 1.0088293764e-01 8.8574464128e-01 2.4117899313e+00 0.0000000000e+00 3.0632572259e-03
2.8725409781e-01 9.0971276185e-01 1.1161496115e-01 8.7433599850e-01 2.4027804027e+00 0.0000000000e+00 3.0916352039e-03
2.9036022888e-01 9.0109029488e-01 1.2267483543e-01 8.6271378488e-01 2.3935275682e+00 0.0000000000e+00 3.1212188345e-03
2.9349653548e-01 8.9229898447e-01 1.3403627606e-01 8.5091519511e-01 2.3840529069e+00 0.0000000000e+00 3.1519704146e-03
2.9666416971e-01 8.8336081205e-01 1.4567760734e-01 8.3897163416e-01 2.3743741592e+00 0.0000000000e+00 3.1838632206e-03
2.9986426192e-01 8.7429417775e-01 1.5758112607e-01 8.2690952092e-01 2.3645059694e+00 0.0000000000e+00 3.2168806239e-03
3.0309793096e-01 8.6511453823e-01 1.6973257990e-01 8.1475109856e-01 2.3544601973e+00 0.0000000000e+00 3.2510146064e-03
3.0636629114e-01 8.5583476585e-01 1.8212055124e-01 8.0251509855e-01 2.3442466075e+00 0.0000000000e+00 3.2862651907e-03
3.0967046134e-01 8.4646576276e-01 1.9473610778e-01 7.9021739663e-01 2.3338728847e+00 0.0000000000e+00 3.3226388163e-03
3.1301156877e-01 8.3701656906e-01 2.0757224620e-01 7.7787145697e-01 2.3233454561e+00 0.0000000000e+00 3.3601485370e-03
3.1639075841e-01 8.2749501733e-01 2.2062377881e-01 7.6548884560e-01 2.3126690481e+00 0.0000000000e+00 3.3988120062e-03
3.1980919278e-01 8.1790750607e-01 2.3388676242e-01 7.5307946401e-01 2.3018478814e+00 0.0000000000e+00 3.4386528784e-03
3.2326806417e-01 8.0825985368e-01 2.4735867292e-01 7.4065198940e-01 2.2908845034e+00 0.0000000000e+00 3.4796977571e-03
3.2676858829e-01 7.9855659707e-01 2.6103768134e-01 7.2821391153e-01 2.2797817781e+00 0.0000000000e+00 3.5219795445e-03
3.3031202326e-01 7.8880229897e-01 2.7492322020e-01 7.1577198454e-01 2.2685404995e+00 0.0000000000e+00 3.5655322046e-03
3.3389965270e-01 7.7900010902e-01 2.8901489997e-01 7.0333205435e-01 2.2571628881e+00 0.0000000000e+00 3.6103974408e-03
3.3753281814e-01 7.6915392171e-01 3.0331367046e-01 6.9089961843e-01 2.2456481041e+00 0.0000000000e+00 3.6566153024e-03
3.4121288331e-01 7.5926573868e-01 3.1782006120e-01 6.7847939176e-01 2.2339984448e+00 0.0000000000e+00 3.7042366812e-03
3.4494129150e-01 7.4933930863e-01 3.3253629737e-01 6.6607609444e-01 2.2222112425e+00 0.0000000000e+00 3.7533063695e-03
3.4871949605e-01 7.3937551969e-01 3.4746336607e-01 6.5369365420e-01 2.2102897540e+00 0.0000000000e+00 3.8038857456e-03
3.5254906300e-01 7.2937852813e-01 3.6260468831e-01 6.4133638386e-01 2.1982289001e+00 0.0000000000e+00 3.8560224788e-03
3.5643154100e-01 7.1934793007e-01 3.7796121990e-01 6.2900765285e-01 2.1860341379e+00 0.0000000000e+00 3.9097909126e-03
3.6036864482e-01 7.0928897439e-01 3.9353765622e-01 6.1671168316e-01 2.1736968479e+00 0.0000000000e+00 3.9652385721e-03
3.6436201815e-01 6.9919952625e-01 4.0933431386e-01 6.0445143360e-01 2.1612265559e+00 0.0000000000e+00 4.0224569589e-03
3.6841355874e-01 6.8908686620e-01 4.2535742405e-01 5.9223134142e-01 2.1486091612e+00 0.0000000000e+00 4.0814883260e-03
3.7252499480e-01 6.7894633705e-01 4.4160582372e-01 5.8005404129e-01 2.1358611485e+00 0.0000000000e+00 4.1424481532e-03
3.7669845505e-01 6.6878860661e-01 4.5808778125e-01 5.6792451995e-01 2.1229597601e+00 0.0000000000e+00 4.2053647030e-03
3.8093572421e-01 6.5860520333e-01 4.7479942620e-01 5.5584512486e-01 2.1099329388e+00 0.0000000000e+00 4.2703883689e-03
3.8523923178e-01 6.4841218070e-01 4.9175190062e-01 5.4382179437e-01 2.0967442106e+00 0.0000000000e+00 4.3375187631e-03
3.8961076173e-01 6.3819523842e-01 5.0893679046e-01 5.3185658396e-01 2.0834399567e+00 0.0000000000e+00 4.4069586087e-03
3.9405314900e-01 6.2797877633e-01 5.2636942740e-01 5.1995690023e-01 2.0699620745e+00 0.0000000000e+00 4.4786545438e-03
3.9856807082e-01 6.1773960863e-01 5.4403408501e-01 5.0812446837e-01 2.0563861426e+00 0.0000000000e+00 4.5528892120e-03
4.0315892742e-01 6.0751485753e-01 5.6195228640e-01 4.9636885452e-01 2.0426202272e+00 0.0000000000e+00 4.6295164063e-03
4.0782710363e-01 5.9726790234e-01 5.8009681319e-01 4.8469139731e-01 2.0287855559e+00 0.0000000000e+00 4.7089421497e-03
4.1257681172e-01 5.8705501887e-01 5.9849834749e-01 4.7310477079e-01 2.0147377826e+00 0.0000000000e+00 4.7908627123e-03
4.1740882906e-01 5.7681949163e-01 6.1711187990e-01 4.6160988797e-01 2.0006687303e+00 0.0000000000e+00 4.8758754529e-03
4.2232856263e-01 5.6664613475e-01 6.3598153985e-01 4.5022385516e-01 1.9863536851e+00 0.0000000000e+00 4.9634151326e-03
4.2733565932e-01 5.5644854342e-01 6.5503505591e-01 4.3894721641e-01 1.9720925753e+00 0.0000000000e+00 5.0543757069e-03
4.3243731404e-01 5.4635365896e-01 6.7433600955e-01 4.2780339023e-01 1.9575387811e+00 0.0000000000e+00 5.1477645548e-03
4.3763118843e-01 5.3623180523e-01 6.9377065839e-01 4.1679287512e-01 1.9431562575e+00 0.0000000000e+00 5.2449332034e-03
4.4292718045e-01 5.2627156891e-01 7.1343006672e-01 4.0594812207e-01 1.9284156035e+00 0.0000000000e+00 5.3441990146e-03
4.4831958646e-01 5.1628117973e-01 7.3313773970e-01 3.9527053657e-01 1.9140274336e+00 0.0000000000e+00 5.4476128715e-03
4.5382240619e-01 5.0653866837e-01 7.5302215926e-01 3.8480563816e-01 1.8991918198e+00 0.0000000000e+00 5.5523895323e-03
4.5942436553e-01 4.9676481348e-01 7.7281224708e-01 3.7455807298e-01 1.8849869335e+00 0.0000000000e+00 5.6616328768e-03
4.6514567195e-01 4.8736631377e-01 7.9268438703e-01 3.6459260355e-01 1.8702185258e+00 0.0000000000e+00 5.7708132888e-03
4.7096599210e-01 4.7794368958e-01 8.1222546337e-01 3.5492232630e-01 1.8565070218e+00 0.0000000000e+00 5.8845844423e-03
4.7691484083e-01 4.6908698050e-01 8.3166670155e-01 3.4564094888e-01 1.8420941278e+00 0.0000000000e+00 5.9956897482e-03
4.8295737160e-01 4.6023635897e-01 8.5038326900e-01 3.3678074529e-01 1.8293901531e+00 0.0000000000e+00 6.1109904621e-03
4.8913682176e-01 4.5223965128e-01 8.6865643073e-01 3.2847939428e-01 1.8158480429e+00 0.0000000000e+00 6.2190477816e-03
4.9539546716e-01 4.4433051447e-01 8.8555406307e-01 3.2080757102e-01 1.8050052864e+00 0.0000000000e+00 6.3297475830e-03
5.0179631692e-01 4.3770905992e-01 9.0138511976e-01 3.1396596015e-01 1.7932343016e+00 0.0000000000e+00 6.4255009949e-03
5.0824646915e-01 4.3134579307e-01 9.1481615931e-01 3.0808634123e-01 1.7856111395e+00 0.0000000000e+00 6.5202907857e-03
5.1483689849e-01 4.2688122512e-01 9.2618520796e-01 3.0343016773e-01 1.7770175278e+00 0.0000000000e+00 6.5884837151e-03
5.2142343658e-01 4.2292014797e-01 9.3384621002e-01 3.0017161491e-01 1.7743988809e+00 0.0000000000e+00 6.6501915634e-03
5.2813728162e-01 4.2149043907e-01 9.3839838338e-01 2.9848919350e-01 1.7704386970e+00 0.0000000000e+00 6.6727492235e-03
5.3476893503e-01 4.2056067767e-01 9.3855951629e-01 2.9831669578e-01 1.7733273201e+00 0.0000000000e+00 6.6875011130e-03
5.4151228385e-01 4.2152818812e-01 9.3723643919e-01 2.9875258365e-01 1.7718422638e+00 0.0000000000e+00 6.6721516598e-03
5.4811323835e-01 4.2150474175e-01 9.3581284000e-01 2.9941186956e-01 1.7758511346e+00 0.0000000000e+00 6.6725228008e-03
5.5485732945e-01 4.2275333238e-01 9.3446824890e-01 2.9996615760e-01 1.7738840514e+00 0.0000000000e+00 6.6528156837e-03
5.6141886972e-01 4.2248172495e-01 9.3328664094e-01 3.0050635245e-01 1.7782210135e+00 0.0000000000e+00 6.6570926833e-03
5.6817151481e-01 4.2377910973e-01 9.3228945558e-01 3.0093564858e-01 1.7753095992e+00 0.0000000000e+00 6.6367122291e-03
5.7469229418e-01 4.2312345739e-01 9.3152405597e-01 3.0129629176e-01 1.7801913750e+00 0.0000000000e+00 6.6469961683e-03
5.8146550715e-01 4.2447964402e-01 9.3091976325e-01 3.0156778971e-01 1.7761027764e+00 0.0000000000e+00 6.6257594201e-03
5.8794381302e-01 4.2340850143e-01 9.3048175321e-01 3.0177461021e-01 1.7818171411e+00 0.0000000000e+00 6.6425213252e-03
5.9475054980e-01 4.2490283354e-01 9.3013253673e-01 3.0193113461e-01 1.7764716470e+00 0.0000000000e+00 6.6191603774e-03
6.0118213377e-01 4.2344360403e-01 9.2987533899e-01 3.0205012194e-01 1.7832960462e+00 0.0000000000e+00 6.6419706739e-03
6.0803449115e-01 4.2515015425e-01 9.2965171095e-01 3.0214817886e-01 1.7767145080e+00 0.0000000000e+00 6.6153098427e-03
6.1441275346e-01 4.2334365032e-01 9.2947614022e-01 3.0222791010e-01 1.7847669964e+00 0.0000000000e+00 6.6435388787e-03
6.2132156891e-01 4.2526616071e-01 9.2930999728e-01 3.0229899669e-01 1.7771164545e+00 0.0000000000e+00 6.6135052817e-03
6.2763976402e-01 4.2317822853e-01 9.2917757004e-01 3.0235926687e-01 1.7862406812e+00 0.0000000000e+00 6.6461358605e-03
6.3461384063e-01 4.2521721835e-01 9.2904922203e-01 3.0241378945e-01 1.7779959066e+00 0.0000000000e+00 6.6142664940e-03
6.4086829701e-01 4.2297275924e-01 9.2895058607e-01 3.0245938455e-01 1.7877001411e+00 0.0000000000e+00 6.6493643824e-03
6.4791256939e-01 4.2490676581e-01 9.2885640325e-01 3.0249967319e-01 1.7798002852e+00 0.0000000000e+00 6.6190991208e-03
6.5410649525e-01 4.2270701762e-01 9.2879051557e-01 3.0253103598e-01 1.7892477731e+00 0.0000000000e+00 6.6535446131e-03
6.6121965862e-01 4.2410542559e-01 9.2873447640e-01 3.0255636510e-01 1.7834973738e+00 0.0000000000e+00 6.6316057996e-03
6.6736970685e-01 4.2343362638e-01 9.2870654165e-01 3.0257105344e-01 1.7864137056e+00 0.0000000000e+00 6.6421271831e-03
6.7450391298e-01 4.2075760826e-01 9.2869669887e-01 3.0257787421e-01 1.7978158224e+00 0.0000000000e+00 6.6843711078e-03
6.8073844906e-01 3.6473834575e-01 9.2871738314e-01 3.0256654619e-01 2.0738602735e+00 0.0000000000e+00 7.7110071721e-03
6.8992592733e-01 2.6897707732e-01 9.2881636017e-01 3.0252980112e-01 2.8118548626e+00 0.0000000000e+00 1.0456281360e-02
7.0165101178e-01 2.4890752501e-01 9.2909831004e-01 3.0243642432e-01 3.0376384192e+00 0.0000000000e+00 1.1299377148e-02
7.1252468162e-01 2.5864883558e-01 9.2961485096e-01 3.0224896279e-01 2.9214220326e+00 0.0000000000e+00 1.0873816593e-02
7.2339864497e-01 2.5970896932e-01 9.3048093743e-01 3.0197520151e-01 2.9068614987e+00 0.0000000000e+00 1.0829429601e-02
7.3418354083e-01 2.6100768940e-01 9.3151339609e-01 3.0150327356e-01 2.8878773097e+00 0.0000000000e+00 1.0775544607e-02
7.4494973418e-01 2.6154008812e-01 9.3349394804e-01 3.0095663555e-01 2.8767734778e+00 0.0000000000e+00 1.0753609591e-02
7.5569076001e-01 2.6172081425e-01 9.3605168115e-01 3.0026554341e-01 2.8681855537e+00 0.0000000000e+00 1.0746183899e-02
7.6644210198e-01 2.6131894509e-01 9.3810042575e-01 2.9906918114e-01 2.8611509685e+00 0.0000000000e+00 1.0762709910e-02
7.7721617983e-01 2.6081363757e-01 9.4029559180e-01 2.9765409541e-01 2.8531300949e+00 0.0000000000e+00 1.0783561880e-02
7.8800922574e-01 2.6086039285e-01 9.4571610911e-01 2.9708998548e-01 2.8472124710e+00 0.0000000000e+00 1.0781629090e-02
7.9877943801e-01 2.6077471313e-01 9.4999996742e-01 2.9667944943e-01 2.8442122116e+00 0.0000000000e+00 1.0785171485e-02
8.0957956871e-01 2.5862370356e-01 9.4824446758e-01 2.9388961816e-01 2.8408998684e+00 0.0000000000e+00 1.0874873267e-02
8.2052918454e-01 2.5082520215e-01 9.2990322100e-01 2.8383864029e-01 2.8290482561e+00 0.0000000000e+00 1.1212988073e-02
8.3200554486e-01 2.3131575110e-01 8.6601775321e-01 2.5746040607e-01 2.7825645773e+00 0.0000000000e+00 1.2158705089e-02
8.4484659472e-01 2.0086630401e-01 7.2236134198e-01 2.1223939984e-01 2.6415505687e+00 0.0000000000e+00 1.4001850703e-02
8.6000924626e-01 1.6766960675e-01 5.0347168236e-01 1.6337889034e-01 2.4360242370e+00 0.0000000000e+00 1.6774059739e-02
8.7839471420e-01 1.4628137675e-01 2.7756911740e-01 1.2940153204e-01 2.2115175375e+00 0.0000000000e+00 1.9226644310e-02
8.9846253488e-01 1.3316227217e-01 1.2805351422e-01 1.1171464165e-01 2.0973403322e+00 0.0000000000e+00 2.1120847176e-02
9.2063640855e-01 1.2905368784e-01 4.9735251545e-02 1.0446652824e-01 2.0237028866e+00 0.0000000000e+00 2.1793255560e-02
9.4204904600e-01 1.2530142551e-01 1.8212957424e-02 1.0161912960e-01 2.0274934860e+00 0.0000000000e+00 2.2445873928e-02
9.6552815641e-01 1.2723845910e-01 5.7475727512e-03 1.0056928783e-01 1.9760001918e+00 0.0000000000e+00 2.2104165831e-02
9.8625737767e-01 1.1666623059e-01 1.6206336166e-03 1.0012808275e-01 2.1456097930e+00 0.0000000000e+00 2.4107232965e-02
