# x  rho  v  p  e  w  vol
-2.6972043629e-01 3.7509781699e+00 2.6419760673e+00 1.0033827987e+01 6.6874742615e+00 1.6936755055e-03 1.7172331066e-02
-2.5254826904e-01 3.7546624539e+00 2.6468755873e+00 9.9791975578e+00 6.6445370792e+00 1.6920137259e-03 1.7155480618e-02
-2.3541041302e-01 3.7689675847e+00 2.6491639943e+00 9.9792823885e+00 6.6193739826e+00 1.6855920635e-03 1.7090366926e-02
-2.1836631675e-01 3.7694999041e+00 2.6499116094e+00 1.0002020928e+01 6.6335198189e+00 1.6853535763e-03 1.7087953467e-02
-2.0123438427e-01 3.7684785525e+00 2.6492435970e+00 1.0042602007e+01 6.6622390618e+00 1.6857329790e-03 1.7092584728e-02
-1.8418340803e-01 3.7909709060e+00 2.6458327207e+00 1.0104677303e+01 6.6636473566e+00 1.6746405158e-03 1.6991172064e-02
-1.6725337294e-01 3.8218528714e+00 2.6361785653e+00 1.0208681034e+01 6.6778349257e+00 1.6567576856e-03 1.6853877196e-02
-1.5047593495e-01 3.8602598712e+00 2.6202292605e+00 1.0348000914e+01 6.7016219501e+00 1.6374029758e-03 1.6686192408e-02
-1.3387934955e-01 3.8984903705e+00 2.6066994704e+00 1.0473159625e+01 6.7161635849e+00 1.6264110638e-03 1.6522559461e-02
-1.1742931305e-01 3.9123944908e+00 2.5986896315e+00 1.0554019551e+01 6.7439643267e+00 1.6230767852e-03 1.6463840522e-02
-1.0095262174e-01 3.9338095094e+00 2.5951864782e+00 1.0595036550e+01 6.7333182531e+00 1.6148745672e-03 1.6374214054e-02
-8.4679294215e-02 3.9342750245e+00 2.5933047043e+00 1.0599126989e+01 6.7351207805e+00 1.6147679848e-03 1.6372276609e-02
-6.8206684291e-02 3.9174440980e+00 2.5938594783e+00 1.0570915682e+01 6.7460539436e+00 1.6217056438e-03 1.6442618540e-02
-5.1794420935e-02 3.9052874422e+00 2.5953040987e+00 1.0524149290e+01 6.7371156708e+00 1.6267543485e-03 1.6493802289e-02
-3.5218507438e-02 3.8862058509e+00 2.5989690959e+00 1.0457448614e+01 6.7272868547e+00 1.6347414929e-03 1.6574788219e-02
-1.8644480282e-02 3.8630833578e+00 2.6071184059e+00 1.0360090731e+01 6.7045477483e+00 1.6445252647e-03 1.6673996647e-02
-1.8701470028e-03 3.8357857436e+00 2.6184868981e+00 1.0246845980e+01 6.6784530373e+00 1.6562286175e-03 1.6792658209e-02
1.4940981579e-02 3.8073292120e+00 2.6290018989e+00 1.0144739845e+01 6.6613229906e+00 1.6686080754e-03 1.6918168976e-02
3.1965877222e-02 3.7827225779e+00 2.6375923464e+00 1.0065961452e+01 6.6525903264e+00 1.6794626569e-03 1.7028221771e-02
4.8996325205e-02 3.7709616185e+00 2.6437669274e+00 1.0010421922e+01 6.6365180389e+00 1.6847007191e-03 1.7081329770e-02
6.6128106148e-02 3.7641047605e+00 2.6482530020e+00 9.9799370763e+00 6.6283603348e+00 1.6877694990e-03 1.7112445868e-02
8.3220933315e-02 3.7604904485e+00 2.6512907205e+00 9.9700787842e+00 6.6281771758e+00 1.6893915365e-03 1.7128893116e-02
1.0038517747e-01 3.7649584194e+00 2.6526089510e+00 9.9864582071e+00 6.6311875821e+00 1.6873866184e-03 1.7108565827e-02
1.1743792436e-01 3.7707794597e+00 2.6516006556e+00 1.0021898878e+01 6.6444477762e+00 1.6846808583e-03 1.7082154935e-02
1.3454846259e-01 3.7866769534e+00 2.6483935172e+00 1.0078182530e+01 6.6537115881e+00 1.6767410979e-03 1.7010439430e-02
1.5145722366e-01 3.8141969475e+00 2.6397820952e+00 1.0175853547e+01 6.6697221505e+00 1.6608366078e-03 1.6887706597e-02
1.6832246762e-01 3.8565969966e+00 2.6235365704e+00 1.0322711162e+01 6.6915931136e+00 1.6375846207e-03 1.6702040429e-02
1.8486424331e-01 3.8883244981e+00 2.6085069609e+00 1.0463776551e+01 6.7276898805e+00 1.6294392659e-03 1.6565757047e-02
2.0145435226e-01 3.9112521315e+00 2.5988593813e+00 1.0557663202e+01 6.7482629904e+00 1.6231238126e-03 1.6468649115e-02
2.1780155948e-01 3.9284861022e+00 2.5941843636e+00 1.0604951098e+01 6.7487518230e+00 1.6169673864e-03 1.6396402400e-02
2.3424809683e-01 3.9323941464e+00 2.5919704347e+00 1.0614515174e+01 6.7481251745e+00 1.6155404386e-03 1.6380107526e-02
2.5056250377e-01 3.9268895824e+00 2.5919656016e+00 1.0591230815e+01 6.7427607735e+00 1.6178048272e-03 1.6403068536e-02
2.6705473617e-01 3.9151767666e+00 2.5938469634e+00 1.0546411044e+01 6.7343134629e+00 1.6226451257e-03 1.6452140681e-02
2.8346748322e-01 3.8952068692e+00 2.5974617966e+00 1.0483427814e+01 6.7284153099e+00 1.6309641053e-03 1.6536487308e-02
3.0012821044e-01 3.8692542591e+00 2.6051542517e+00 1.0388201065e+01 6.7120175941e+00 1.6419026159e-03 1.6647404032e-02
3.1676274563e-01 3.8385482824e+00 2.6167031072e+00 1.0269805805e+01 6.6886001229e+00 1.6550365626e-03 1.6780572814e-02
3.3368906051e-01 3.8114712823e+00 2.6277406474e+00 1.0159710463e+01 6.6639033265e+00 1.6667947588e-03 1.6899783360e-02
3.5056249293e-01 3.7829947973e+00 2.6368501267e+00 1.0071559908e+01 6.6558113661e+00 1.6793416919e-03 1.7026996442e-02
3.6774184160e-01 3.7683739573e+00 2.6441207448e+00 1.0012243728e+01 6.6422838082e+00 1.6858575139e-03 1.7093059151e-02
3.8474828789e-01 3.7576749848e+00 2.6488993703e+00 9.9749650476e+00 6.6363942384e+00 1.6906575643e-03 1.7141727056e-02
4.0202441904e-01 3.7568075295e+00 2.6525024261e+00 9.9631703758e+00 6.6300777306e+00 1.6910475631e-03 1.7145685119e-02
4.1903924941e-01 3.7605268420e+00 2.6543352610e+00 9.9747651454e+00 6.6312285250e+00 1.6893745694e-03 1.7128727346e-02
4.3628156415e-01 3.7676197329e+00 2.6532444091e+00 1.0007606128e+01 6.6405362254e+00 1.6860953457e-03 1.7096480940e-02
4.5323156544e-01 3.7805038932e+00 2.6502644355e+00 1.0062320247e+01 6.6540866851e+00 1.6796098061e-03 1.7038215215e-02
4.7035628764e-01 3.8077163345e+00 2.6421647378e+00 1.0158190072e+01 6.6694766493e+00 1.6642730433e-03 1.6916448941e-02
4.8706225176e-01 3.8515132513e+00 2.6257526175e+00 1.0308803288e+01 6.6913980399e+00 1.6379341355e-03 1.6724086028e-02
5.0380785808e-01 3.8877961877e+00 2.6090314228e+00 1.0460840440e+01 6.7267160721e+00 1.6286661135e-03 1.6568008158e-02
5.2019893604e-01 3.9107730514e+00 2.5985954695e+00 1.0568539626e+01 6.7560425312e+00 1.6229195727e-03 1.6470666568e-02
5.3674914807e-01 3.9285608987e+00 2.5926029649e+00 1.0617916423e+01 6.7568740160e+00 1.6168757418e-03 1.6396090226e-02
5.5299169816e-01 3.9365079051e+00 2.5907720443e+00 1.0636131383e+01 6.7548012346e+00 1.6138519571e-03 1.6362989865e-02
5.6947580961e-01 3.9355074307e+00 2.5905311356e+00 1.0615836372e+01 6.7436261773e+00 1.6142622986e-03 1.6367149621e-02
5.8572687155e-01 3.9238465739e+00 2.5923191359e+00 1.0572086039e+01 6.7357921874e+00 1.6190597910e-03 1.6415789390e-02
6.0230852845e-01 3.8981081381e+00 2.5957702273e+00 1.0510476181e+01 6.7407546229e+00 1.6297503373e-03 1.6524179595e-02
6.1877528245e-01 3.8724271071e+00 2.6030122866e+00 1.0419189866e+01 6.7265242046e+00 1.6405573529e-03 1.6633764090e-02
6.3557688365e-01 3.8369810686e+00 2.6147465230e+00 1.0298303039e+01 6.7098995633e+00 1.6557127010e-03 1.6787426835e-02
6.5234859168e-01 3.8203201585e+00 2.6258659822e+00 1.0180422019e+01 6.6620215037e+00 1.6629338118e-03 1.6860638973e-02
6.6930046696e-01 3.7773317712e+00 2.6366951540e+00 1.0088621320e+01 6.6770818208e+00 1.6818593607e-03 1.7052523542e-02
6.8645051354e-01 3.7703780588e+00 2.6439912670e+00 1.0011851799e+01 6.6384933039e+00 1.6849614991e-03 1.7083973530e-02
7.0346988044e-01 3.7471393521e+00 2.6504060438e+00 9.9719487836e+00 6.6530410579e+00 1.6954107540e-03 1.7189923540e-02
7.2080751230e-01 4.0065384093e+00 2.6545592344e+00 9.9548338202e+00 6.2116176130e+00 1.5856433553e-03 1.6076980269e-02
7.3566573336e-01 3.7777165582e+00 2.6565971643e+00 9.9569535215e+00 6.5892671990e+00 1.6816845271e-03 1.7050786623e-02
7.5487404529e-01 3.9699319134e+00 2.6559561261e+00 9.9819782365e+00 6.2859883080e+00 1.6002088430e-03 1.6225225107e-02
7.6809229380e-01 4.4233797286e+00 2.6534352114e+00 1.0031959561e+01 5.6698498525e+00 1.4355762235e-03 1.4561951021e-02
7.8409038385e-01 3.7016631445e+00 2.6473131280e+00 1.0112417112e+01 6.8296443501e+00 1.7131229694e-03 1.7401107675e-02
8.0291107759e-01 3.0555273348e+00 2.6305942357e+00 1.0248316884e+01 8.3850639850e+00 2.0675392763e-03 2.1080825631e-02
8.2615877711e-01 3.2640070551e+00 2.6070835287e+00 1.0418840305e+01 7.9800994066e+00 1.9395337236e-03 1.9734344279e-02
8.4230517983e-01 4.2790411740e+00 2.5946642098e+00 1.0545147590e+01 6.1609290268e+00 1.4836585586e-03 1.5053147734e-02
8.5632951352e-01 4.8024997822e+00 2.5914931508e+00 1.0618058064e+01 5.5273599927e+00 1.3226993005e-03 1.3412398100e-02
8.6916737575e-01 4.7140664105e+00 2.5893131925e+00 1.0641063639e+01 5.6432508118e+00 1.3476541113e-03 1.3664007535e-02
8.8368703635e-01 4.1709267618e+00 2.5906537504e+00 1.0652585406e+01 6.3850230505e+00 1.5231487586e-03 1.5443339726e-02
9.0011184199e-01 3.2423784472e+00 2.5936090320e+00 1.0632972736e+01 8.1984358928e+00 1.9593456264e-03 1.9865984185e-02
9.2333568306e-01 3.1560801399e+00 2.5996051169e+00 1.0573970593e+01 8.3758730172e+00 2.0129208724e-03 2.0409189913e-02
9.4082992978e-01 4.0524412794e+00 2.6068179433e+00 1.0480471051e+01 6.4655292503e+00 1.5676823616e-03 1.5894872871e-02
9.5517537265e-01 4.6496885563e+00 2.6162579433e+00 1.0348191127e+01 5.5639162718e+00 1.3663153107e-03 1.3853194289e-02
9.6858109647e-01 4.5908331649e+00 2.6248199626e+00 1.0219610027e+01 5.5652262129e+00 1.3838323183e-03 1.4030794987e-02
9.8326148479e-01 4.1639699367e+00 2.6327198795e+00 1.0101204699e+01 6.0646479520e+00 1.5256938623e-03 1.5469141212e-02
9.9957884982e-01 3.2776180664e+00 2.6416092885e+00 1.0012297397e+01 7.6368701247e+00 1.9382789237e-03 1.9652393186e-02
1.0225129297e+00 2.9808239373e+00 2.6507028437e+00 9.9604165592e+00 8.3537444418e+00 2.1312691165e-03 2.1609139053e-02
1.0426860690e+00 3.6723219502e+00 2.6568738199e+00 9.9409373549e+00 6.7674740191e+00 1.7299522193e-03 1.7540139407e-02
1.0576083508e+00 4.4129832085e+00 2.6595736602e+00 9.9454120253e+00 5.6341773554e+00 1.4396027691e-03 1.4596257432e-02
1.0719401259e+00 4.4148827507e+00 2.6593494624e+00 9.9683613633e+00 5.6447486412e+00 1.4389584290e-03 1.4589977264e-02
1.0868019708e+00 4.2133455935e+00 2.6571930679e+00 1.0010347751e+01 5.9396669041e+00 1.5072396857e-03 1.5287860330e-02
1.1025678891e+00 3.4883928210e+00 2.6510399446e+00 1.0082428743e+01 7.2256976638e+00 1.8181521428e-03 1.8464961448e-02
1.1237120281e+00 3.0544520460e+00 2.6339456495e+00 1.0214668363e+01 8.3604753075e+00 2.0669392806e-03 2.1088246921e-02
1.1446398682e+00 3.6259127958e+00 2.6094029294e+00 1.0403111253e+01 7.1727533444e+00 1.7440311889e-03 1.7764640956e-02
1.1592297425e+00 4.4687331571e+00 2.5965031184e+00 1.0547381883e+01 5.9006554609e+00 1.4194952295e-03 1.4414160947e-02
1.1735293868e+00 4.6268816140e+00 2.5909324749e+00 1.0630430050e+01 5.7438416071e+00 1.3725167427e-03 1.3921479806e-02
1.1870921569e+00 4.4662303259e+00 2.5874201314e+00 1.0660418132e+01 5.9672348684e+00 1.4224124024e-03 1.4422238500e-02
1.2024114217e+00 3.8267027733e+00 2.5889226123e+00 1.0680108959e+01 6.9773572653e+00 1.6601604312e-03 1.6832516861e-02
1.2207729448e+00 3.2071563515e+00 2.5914121469e+00 1.0661603705e+01 8.3107919731e+00 1.9808638782e-03 2.0084159266e-02
1.2424861735e+00 3.5115614598e+00 2.5968510513e+00 1.0599711083e+01 7.5462947212e+00 1.8091498227e-03 1.8343133017e-02
1.2574150379e+00 4.3165216422e+00 2.6029136944e+00 1.0508426909e+01 6.0861660036e+00 1.4717735251e-03 1.4922440867e-02
1.2723920541e+00 4.5271750764e+00 2.6121526410e+00 1.0378587121e+01 5.7312711273e+00 1.4032901419e-03 1.4228086581e-02
1.2858937044e+00 4.3887337106e+00 2.6220291426e+00 1.0238743400e+01 5.8324018241e+00 1.4475570721e-03 1.4676907555e-02
1.3017788758e+00 3.8183439580e+00 2.6320364515e+00 1.0118305731e+01 6.6247998097e+00 1.6637949678e-03 1.6869365270e-02
1.3196615727e+00 3.1580982193e+00 2.6429837562e+00 1.0023840315e+01 7.9350289472e+00 2.0116336990e-03 2.0396148087e-02
1.3424905879e+00 3.2423549485e+00 2.6533609741e+00 9.9695577793e+00 7.6869728468e+00 1.9593593344e-03 1.9866128163e-02
1.3593284751e+00 3.9509141711e+00 2.6589249477e+00 9.9412317613e+00 6.2904629984e+00 1.6079682027e-03 1.6303325298e-02
1.3751425621e+00 4.3580771689e+00 2.6612700654e+00 9.9344971000e+00 5.6988992593e+00 1.4577395857e-03 1.4780151075e-02
1.3889221223e+00 4.2995687584e+00 2.6616414360e+00 9.9502165317e+00 5.7855898410e+00 1.4775590057e-03 1.4981278955e-02
1.4051279497e+00 3.9224999474e+00 2.6594749358e+00 9.9883839211e+00 6.3660828904e+00 1.6191276666e-03 1.6421425065e-02
1.4218021813e+00 3.3010360449e+00 2.6534318960e+00 1.0056520690e+01 7.6161851561e+00 1.9217357094e-03 1.9512976556e-02
1.4440947296e+00 3.2338707582e+00 2.6364095789e+00 1.0192251276e+01 7.8792970081e+00 1.9510191529e-03 1.9918247750e-02
1.4615637460e+00 3.9241258269e+00 2.6121474366e+00 1.0390057100e+01 6.6193450202e+00 1.6082220167e-03 1.6414621191e-02
1.4769557925e+00 4.4793961989e+00 2.5973009587e+00 1.0545205178e+01 5.8853943200e+00 1.4146115309e-03 1.4379848554e-02
1.4903606964e+00 4.5001423425e+00 2.5902318531e+00 1.0644936403e+01 5.9136664984e+00 1.4109597161e-03 1.4313555895e-02
1.5056019481e+00 4.2171236619e+00 2.5863254922e+00 1.0687902731e+01 6.3360145375e+00 1.5064285830e-03 1.5274164127e-02
1.5209463523e+00 3.5952027312e+00 2.5879269554e+00 1.0715093071e+01 7.4509658234e+00 1.7670600892e-03 1.7916385742e-02
1.5414051536e+00 3.3229334302e+00 2.5901044900e+00 1.0692943091e+01 8.0448068817e+00 1.9118471564e-03 1.9384390421e-02
1.5596383090e+00 3.8455918099e+00 2.5942991387e+00 1.0629341855e+01 6.9100819721e+00 1.6520064363e-03 1.6749837772e-02
1.5749144997e+00 4.3829042622e+00 2.5991624434e+00 1.0540026842e+01 6.0120106503e+00 1.4494825670e-03 1.4696428464e-02
1.5890692965e+00 4.4276842112e+00 2.6082244845e+00 1.0410941248e+01 5.8783219127e+00 1.4348222366e-03 1.4547794260e-02
1.6040321471e+00 4.1494310479e+00 2.6197467942e+00 1.0266656916e+01 6.1855811058e+00 1.5310391433e-03 1.5523342408e-02
1.6201458001e+00 3.5898132892e+00 2.6319839099e+00 1.0140404386e+01 7.0619302238e+00 1.7697128798e-03 1.7943283888e-02
1.6399121973e+00 3.1886723286e+00 2.6451073330e+00 1.0040247902e+01 7.8718090695e+00 1.9923454425e-03 2.0200582661e-02
1.6604682791e+00 3.5387208063e+00 2.6553295902e+00 9.9702557698e+00 7.0436863456e+00 1.7952646853e-03 1.8202351211e-02
1.6763022806e+00 4.0867780885e+00 2.6609951126e+00 9.9310528607e+00 6.0751113993e+00 1.5545117461e-03 1.5761325318e-02
1.6920294390e+00 4.2627384453e+00 2.6633989631e+00 9.9131102356e+00 5.8138156744e+00 1.4903427441e-03 1.5110718094e-02
1.7065476128e+00 4.1113401578e+00 2.6646246514e+00 9.9236422842e+00 6.0343111389e+00 1.5452125988e-03 1.5667163621e-02
1.7233882063e+00 3.6716981026e+00 2.6628790038e+00 9.9574245014e+00 6.7798496930e+00 1.7298761975e-03 1.7543119602e-02
1.7416441877e+00 3.2387861172e+00 2.6566131925e+00 1.0023865453e+01 7.7373629271e+00 1.9587703706e-03 1.9888018728e-02
1.7630919065e+00 3.4836170612e+00 2.6402848734e+00 1.0159837920e+01 7.2911558174e+00 1.8103133348e-03 1.8490275430e-02
1.7785911415e+00 4.1035472769e+00 2.6164189249e+00 1.0361511439e+01 6.3125332423e+00 1.5336714150e-03 1.5696916499e-02
1.7945279055e+00 4.3962915018e+00 2.5992652353e+00 1.0531083262e+01 5.9886174845e+00 1.4397695887e-03 1.4651676061e-02
1.8079152624e+00 4.3641131552e+00 2.5908606909e+00 1.0650187384e+01 6.1010032307e+00 1.4547953345e-03 1.4759708711e-02
1.8240712001e+00 3.9746305736e+00 2.5868253164e+00 1.0708849210e+01 6.7357512928e+00 1.5983355345e-03 1.6206044250e-02
1.8403457971e+00 3.4991156693e+00 2.5878797616e+00 1.0742531953e+01 7.6751763647e+00 1.8155844344e-03 1.8408376585e-02
1.8608384558e+00 3.5426073985e+00 2.5891147861e+00 1.0724130414e+01 7.5679642192e+00 1.7932955217e-03 1.8182381424e-02
1.8766664742e+00 4.0537927771e+00 2.5932319554e+00 1.0666610108e+01 6.5781668519e+00 1.5671599306e-03 1.5889573665e-02
1.8926434566e+00 4.3818825585e+00 2.5990125736e+00 1.0584726979e+01 6.0389152595e+00 1.4498207378e-03 1.4699855164e-02
1.9060936971e+00 4.3086806663e+00 2.6086125323e+00 1.0470385136e+01 6.0751689129e+00 1.4744512555e-03 1.4949596859e-02
1.9225606529e+00 3.9716469737e+00 2.6222676826e+00 1.0331629415e+01 6.5033659104e+00 1.5995732137e-03 1.6218218634e-02
1.9385560713e+00 3.4724724268e+00 2.6368432426e+00 1.0201899787e+01 7.3448385856e+00 1.8295140336e-03 1.8549618554e-02
1.9596239540e+00 3.3350891484e+00 2.6514769953e+00 1.0094236335e+01 7.5666915380e+00 1.9048777259e-03 1.9313738280e-02
1.9771256886e+00 3.7633437212e+00 2.6614949263e+00 1.0005132089e+01 6.6464378691e+00 1.6881112471e-03 1.7115906419e-02
1.9938713110e+00 4.1311933545e+00 2.6671369767e+00 9.9460649911e+00 6.0188813120e+00 1.5377986015e-03 1.5591872233e-02
2.0083367313e+00 4.1523058708e+00 2.6693775348e+00 9.9161353611e+00 5.9702582551e+00 1.5299791938e-03 1.5512594919e-02
2.0249141565e+00 3.9352798880e+00 2.6704305252e+00 9.9165209860e+00 6.2997558422e+00 1.6143205722e-03 1.6368095990e-02
2.0410973413e+00 3.5171456896e+00 2.6681773653e+00 9.9393019509e+00 7.0648921228e+00 1.8055692878e-03 1.8314009324e-02
2.0615233346e+00 3.2958492663e+00 2.6594555398e+00 1.0007233835e+01 7.5907854289e+00 1.9237376642e-03 1.9543684723e-02
2.0801199662e+00 3.7067005957e+00 2.6429231998e+00 1.0142482039e+01 6.8406401980e+00 1.7023380961e-03 1.7377459358e-02
2.0962834335e+00 4.1633959136e+00 2.6212545837e+00 1.0329749078e+01 6.2027184616e+00 1.5112616653e-03 1.5471274001e-02
2.1110901218e+00 4.3310887629e+00 2.6041989252e+00 1.0514012701e+01 6.0689201244e+00 1.4595163572e-03 1.4872250947e-02
2.1260494619e+00 4.1873576184e+00 2.5921777954e+00 1.0637095907e+01 6.3507209534e+00 1.5155534361e-03 1.5382741295e-02
2.1418738584e+00 3.8224335552e+00 2.5893987823e+00 1.0740775787e+01 7.0248283138e+00 1.6619618389e-03 1.6851316844e-02
2.1597538286e+00 3.4872871622e+00 2.5871258855e+00 1.0773121112e+01 7.7231387973e+00 1.8217435110e-03 1.8470815840e-02
2.1787582451e+00 3.7814597946e+00 2.5895684507e+00 1.0783942383e+01 7.1294836975e+00 1.6800234960e-03 1.7033908187e-02
2.1938121117e+00 4.2019438931e+00 2.5951444433e+00 1.0755558645e+01 6.3991565089e+00 1.5119052927e-03 1.5329342940e-02
2.2094425560e+00 4.3537654106e+00 2.6055513660e+00 1.0678517803e+01 6.1317714645e+00 1.4591828043e-03 1.4794788621e-02
2.2234219074e+00 4.2149620350e+00 2.6189944798e+00 1.0574890152e+01 6.2722333347e+00 1.5072356133e-03 1.5281997423e-02
2.2400247363e+00 3.8358635371e+00 2.6327891328e+00 1.0468983461e+01 6.8230943042e+00 1.6561959188e-03 1.6792317644e-02
2.2570163694e+00 3.4493139834e+00 2.6482097236e+00 1.0376192645e+01 7.5204755892e+00 1.8417974555e-03 1.8674159344e-02
2.2773242793e+00 3.5638794952e+00 2.6637186741e+00 1.0251279391e+01 7.1910956901e+00 1.7825904694e-03 1.8073854360e-02
2.2931371907e+00 3.9510540438e+00 2.6774446150e+00 1.0148384062e+01 6.4213143821e+00 1.6079082243e-03 1.6302748138e-02
2.3099530854e+00 4.1464329822e+00 2.6876604533e+00 1.0104224252e+01 6.0921183914e+00 1.5321613401e-03 1.5534566513e-02
2.3242254561e+00 4.0680934149e+00 2.6766733193e+00 9.9098457030e+00 6.0899816526e+00 1.5552197383e-03 1.5833716777e-02
2.3416344803e+00 3.8318036136e+00 2.6999395044e+00 1.0045131392e+01 6.5537879839e+00 1.6578896635e-03 1.6810109664e-02
2.3578740521e+00 3.3880837564e+00 2.7157768780e+00 1.0176746396e+01 7.5092199069e+00 1.8754074072e-03 1.9011643037e-02
2.3795183655e+00 2.3560749344e+00 2.3609723606e+00 6.8049380634e+00 7.2206299172e+00 1.2346077433e-03 2.7339130014e-02
2.4126113932e+00 1.5039885594e+00 1.0325698529e+00 2.3752105849e+00 3.9481859254e+00 6.5756484506e-04 4.2828144237e-02
2.4657599628e+00 1.1639116927e+00 1.6959562532e-01 1.1408874684e+00 2.4505455945e+00 5.4577600245e-03 5.5341860861e-02
2.5222335082e+00 1.1023187439e+00 1.6842078451e-02 1.0295881080e+00 2.3350508048e+00 1.0127391796e-03 5.8434131970e-02
2.5837558186e+00 1.0163308719e+00 -1.5532908185e-03 9.9832079153e-01 2.4556982846e+00 6.2501922391e-03 6.3378020616e-02
2.6477891965e+00 9.5883490611e-01 -6.3052692925e-03 1.0199352026e+00 2.6593086988e+00 1.3394411782e-03 6.7178445991e-02
2.7193336482e+00 9.2169111696e-01 -1.3397396125e-02 9.9971456522e-01 2.7116312255e+00 6.8922255265e-03 6.9885710917e-02
2.7862340183e+00 1.0067119329e+00 -1.9472754304e-02 1.0312331204e+00 2.5608942506e+00 1.2224461403e-03 6.3983585421e-02
2.8485349070e+00 1.0656786692e+00 -2.2139937947e-02 1.0126644065e+00 2.3756326269e+00 5.9610303944e-03 6.0443209399e-02
2.9059734488e+00 1.1134056640e+00 -2.4287831984e-02 1.0436374971e+00 2.3433451320e+00 1.0175480408e-03 5.7852264486e-02
2.9654376088e+00 1.0504879489e+00 -2.6879379283e-02 1.0237838050e+00 2.4364482383e+00 6.0472019369e-03 6.1317256447e-02
3.0274469909e+00 9.9414731607e-01 -3.1547479276e-02 1.0528170042e+00 2.6475377119e+00 1.2773933269e-03 6.4792247500e-02
3.0962282084e+00 9.3829129292e-01 -3.9842330462e-02 1.0325518886e+00 2.7511496067e+00 6.7702888091e-03 6.8649298401e-02
3.1634439239e+00 1.0127022524e+00 -4.6912117914e-02 1.0639041943e+00 2.6263992990e+00 1.2423734468e-03 6.3605110786e-02
3.2246413829e+00 1.0763318135e+00 -4.9386560358e-02 1.0443124552e+00 2.4256285146e+00 5.9020085972e-03 5.9844964303e-02
3.2819999568e+00 1.1396208930e+00 -4.9995155137e-02 1.0751493453e+00 2.3585679936e+00 9.9849749519e-04 5.6521461960e-02
3.3388576998e+00 1.0866995318e+00 -5.0211909756e-02 1.0523313544e+00 2.4209344985e+00 5.8457003093e-03 5.9274010039e-02
3.3994250059e+00 1.0280515103e+00 -5.1482748955e-02 1.0797601873e+00 2.6257443729e+00 1.2233352823e-03 6.2655458706e-02
3.4653579169e+00 9.5399333452e-01 -5.6476422883e-02 1.0555765854e+00 2.7662053475e+00 6.6588414094e-03 6.7519380507e-02
3.5331841059e+00 1.0104742665e+00 -6.2341610485e-02 1.0844709258e+00 2.6830740816e+00 1.2726053152e-03 6.3745353136e-02
3.5940248653e+00 1.0758878783e+00 -6.4576644592e-02 1.0640523556e+00 2.4724982433e+00 5.9044180426e-03 5.9869657660e-02
3.6517905982e+00 1.1515547618e+00 -6.4807959135e-02 1.0936203086e+00 2.3742255794e+00 9.9311167947e-04 5.5935714992e-02
3.7070539116e+00 1.1134239146e+00 -6.4764265272e-02 1.0697188267e+00 2.4018678167e+00 5.7054018326e-03 5.7851316207e-02
3.7663967222e+00 1.0572191761e+00 -6.5577538640e-02 1.0973574414e+00 2.5949147209e+00 1.1735375992e-03 6.0926854533e-02
3.8300845928e+00 9.7010914844e-01 -6.9940789775e-02 1.0719925714e+00 2.7625565976e+00 6.5482088169e-03 6.6397723450e-02
3.8979335986e+00 1.0061290519e+00 -7.6174172984e-02 1.1003250883e+00 2.7340555522e+00 1.3037277489e-03 6.4020653046e-02
3.9592787230e+00 1.0708925203e+00 -7.9217216817e-02 1.0805616552e+00 2.5225726082e+00 5.9319376795e-03 6.0148929732e-02
4.0170939744e+00 1.1594208957e+00 -7.9594880267e-02 1.1109201856e+00 2.3954203984e+00 9.9257904529e-04 5.5556217066e-02
4.0715377216e+00 1.1372812501e+00 -7.9506270577e-02 1.0871775456e+00 2.3898607874e+00 5.5857264229e-03 5.6637739299e-02
4.1292961098e+00 1.0891206676e+00 -7.9998005883e-02 1.1162509923e+00 2.5622757549e+00 1.1226970865e-03 5.9142242792e-02
4.1909852617e+00 9.9171482065e-01 -8.3543780846e-02 1.0906375084e+00 2.7493728180e+00 6.4055318805e-03 6.4951171056e-02
4.2579675127e+00 1.0059850234e+00 -8.9910105366e-02 1.1193829151e+00 2.7818081012e+00 1.3276117082e-03 6.4029818991e-02
4.3201743749e+00 1.0653475227e+00 -9.4086776218e-02 1.0993073167e+00 2.5796918219e+00 5.9627966594e-03 6.0461997222e-02
4.3777477861e+00 1.1677894245e+00 -9.4957016575e-02 1.1315061337e+00 2.4223248429e+00 9.9116435029e-04 5.5158094091e-02
4.4316317651e+00 1.1575416070e+00 -9.5249027913e-02 1.1063371324e+00 2.3894111574e+00 5.4879741767e-03 5.5646413540e-02
4.4879857837e+00 1.1240909524e+00 -9.5765568490e-02 1.1376002104e+00 2.5300448508e+00 1.0700475441e-03 5.7302337339e-02
4.5473893520e+00 1.0160170195e+00 -9.8681459146e-02 1.1103297539e+00 2.7320648489e+00 6.2523115994e-03 6.3397598388e-02
4.6135784423e+00 1.0124045867e+00 -1.0502282573e-01 1.1404874697e+00 2.8162838371e+00 1.3331963075e-03 6.3623811862e-02
4.6757510801e+00 1.0588221787e+00 -1.1045031863e-01 1.1180399358e+00 2.6398198826e+00 5.9995417511e-03 6.0834614395e-02
4.7340966020e+00 1.1983115742e+00 -1.1211966428e-01 1.1546294694e+00 2.4088673894e+00 9.7241353329e-04 5.3753164318e-02
4.7843556741e+00 1.2467462898e+00 -1.1408718874e-01 1.1223308259e+00 2.2505196830e+00 5.0943214061e-03 5.1664913290e-02
4.8365072811e+00 1.2401238978e+00 -1.1547683140e-01 1.1534420359e+00 2.3252556416e+00 1.9912926360e-03 5.1940809355e-02
