# x  rho  v  p  e  w  vol
-2.7075286092e-01 3.7052155119e+00 2.6482842135e+00 9.9068044844e+00 6.6843645481e+00 2.1432423585e-03 1.7384424401e-02
-2.5336866389e-01 3.7084084236e+00 2.6545737496e+00 9.8370935970e+00 6.6316142084e+00 2.1413972748e-03 1.7369456542e-02
-2.3601652994e-01 3.7299024685e+00 2.6568677234e+00 9.8354426320e+00 6.5922921009e+00 2.1290576021e-03 1.7269362805e-02
-2.1882717910e-01 3.7318669530e+00 2.6571886629e+00 9.8655432369e+00 6.6089864411e+00 2.1279363760e-03 1.7260272075e-02
-2.0149594969e-01 3.7335923252e+00 2.6551026108e+00 9.9253395669e+00 6.6459716959e+00 2.1269523894e-03 1.7252295737e-02
-1.8432748147e-01 3.7705160383e+00 2.6484179810e+00 1.0023970629e+01 6.6462856322e+00 2.1061242219e-03 1.7083348353e-02
-1.6733110497e-01 3.8220320270e+00 2.6312027673e+00 1.0195053871e+01 6.6686083472e+00 2.0777388479e-03 1.6853087180e-02
-1.5062231383e-01 3.8825690453e+00 2.6061660728e+00 1.0412461710e+01 6.7046210823e+00 2.0453426735e-03 1.6590313837e-02
-1.3414880473e-01 3.9318109193e+00 2.5884789349e+00 1.0586645838e+01 6.7314057411e+00 2.0197248308e-03 1.6382537278e-02
-1.1785161708e-01 3.9373136562e+00 2.5799678058e+00 1.0684084725e+01 6.7838669063e+00 2.0169012597e-03 1.6359641263e-02
-1.0143185044e-01 3.9615959869e+00 2.5781544977e+00 1.0728869371e+01 6.7705474045e+00 2.0045394325e-03 1.6259365964e-02
-8.5330315168e-02 3.9652336807e+00 2.5775719940e+00 1.0722245021e+01 6.7601596051e+00 2.0027006975e-03 1.6244449669e-02
-6.8939995667e-02 3.9451499792e+00 2.5811177722e+00 1.0671936994e+01 6.7626940992e+00 2.0128959525e-03 1.6327145810e-02
-5.2675821700e-02 3.9239470176e+00 2.5853894715e+00 1.0595233313e+01 6.7503672104e+00 2.0237731940e-03 1.6415369185e-02
-3.6107089174e-02 3.8858708606e+00 2.5934782716e+00 1.0479099241e+01 6.7417958658e+00 2.0436024640e-03 1.6576217086e-02
-1.9523707758e-02 3.8512533975e+00 2.6072130822e+00 1.0325401829e+01 6.7026242908e+00 2.0619711262e-03 1.6725214445e-02
-2.6566902058e-03 3.8172004518e+00 2.6217276563e+00 1.0172502596e+01 6.6622795454e+00 2.0803663107e-03 1.6874418770e-02
1.4224537549e-02 3.7883092440e+00 2.6346353983e+00 1.0043031781e+01 6.6276478065e+00 2.0962322409e-03 1.7003110043e-02
3.1350538780e-02 3.7524000332e+00 2.6454841107e+00 9.9429406013e+00 6.6243874010e+00 2.1162926224e-03 1.7165824109e-02
4.8554283008e-02 3.7307409896e+00 2.6534417621e+00 9.8690809313e+00 6.6133517168e+00 2.1285789516e-03 1.7265481344e-02
6.5879757719e-02 3.7215888147e+00 2.6594038885e+00 9.8277166677e+00 6.6018286523e+00 2.1338134876e-03 1.7307940818e-02
8.3169274187e-02 3.7187841971e+00 2.6630350927e+00 9.8125432294e+00 6.5966070557e+00 2.1354226215e-03 1.7320994051e-02
1.0052082830e-01 3.7224699179e+00 2.6644105608e+00 9.8335643075e+00 6.6041932671e+00 2.1333081977e-03 1.7303844054e-02
1.1777654830e-01 3.7290793059e+00 2.6619677841e+00 9.8853378807e+00 6.6271974058e+00 2.1295267149e-03 1.7273174870e-02
1.3506455642e-01 3.7546137365e+00 2.6550654565e+00 9.9765612844e+00 6.6428679384e+00 2.1150440530e-03 1.7155703216e-02
1.5208494671e-01 3.8023994554e+00 2.6382024230e+00 1.0142951838e+01 6.6687837224e+00 2.0884665345e-03 1.6940103140e-02
1.6894188914e-01 3.8737001228e+00 2.6097753694e+00 1.0385111392e+01 6.7023201738e+00 2.0500261074e-03 1.6628297729e-02
1.8534385329e-01 3.9287142425e+00 2.5882229531e+00 1.0594840976e+01 6.7419264434e+00 2.0213169943e-03 1.6395450262e-02
2.0173699513e-01 3.9519369829e+00 2.5771426591e+00 1.0714136056e+01 6.7777751150e+00 2.0094380980e-03 1.6299105789e-02
2.1794299274e-01 3.9678384754e+00 2.5740543512e+00 1.0766460038e+01 6.7835800935e+00 2.0013855835e-03 1.6233785562e-02
2.3420633549e-01 3.9696424187e+00 2.5730907111e+00 1.0765145303e+01 6.7796694056e+00 2.0004765322e-03 1.6226408366e-02
2.5039730491e-01 3.9594690294e+00 2.5763183142e+00 1.0719254917e+01 6.7681138790e+00 2.0056164501e-03 1.6268100211e-02
2.6674430067e-01 3.9352637429e+00 2.5816031380e+00 1.0640384613e+01 6.7596388123e+00 2.0179532527e-03 1.6368163143e-02
2.8313516993e-01 3.8995194734e+00 2.5903634937e+00 1.0526909722e+01 6.7488505917e+00 2.0364497697e-03 1.6518199074e-02
2.9978129639e-01 3.8596550060e+00 2.6048710995e+00 1.0370374252e+01 6.7171639925e+00 2.0574826827e-03 1.6688807381e-02
3.1651261075e-01 3.8220832432e+00 2.6204903297e+00 1.0206042484e+01 6.6757065680e+00 2.0777085161e-03 1.6852861347e-02
3.3348638128e-01 3.7897298153e+00 2.6346272296e+00 1.0064783347e+01 6.6395124704e+00 2.0954466021e-03 1.6996736468e-02
3.5050659136e-01 3.7544672123e+00 2.6463013306e+00 9.9470053740e+00 6.6234466914e+00 2.1151272914e-03 1.7156372745e-02
3.6779771908e-01 3.7296048009e+00 2.6563999936e+00 9.8655958104e+00 6.6130302922e+00 2.1292273030e-03 1.7270741109e-02
3.8504681271e-01 3.7140919763e+00 2.6630270569e+00 9.8100760123e+00 6.6032802062e+00 2.1381207000e-03 1.7342876635e-02
4.0248192272e-01 3.7094922142e+00 2.6678222480e+00 9.7907460299e+00 6.5984408812e+00 2.1407715129e-03 1.7364381763e-02
4.1977435602e-01 3.7134856120e+00 2.6701058441e+00 9.8023953496e+00 6.5991876458e+00 2.1384695100e-03 1.7345708502e-02
4.3717304918e-01 3.7195765020e+00 2.6676293655e+00 9.8485977924e+00 6.6194348921e+00 2.1349673295e-03 1.7317304516e-02
4.5440639984e-01 3.7438980005e+00 2.6607155729e+00 9.9385831073e+00 6.6365210176e+00 2.1210973887e-03 1.7204806046e-02
4.7157996792e-01 3.7884061120e+00 2.6437497095e+00 1.0107802809e+01 6.6702212684e+00 2.0961805691e-03 1.7002675281e-02
4.8840738269e-01 3.8668501247e+00 2.6122500755e+00 1.0372183104e+01 6.7058347039e+00 2.0536583745e-03 1.6657754213e-02
5.0489807468e-01 3.9278929660e+00 2.5859223973e+00 1.0611637742e+01 6.7540267989e+00 2.0217397913e-03 1.6398878359e-02
5.2120822688e-01 3.9660614389e+00 2.5734374502e+00 1.0758865060e+01 6.7818320683e+00 2.0022817168e-03 1.6241059285e-02
5.3738381922e-01 3.9754948261e+00 2.5684887969e+00 1.0811170593e+01 6.7986320359e+00 1.9975311288e-03 1.6202521138e-02
5.5361359160e-01 3.9824038072e+00 2.5682871890e+00 1.0818823917e+01 6.7916417072e+00 1.9940658664e-03 1.6174411755e-02
5.6973516729e-01 3.9689717206e+00 2.5717485612e+00 1.0775952373e+01 6.7876222933e+00 2.0008145700e-03 1.6229150392e-02
5.8607239677e-01 3.9514608027e+00 2.5777190014e+00 1.0694061186e+01 6.7658909705e+00 2.0096815871e-03 1.6301069951e-02
6.0234067605e-01 3.9080529309e+00 2.5871469179e+00 1.0575701527e+01 6.7653264387e+00 2.0320030858e-03 1.6482130640e-02
6.1903518070e-01 3.8763020814e+00 2.6020830357e+00 1.0416873978e+01 6.7183063645e+00 2.0486466483e-03 1.6617136023e-02
6.3557820179e-01 3.8215496430e+00 2.6184910149e+00 1.0248661293e+01 6.7045192727e+00 2.0779988766e-03 1.6855214500e-02
6.5274119198e-01 3.7996825822e+00 2.6328372526e+00 1.0095099689e+01 6.6420677721e+00 2.0899577813e-03 1.6952215760e-02
6.6948618288e-01 3.7535325498e+00 2.6474381762e+00 9.9672912035e+00 6.6386071462e+00 2.1156538634e-03 1.7160644832e-02
6.8706019548e-01 3.7231948979e+00 2.6590832444e+00 9.8582735823e+00 6.6194987455e+00 2.1328929241e-03 1.7300474652e-02
7.0408519277e-01 3.7077679334e+00 2.6689287739e+00 9.7910805196e+00 6.6017349895e+00 2.1417671686e-03 1.7372456991e-02
7.2177222553e-01 3.9484614277e+00 2.6750444303e+00 9.7576459675e+00 6.1781317523e+00 2.0112078240e-03 1.6313452755e-02
7.3677919920e-01 3.7058617176e+00 2.6776292014e+00 9.7536186177e+00 6.5798587217e+00 2.1428691762e-03 1.7381393010e-02
7.5646672978e-01 3.9880207989e+00 2.6765582152e+00 9.7871636310e+00 6.1353514215e+00 1.9912568841e-03 1.6151630647e-02
7.6903392241e-01 4.6195962195e+00 2.6706814456e+00 9.8712903059e+00 5.3420741970e+00 1.7190170389e-03 1.3943434858e-02
7.8452887224e-01 3.7749002892e+00 2.6571420475e+00 1.0012657914e+01 6.6310744303e+00 2.1036777138e-03 1.7063507383e-02
8.0318109760e-01 3.0977896958e+00 2.6226868130e+00 1.0255760151e+01 8.2766755962e+00 2.5635046980e-03 2.0793225261e-02
8.2595907471e-01 3.3458202644e+00 2.5799396081e+00 1.0555523701e+01 7.8870970844e+00 2.3734659851e-03 1.9251792943e-02
8.4157631697e-01 4.3729962344e+00 2.5630923074e+00 1.0750002746e+01 6.1456734525e+00 1.8159534443e-03 1.4729726600e-02
8.5552764529e-01 4.8031250403e+00 2.5616377441e+00 1.0840578519e+01 5.6424611208e+00 1.6533339136e-03 1.3410652110e-02
8.6844519961e-01 4.7240976949e+00 2.5617462029e+00 1.0864567381e+01 5.7495463064e+00 1.6809938976e-03 1.3634992990e-02
8.8284328027e-01 4.1936499974e+00 2.5655813074e+00 1.0858566130e+01 6.4732191152e+00 1.8936199509e-03 1.5359660199e-02
8.9924699396e-01 3.2960838716e+00 2.5754899253e+00 1.0810581416e+01 8.1995648754e+00 2.4092750586e-03 1.9542293662e-02
9.2181014595e-01 3.1891514675e+00 2.5906620394e+00 1.0699970715e+01 8.3877881185e+00 2.4900575781e-03 2.0197547721e-02
9.3948777880e-01 4.0830835625e+00 2.6071046518e+00 1.0532369667e+01 6.4487840536e+00 1.9448969252e-03 1.5775586751e-02
9.5343650423e-01 4.6443667217e+00 2.6203480485e+00 1.0337708507e+01 5.5646491363e+00 1.7098521102e-03 1.3869068231e-02
9.6729623155e-01 4.5511295202e+00 2.6317914730e+00 1.0161923385e+01 5.5820886548e+00 1.7448810972e-03 1.4153198380e-02
9.8177849498e-01 4.1359510620e+00 2.6426625636e+00 9.9900045167e+00 6.0385171192e+00 1.9200372415e-03 1.5573936439e-02
9.9853983528e-01 3.2328035269e+00 2.6561226076e+00 9.8507166160e+00 7.6177816979e+00 2.4564352935e-03 1.9924823274e-02
1.0215480556e+00 2.9164973757e+00 2.6717694324e+00 9.7561010161e+00 8.3628577016e+00 2.7228452368e-03 2.2085752413e-02
1.0425262158e+00 3.6290272845e+00 2.6840103232e+00 9.7180675633e+00 6.6946779408e+00 2.1882382307e-03 1.7749395059e-02
1.0570665616e+00 4.4013998123e+00 2.6886489236e+00 9.7147165046e+00 5.5179698045e+00 1.8042396447e-03 1.4634671173e-02
1.0719008533e+00 4.4028292238e+00 2.6889471857e+00 9.7433205330e+00 5.5324201995e+00 1.8036522675e-03 1.4629919918e-02
1.0863531343e+00 4.1637603499e+00 2.6847219285e+00 9.8079813341e+00 5.8888964000e+00 1.9072094436e-03 1.5469919866e-02
1.1029232937e+00 3.4026398156e+00 2.6703438940e+00 9.9401391305e+00 7.3032554643e+00 2.3338281849e-03 1.8930313652e-02
1.1241785818e+00 2.9972404907e+00 2.6306360393e+00 1.0197092910e+01 8.5054010025e+00 2.6495046257e-03 2.1490780988e-02
1.1457251763e+00 3.6463264174e+00 2.5794210964e+00 1.0559830737e+01 7.2400476040e+00 2.1778606847e-03 1.7665187254e-02
1.1594799699e+00 4.6705165047e+00 2.5601086734e+00 1.0803368460e+01 5.7827482513e+00 1.7002725082e-03 1.3791416622e-02
1.1734291093e+00 4.8311937543e+00 2.5551959589e+00 1.0910870435e+01 5.6460530205e+00 1.6437287490e-03 1.3332737669e-02
1.1861787719e+00 4.6204603768e+00 2.5538285817e+00 1.0944373117e+01 5.9216897368e+00 1.7186985015e-03 1.3940827039e-02
1.2013764426e+00 3.8508692702e+00 2.5584055154e+00 1.0949734760e+01 7.1086123627e+00 2.0621778302e-03 1.6726882798e-02
1.2196611720e+00 3.1541918098e+00 2.5689713774e+00 1.0897837882e+01 8.6375833647e+00 2.5176565575e-03 2.0421408348e-02
1.2420550911e+00 3.4767428377e+00 2.5847807595e+00 1.0767126672e+01 7.7422512782e+00 2.2840837625e-03 1.8526834443e-02
1.2566218132e+00 4.4869112048e+00 2.6002845854e+00 1.0583688539e+01 5.8969790441e+00 1.7698544295e-03 1.4355764136e-02
1.2708944847e+00 4.6513731532e+00 2.6147528062e+00 1.0384545697e+01 5.5814408750e+00 1.7072762262e-03 1.3848177051e-02
1.2843500141e+00 4.4827727777e+00 2.6275853367e+00 1.0183807924e+01 5.6794134061e+00 1.7714887642e-03 1.4369017157e-02
1.2996953884e+00 3.8041468383e+00 2.6415967989e+00 1.0001584099e+01 6.5728167998e+00 2.0875059381e-03 1.6932321935e-02
1.3182765952e+00 3.0046551272e+00 2.6598131111e+00 9.8466078640e+00 8.1927937210e+00 2.6429552132e-03 2.1437747837e-02
1.3424128091e+00 3.0951002125e+00 2.6814073838e+00 9.7439181997e+00 7.8704383790e+00 2.5657230002e-03 2.0811293507e-02
1.3597636675e+00 3.9994650969e+00 2.6942354847e+00 9.6826458314e+00 6.0524630150e+00 1.9855609974e-03 1.6105413448e-02
1.3747280478e+00 4.4202270435e+00 2.6993049955e+00 9.6645780346e+00 5.4661095117e+00 1.7965544138e-03 1.4572337194e-02
1.3889634006e+00 4.3508415051e+00 2.7009514721e+00 9.6794832461e+00 5.5618454699e+00 1.8252037354e-03 1.4804731195e-02
1.4043810685e+00 3.9145561466e+00 2.6971326495e+00 9.7322839687e+00 6.2154453813e+00 2.0286235973e-03 1.6454749029e-02
1.4219564658e+00 3.1201451309e+00 2.6821830206e+00 9.8556705179e+00 7.8968045591e+00 2.5451321007e-03 2.0644244499e-02
1.4455445825e+00 3.0678750748e+00 2.6369667885e+00 1.0139705351e+01 8.2628082170e+00 2.5885038100e-03 2.0995978449e-02
1.4637822424e+00 4.0515379009e+00 2.5797972203e+00 1.0575329938e+01 6.5255035226e+00 1.9600418516e-03 1.5898416979e-02
1.4774183826e+00 4.7852661841e+00 2.5564488518e+00 1.0862205555e+01 5.6748178351e+00 1.6595012162e-03 1.3460701344e-02
1.4907814982e+00 4.8077441657e+00 2.5468473716e+00 1.0990212197e+01 5.7148486994e+00 1.6517460957e-03 1.3397767588e-02
1.5042487758e+00 4.4589238192e+00 2.5454267802e+00 1.1046009136e+01 6.1932035530e+00 1.7809626052e-03 1.4445871149e-02
1.5197606476e+00 3.5377791962e+00 2.5509070255e+00 1.1063504068e+01 7.8181137478e+00 2.2446777952e-03 1.8207195922e-02
1.5406004695e+00 3.1790398128e+00 2.5621460469e+00 1.0998436675e+01 8.6491812961e+00 2.4979781191e-03 2.0261790587e-02
1.5601208117e+00 3.8863911544e+00 2.5769062416e+00 1.0848674555e+01 6.9786301248e+00 2.0433289407e-03 1.6573997932e-02
1.5737587299e+00 4.6853481428e+00 2.5909825069e+00 1.0652364470e+01 5.6838703045e+00 1.6948964155e-03 1.3747759396e-02
1.5877149774e+00 4.6500180494e+00 2.6068516787e+00 1.0433910571e+01 5.6096075651e+00 1.7077738457e-03 1.3852212673e-02
1.6014913592e+00 4.3398380300e+00 2.6221847804e+00 1.0210671956e+01 5.8819429929e+00 1.8298339853e-03 1.4842267962e-02
1.6174861343e+00 3.4707382184e+00 2.6419299378e+00 1.0017016726e+01 7.2153358270e+00 2.2880361110e-03 1.8558887159e-02
1.6385931215e+00 2.9217940629e+00 2.6673735237e+00 9.8444918949e+00 8.4233279991e+00 2.7179074479e-03 2.2045714916e-02
1.6613933435e+00 3.3826565623e+00 2.6938969136e+00 9.7281783226e+00 7.1897472766e+00 2.3476140422e-03 1.9042145653e-02
1.6766252223e+00 4.2672129537e+00 2.7063549571e+00 9.6353608407e+00 5.6449964797e+00 1.8609770313e-03 1.5094873317e-02
1.6917035657e+00 4.4033502046e+00 2.7136884384e+00 9.6094727538e+00 5.4557736197e+00 1.8034397336e-03 1.4628188984e-02
1.7059129338e+00 4.2453810265e+00 2.7154824000e+00 9.6056422071e+00 5.6565253785e+00 1.8705440469e-03 1.5172498900e-02
1.7221210774e+00 3.5673164620e+00 2.7124306449e+00 9.6427320845e+00 6.7576932039e+00 2.2260885790e-03 1.8056440924e-02
1.7420554439e+00 2.9316477078e+00 2.6966304434e+00 9.7544756228e+00 8.3182535856e+00 2.7087784180e-03 2.1971616434e-02
1.7658820757e+00 3.2853774236e+00 2.6472489279e+00 1.0065825400e+01 7.6595654792e+00 2.4171371450e-03 1.9605978446e-02
1.7811586236e+00 4.4238438878e+00 2.5854172640e+00 1.0567244657e+01 5.9717549517e+00 1.7950854440e-03 1.4560423150e-02
1.7951400810e+00 4.7957468142e+00 2.5536684663e+00 1.0897229131e+01 5.6806737058e+00 1.6558765659e-03 1.3431284313e-02
1.8080576672e+00 4.7720356877e+00 2.5391097112e+00 1.1070069519e+01 5.7994482036e+00 1.6641050603e-03 1.3498021216e-02
1.8221958145e+00 4.1605536817e+00 2.5378978584e+00 1.1157068848e+01 6.7040769702e+00 1.9086820479e-03 1.5481843015e-02
1.8390837377e+00 3.3144710556e+00 2.5415311034e+00 1.1178705971e+01 8.4317420365e+00 2.3959101661e-03 1.9433881869e-02
1.8609299615e+00 3.3755709343e+00 2.5511944536e+00 1.1099676550e+01 8.2205919873e+00 2.3525421234e-03 1.9082116835e-02
1.8771245127e+00 4.3178723974e+00 2.5650559298e+00 1.0934719924e+01 6.3310809803e+00 1.8391415487e-03 1.4917772696e-02
1.8908549718e+00 4.7574452984e+00 2.5797754422e+00 1.0731489728e+01 5.6393132527e+00 1.6692106566e-03 1.3539417674e-02
1.9042595921e+00 4.6171490423e+00 2.5994373128e+00 1.0493222370e+01 5.6816567289e+00 1.7199316193e-03 1.3950825144e-02
1.9187954992e+00 4.1230312700e+00 2.6192586675e+00 1.0262277183e+01 6.2225317434e+00 1.9260548044e-03 1.5622738402e-02
1.9356002571e+00 3.1948902341e+00 2.6477707876e+00 1.0058591311e+01 7.8708426377e+00 2.4855835085e-03 2.0161268224e-02
1.9590074524e+00 2.9955037880e+00 2.6823817760e+00 9.8688643405e+00 8.2363978139e+00 2.6510278539e-03 2.1503240694e-02
1.9784386994e+00 3.7568004196e+00 2.7102537603e+00 9.7175900286e+00 6.4666664070e+00 2.1138146583e-03 1.7145717568e-02
1.9933525747e+00 4.3686683540e+00 2.7222963836e+00 9.5933032172e+00 5.4898326217e+00 1.8177583979e-03 1.4744318803e-02
2.0080073150e+00 4.3500664009e+00 2.7305160413e+00 9.5520258381e+00 5.4895862257e+00 1.8255298890e-03 1.4807369134e-02
2.0229974799e+00 4.0663954654e+00 2.7309078249e+00 9.5313837322e+00 5.8598479989e+00 1.9528771418e-03 1.5840328247e-02
2.0397884117e+00 3.2314331485e+00 2.7268237186e+00 9.5533097150e+00 7.3909232189e+00 2.4574755682e-03 1.9933272946e-02
2.0627950149e+00 2.8995645127e+00 2.7068012123e+00 9.6645430514e+00 8.3327539440e+00 2.7387510966e-03 2.2214728685e-02
2.0840287520e+00 3.6118614358e+00 2.6550278752e+00 1.0002132203e+01 6.9231145636e+00 2.1986451912e-03 1.7833751405e-02
2.0984594162e+00 4.6025533889e+00 2.5935622555e+00 1.0499403677e+01 5.7030319857e+00 1.7253854925e-03 1.3995066110e-02
2.1121309821e+00 4.7886101010e+00 2.5539027831e+00 1.0881598148e+01 5.6809794065e+00 1.6583461295e-03 1.3451301650e-02
2.1253904583e+00 4.6574430983e+00 2.5330188147e+00 1.1117302749e+01 5.9674925244e+00 1.7050483456e-03 1.3830129020e-02
2.1398765684e+00 3.8229674619e+00 2.5310056830e+00 1.1265912752e+01 7.3672564994e+00 2.0772272366e-03 1.6848963429e-02
2.1590836790e+00 3.2176835699e+00 2.5292149985e+00 1.1282785808e+01 8.7662331948e+00 2.4679801841e-03 2.0018450402e-02
2.1797476874e+00 3.7122960589e+00 2.5350761952e+00 1.1219113822e+01 7.5553738471e+00 2.1391542143e-03 1.7351266691e-02
2.1937383727e+00 4.6785956826e+00 2.5518442681e+00 1.1048366968e+01 5.9036769349e+00 1.6973414346e-03 1.3767601076e-02
2.2073941955e+00 4.7917627304e+00 2.5716887896e+00 1.0854093063e+01 5.6628915462e+00 1.6572561590e-03 1.3442451678e-02
2.2206507414e+00 4.6001641358e+00 2.5937087430e+00 1.0643446855e+01 5.7842755938e+00 1.7262837901e-03 1.4002334928e-02
2.2354716818e+00 3.8205332135e+00 2.6190244630e+00 1.0445789062e+01 6.8352952833e+00 2.0785535513e-03 1.6859698726e-02
2.2544099973e+00 3.0480006770e+00 2.6602850075e+00 1.0225607124e+01 8.3871430880e+00 2.6053638746e-03 2.1132882102e-02
2.2775731893e+00 3.2416396817e+00 2.7131836984e+00 9.9756163657e+00 7.6933414454e+00 2.4497389140e-03 1.9870511617e-02
2.2940461892e+00 4.1201645569e+00 2.7270545891e+00 9.7109287693e+00 5.8923185197e+00 1.9273956711e-03 1.5633608334e-02
2.3089442190e+00 4.4436346006e+00 2.7524299864e+00 9.7991075070e+00 5.5130025237e+00 1.7870910987e-03 1.4495575074e-02
2.3230937032e+00 4.2470535741e+00 2.7490337310e+00 9.3827078709e+00 5.5230689390e+00 1.8698236026e-03 1.5166523763e-02
2.3393088336e+00 3.8052679389e+00 2.7597355928e+00 9.2829540333e+00 6.0987519029e+00 2.0868198846e-03 1.6927333368e-02
2.3570130664e+00 3.1295664266e+00 2.8676952085e+00 1.0506727018e+01 8.3931171172e+00 2.5372511620e-03 2.0582096743e-02
2.3806623078e+00 2.1458638883e+00 2.4453840631e+00 6.9941345020e+00 8.1483901892e+00 3.7008404633e-03 3.0017299468e-02
2.4171640673e+00 1.4709518553e+00 7.8628861477e-01 2.1345257146e+00 3.6277966998e+00 5.3989303730e-03 4.3790038892e-02
2.4680495895e+00 1.2420219092e+00 8.2158611902e-02 1.0958455799e+00 2.2057694228e+00 6.3936844889e-03 5.1861435355e-02
2.5207263526e+00 1.1895683537e+00 4.6777778124e-03 1.0081809665e+00 2.1187957871e+00 6.6756100353e-03 5.4148245248e-02
2.5764752362e+00 1.0643855716e+00 -1.9197098532e-03 1.0031792846e+00 2.3562403311e+00 7.4608002261e-03 6.0516640467e-02
2.6419615285e+00 8.7736601157e-01 -4.5733055888e-03 1.0051341315e+00 2.8640673284e+00 9.0511553649e-03 7.3416382793e-02
2.7230131347e+00 8.3464044769e-01 -8.6336381221e-03 1.0094279622e+00 3.0235413493e+00 9.5144883826e-03 7.7174595519e-02
2.7958538013e+00 9.8517955702e-01 -1.4611920952e-02 1.0162857297e+00 2.5789352877e+00 8.0606390590e-03 6.5382029596e-02
2.8538034924e+00 1.1687066222e+00 -2.0647715926e-02 1.0241292743e+00 2.1907321624e+00 6.7948416809e-03 5.5114806171e-02
2.9063381690e+00 1.2180284405e+00 -2.6347560625e-02 1.0318183555e+00 2.1178043165e+00 6.5196970337e-03 5.2883033609e-02
2.9597685750e+00 1.1296910156e+00 -3.0996465498e-02 1.0390173171e+00 2.2993396042e+00 7.0295119084e-03 5.7018280278e-02
3.0206218775e+00 9.3379710127e-01 -3.4982515250e-02 1.0436282672e+00 2.7940445141e+00 8.5041778412e-03 6.8979694697e-02
3.0975519861e+00 8.4777688983e-01 -3.7827485559e-02 1.0464458869e+00 3.0858528330e+00 9.3670595939e-03 7.5978762487e-02
3.1721113133e+00 9.6452144190e-01 -3.9990805495e-02 1.0470598520e+00 2.7139361723e+00 8.2332814670e-03 6.6782381558e-02
3.2310289136e+00 1.1602755555e+00 -4.0833435852e-02 1.0473639000e+00 2.2567137069e+00 6.8442158363e-03 5.5515294317e-02
3.2833938653e+00 1.2338548636e+00 -4.1246629156e-02 1.0476154431e+00 2.1226472294e+00 6.4360701933e-03 5.2204712931e-02
3.3356322035e+00 1.1690475700e+00 -4.1446844050e-02 1.0480228489e+00 2.2411894857e+00 6.7928600714e-03 5.5098732170e-02
3.3938447654e+00 9.7633929637e-01 -4.1283003502e-02 1.0486820996e+00 2.6852399148e+00 8.1336237368e-03 6.5974030948e-02
3.4675211368e+00 8.5075473531e-01 -4.0778204196e-02 1.0494636552e+00 3.0839195237e+00 9.3342724394e-03 7.5712818608e-02
3.5448048593e+00 9.2849475196e-01 -4.0403354644e-02 1.0498723276e+00 2.8268127671e+00 8.5527425086e-03 6.9373616619e-02
3.6060630820e+00 1.1287858884e+00 -4.0087659035e-02 1.0499877857e+00 2.3254804045e+00 7.0351486707e-03 5.7064000904e-02
3.6591699734e+00 1.2315628032e+00 -3.9796025656e-02 1.0499392860e+00 2.1313149505e+00 6.4480483668e-03 5.2301871074e-02
3.7108643411e+00 1.1960580211e+00 -3.9555348091e-02 1.0498351181e+00 2.1943649464e+00 6.6394575950e-03 5.3854443363e-02
3.7671235951e+00 1.0203048614e+00 -3.9463277641e-02 1.0496396242e+00 2.5718774455e+00 7.7831408919e-03 6.3131169314e-02
3.8371811804e+00 8.6166625540e-01 -3.9566615666e-02 1.0492678547e+00 3.0442989037e+00 9.2160700268e-03 7.4754046071e-02
3.9162018780e+00 8.9659456381e-01 -4.0126757733e-02 1.0487667460e+00 2.9243060027e+00 8.8570430252e-03 7.1841879880e-02
3.9805572967e+00 1.0870760292e+00 -4.0819817180e-02 1.0481512004e+00 2.4104827360e+00 7.3050792694e-03 5.9253481105e-02
4.0348979309e+00 1.2186972975e+00 -4.1170190060e-02 1.0477949221e+00 2.1494158644e+00 6.5161188885e-03 5.2854009839e-02
4.0864731190e+00 1.2134499526e+00 -4.1266494737e-02 1.0477623332e+00 2.1586434837e+00 6.5442967217e-03 5.3082567450e-02
4.1412906194e+00 1.0641061801e+00 -4.1287277995e-02 1.0480745970e+00 2.4623355652e+00 7.4627670467e-03 6.0532529705e-02
4.2076847084e+00 8.8233340494e-01 -4.0964691111e-02 1.0486513835e+00 2.9712447066e+00 9.0001992733e-03 7.3003060514e-02
4.2869394140e+00 8.7219770945e-01 -4.0596868987e-02 1.0491494730e+00 3.0072008378e+00 9.1047894606e-03 7.3851419531e-02
4.3549981221e+00 1.0425522422e+00 -4.0417972968e-02 1.0493586386e+00 2.5163214757e+00 7.6170538369e-03 6.1783991582e-02
4.4106108300e+00 1.2048217891e+00 -4.0290476872e-02 1.0493924911e+00 2.1774848791e+00 6.5911627835e-03 5.3462710867e-02
4.4621555574e+00 1.2269193256e+00 -4.0169429059e-02 1.0493564336e+00 2.1381936279e+00 6.4724520685e-03 5.2499816093e-02
4.5158115426e+00 1.1112520980e+00 -4.0095931936e-02 1.0493273365e+00 2.3606869639e+00 7.1461520972e-03 5.7964380064e-02
4.5783151360e+00 9.0982536462e-01 -4.0076458459e-02 1.0492262745e+00 2.8830430412e+00 8.7282426120e-03 7.0797145759e-02
4.6571341513e+00 8.5414219385e-01 -4.0241951559e-02 1.0489259064e+00 3.0701150052e+00 9.2972535725e-03 7.5412547721e-02
4.7286882603e+00 9.9725561309e-01 -4.0622020259e-02 1.0484005235e+00 2.6282141453e+00 7.9630302126e-03 6.4590299728e-02
4.7863163035e+00 1.1844294435e+00 -4.0945606219e-02 1.0478733741e+00 2.2117682481e+00 6.7046429719e-03 5.4383179438e-02
4.8377276833e+00 1.2177719626e+00 -4.1099214738e-02 1.0475650419e+00 2.1505771894e+00 6.5210702392e-03 5.2894171432e-02
4.8921998753e+00 1.1819731611e+00 -4.1019474760e-02 1.0477391470e+00 2.2160806638e+00 6.7185759889e-03 5.4496194222e-02
