# x  rho  v  p  e  w  vol
-2.7090250875e-01 3.7054123499e+00 2.6474960141e+00 9.9092183901e+00 6.6856380980e+00 0.0000000000e+00 1.7383500910e-02
-2.5351900784e-01 3.7104873683e+00 2.6539471161e+00 9.8387134606e+00 6.6289899978e+00 0.0000000000e+00 1.7359724629e-02
-2.3618305949e-01 3.7295523859e+00 2.6563688068e+00 9.8361875555e+00 6.5934102392e+00 0.0000000000e+00 1.7270983831e-02
-2.1897704018e-01 3.7314112368e+00 2.6569034522e+00 9.8656545057e+00 6.6098681434e+00 0.0000000000e+00 1.7262380067e-02
-2.0165829936e-01 3.7334646833e+00 2.6550527637e+00 9.9239099043e+00 6.6452415826e+00 0.0000000000e+00 1.7252885568e-02
-1.8447126904e-01 3.7693298519e+00 2.6489083846e+00 1.0018483228e+01 6.6447376734e+00 0.0000000000e+00 1.7088724385e-02
-1.6748085059e-01 3.8187995545e+00 2.6328836088e+00 1.0181277793e+01 6.6652344852e+00 0.0000000000e+00 1.6867352694e-02
-1.5073656365e-01 3.8785876274e+00 2.6079716399e+00 1.0396307213e+01 6.7010908425e+00 0.0000000000e+00 1.6607343998e-02
-1.3426616259e-01 3.9283376041e+00 2.5893885123e+00 1.0576742110e+01 6.7310546951e+00 0.0000000000e+00 1.6397022213e-02
-1.1794251923e-01 3.9368499218e+00 2.5801180739e+00 1.0680516163e+01 6.7823998725e+00 0.0000000000e+00 1.6361568318e-02
-1.0154302596e-01 3.9611776290e+00 2.5778374143e+00 1.0728235068e+01 6.7708621480e+00 0.0000000000e+00 1.6261083190e-02
-8.5420352850e-02 3.9646988134e+00 2.5769462105e+00 1.0722637129e+01 6.7613188502e+00 0.0000000000e+00 1.6246641166e-02
-6.9049743625e-02 3.9457116463e+00 2.5802328271e+00 1.0672971161e+01 6.7623866860e+00 0.0000000000e+00 1.6324821662e-02
-5.2770709526e-02 3.9238147549e+00 2.5843097891e+00 1.0596386272e+01 6.7513293402e+00 0.0000000000e+00 1.6415922509e-02
-3.6217898608e-02 3.8869775627e+00 2.5921420396e+00 1.0482378340e+01 6.7419853669e+00 0.0000000000e+00 1.6571497498e-02
-1.9627714531e-02 3.8528357008e+00 2.6056492501e+00 1.0331152540e+01 6.7036031003e+00 0.0000000000e+00 1.6718345644e-02
-2.7812073207e-03 3.8189682630e+00 2.6203529580e+00 1.0177904018e+01 6.6627314746e+00 0.0000000000e+00 1.6866607555e-02
1.4105500578e-02 3.7894818359e+00 2.6334576818e+00 1.0047553444e+01 6.6285800267e+00 0.0000000000e+00 1.6997848715e-02
3.1214490109e-02 3.7529340380e+00 2.6444387646e+00 9.9460261138e+00 6.6255002173e+00 0.0000000000e+00 1.7163381584e-02
4.8432263746e-02 3.7317861087e+00 2.6526243773e+00 9.8716411951e+00 6.6132147634e+00 0.0000000000e+00 1.7260645996e-02
6.5735782100e-02 3.7217824203e+00 2.6587036652e+00 9.8291155219e+00 6.6024248679e+00 0.0000000000e+00 1.7307040466e-02
8.3046344678e-02 3.7187793129e+00 2.6625379188e+00 9.8133269615e+00 6.5971425943e+00 0.0000000000e+00 1.7321016800e-02
1.0037781570e-01 3.7223616283e+00 2.6641723551e+00 9.8331733775e+00 6.6041228388e+00 0.0000000000e+00 1.7304347451e-02
1.1765503958e-01 3.7284642879e+00 2.6619600244e+00 9.8830972801e+00 6.6267882142e+00 0.0000000000e+00 1.7276024116e-02
1.3492986393e-01 3.7532034888e+00 2.6556478758e+00 9.9703838312e+00 6.6412491762e+00 0.0000000000e+00 1.7162149387e-02
1.5197933835e-01 3.7986895961e+00 2.6401676812e+00 1.0127795535e+01 6.6653218685e+00 0.0000000000e+00 1.6956647108e-02
1.6884315815e-01 3.8688295080e+00 2.6123846662e+00 1.0364980197e+01 6.6977493937e+00 0.0000000000e+00 1.6649231718e-02
1.8527780179e-01 3.9244789250e+00 2.5897147310e+00 1.0580799559e+01 6.7402575992e+00 0.0000000000e+00 1.6413144314e-02
2.0166944678e-01 3.9505268389e+00 2.5776406261e+00 1.0708225879e+01 6.7764543284e+00 0.0000000000e+00 1.6304923769e-02
2.1788764933e-01 3.9669006934e+00 2.5738475333e+00 1.0763995707e+01 6.7836306847e+00 0.0000000000e+00 1.6237623256e-02
2.3414469329e-01 3.9692437488e+00 2.5726172253e+00 1.0764281797e+01 6.7798064807e+00 0.0000000000e+00 1.6228038143e-02
2.5034372561e-01 3.9592905636e+00 2.5755221233e+00 1.0719487969e+01 6.7685661085e+00 0.0000000000e+00 1.6268833499e-02
2.6668236029e-01 3.9353428615e+00 2.5806197873e+00 1.0640951733e+01 6.7598631860e+00 0.0000000000e+00 1.6367834067e-02
2.8307939375e-01 3.9001834138e+00 2.5891285724e+00 1.0529130955e+01 6.7491255142e+00 0.0000000000e+00 1.6515387129e-02
2.9971313455e-01 3.8611238018e+00 2.6033375519e+00 1.0374861866e+01 6.7175143808e+00 0.0000000000e+00 1.6682458854e-02
3.1644431146e-01 3.8231591951e+00 2.6191104738e+00 1.0210487122e+01 6.6767342141e+00 0.0000000000e+00 1.6848118445e-02
3.3340937144e-01 3.7910041644e+00 2.6333570541e+00 1.0068120606e+01 6.6394813680e+00 0.0000000000e+00 1.6991023001e-02
3.5042635746e-01 3.7550319411e+00 2.6452741969e+00 9.9503090749e+00 6.6246500902e+00 0.0000000000e+00 1.7153792555e-02
3.6771695655e-01 3.7305949324e+00 2.6554997605e+00 9.8679473775e+00 6.6128510039e+00 0.0000000000e+00 1.7266157308e-02
3.8495867207e-01 3.7144128693e+00 2.6623342082e+00 9.8119520776e+00 6.6039724331e+00 0.0000000000e+00 1.7341378361e-02
4.0239971327e-01 3.7097500365e+00 2.6673153657e+00 9.7920215820e+00 6.5988418934e+00 0.0000000000e+00 1.7363174963e-02
4.1968502200e-01 3.7133595261e+00 2.6697981675e+00 9.8026053791e+00 6.5995531205e+00 0.0000000000e+00 1.7346297471e-02
4.3709230821e-01 3.7194746837e+00 2.6675771817e+00 9.8475704824e+00 6.6189256009e+00 0.0000000000e+00 1.7317778566e-02
4.5432057913e-01 3.7426709500e+00 2.6612750252e+00 9.9342895572e+00 6.6358288572e+00 0.0000000000e+00 1.7210446714e-02
4.7151320164e-01 3.7858591477e+00 2.6455829889e+00 1.0095334404e+01 6.6664751709e+00 0.0000000000e+00 1.7014113954e-02
4.8834880704e-01 3.8614855240e+00 2.6150459634e+00 1.0352324912e+01 6.7022942647e+00 0.0000000000e+00 1.6680896135e-02
5.0487499391e-01 3.9247687502e+00 2.5876894899e+00 1.0598460992e+01 6.7510098469e+00 0.0000000000e+00 1.6411932283e-02
5.2117267161e-01 3.9636966468e+00 2.5738785850e+00 1.0752010553e+01 6.7815548913e+00 0.0000000000e+00 1.6250748908e-02
5.3737649173e-01 3.9752384931e+00 2.5684533904e+00 1.0810212338e+01 6.7984677876e+00 0.0000000000e+00 1.6203565916e-02
5.5357980344e-01 3.9822429325e+00 2.5678759757e+00 1.0818668668e+01 6.7918186132e+00 0.0000000000e+00 1.6175065170e-02
5.6972662207e-01 3.9687790381e+00 2.5709784899e+00 1.0776213024e+01 6.7881160180e+00 0.0000000000e+00 1.6229938310e-02
5.8603968006e-01 3.9516428234e+00 2.5767613766e+00 1.0694565413e+01 6.7658983184e+00 0.0000000000e+00 1.6300319091e-02
6.0232726025e-01 3.9086943855e+00 2.5859932700e+00 1.0577949630e+01 6.7656540692e+00 0.0000000000e+00 1.6479425763e-02
6.1899853158e-01 3.8770913894e+00 2.6006644812e+00 1.0420924927e+01 6.7195507406e+00 0.0000000000e+00 1.6613753065e-02
6.3555476638e-01 3.8225864817e+00 2.6171770257e+00 1.0251951846e+01 6.7048527841e+00 0.0000000000e+00 1.6850642690e-02
6.5269981696e-01 3.8003231105e+00 2.6316965892e+00 1.0097719723e+01 6.6426718397e+00 0.0000000000e+00 1.6949358536e-02
6.6945348345e-01 3.7528766964e+00 2.6464227505e+00 9.9706625985e+00 6.6420131843e+00 0.0000000000e+00 1.7163643830e-02
6.8702710462e-01 3.7256252968e+00 2.6581339187e+00 9.8614110825e+00 6.6172858895e+00 0.0000000000e+00 1.7289188746e-02
7.0403186094e-01 3.7228249871e+00 2.6681504989e+00 9.7938095734e+00 6.5768667661e+00 0.0000000000e+00 1.7302193678e-02
7.2163149198e-01 3.9057572902e+00 2.6744726601e+00 9.7598820823e+00 6.2471125042e+00 0.0000000000e+00 1.6491818147e-02
7.3701549724e-01 3.7369017497e+00 2.6773050611e+00 9.7555567286e+00 6.5265006829e+00 0.0000000000e+00 1.7237016991e-02
7.5610552596e-01 4.1002724952e+00 2.6764531386e+00 9.7888139041e+00 5.9683922932e+00 0.0000000000e+00 1.5709453221e-02
7.6843440368e-01 4.5824949497e+00 2.6711307991e+00 9.8687981686e+00 5.3839656546e+00 0.0000000000e+00 1.4056325138e-02
7.8421817624e-01 3.7338086986e+00 2.6583635984e+00 1.0003484623e+01 6.6979091798e+00 0.0000000000e+00 1.7251295970e-02
8.0293699562e-01 3.0854632620e+00 2.6252208355e+00 1.0238085377e+01 8.2954199315e+00 0.0000000000e+00 2.0876294250e-02
8.2597076474e-01 3.3394171623e+00 2.5814384134e+00 1.0540451067e+01 7.8909361680e+00 0.0000000000e+00 1.9288706928e-02
8.4151440947e-01 4.3723404689e+00 2.5634034670e+00 1.0745922752e+01 6.1442623396e+00 0.0000000000e+00 1.4731935770e-02
8.5543463628e-01 4.8156669804e+00 2.5612751704e+00 1.0839551965e+01 5.6272329511e+00 0.0000000000e+00 1.3375725360e-02
8.6826586019e-01 4.7398360562e+00 2.5613157740e+00 1.0866129218e+01 5.7312790405e+00 0.0000000000e+00 1.3589718756e-02
8.8261407379e-01 4.1887428867e+00 2.5651548550e+00 1.0862639503e+01 6.4832336318e+00 0.0000000000e+00 1.5377654035e-02
8.9902116826e-01 3.2917152802e+00 2.5749467486e+00 1.0814292681e+01 8.2132655476e+00 0.0000000000e+00 1.9568229167e-02
9.2175053212e-01 3.1856740798e+00 2.5899057803e+00 1.0702022800e+01 8.3985543813e+00 0.0000000000e+00 2.0219594767e-02
9.3946035780e-01 4.0757750670e+00 2.6062015799e+00 1.0532951693e+01 6.4607047247e+00 0.0000000000e+00 1.5803874820e-02
9.5335828176e-01 4.6625361351e+00 2.6193018870e+00 1.0339014971e+01 5.5436647948e+00 0.0000000000e+00 1.3815021930e-02
9.6709040166e-01 4.5664144112e+00 2.6309268790e+00 1.0164189875e+01 5.5646449051e+00 0.0000000000e+00 1.4105824210e-02
9.8156993018e-01 4.1378231724e+00 2.6419583094e+00 9.9942709387e+00 6.0383627588e+00 0.0000000000e+00 1.5566890191e-02
9.9822418204e-01 3.2267529203e+00 2.6556262163e+00 9.8564095073e+00 7.6364767854e+00 0.0000000000e+00 1.9962185065e-02
1.0214943003e+00 2.9144916580e+00 2.6715007573e+00 9.7619895807e+00 8.3736640265e+00 0.0000000000e+00 2.2100951560e-02
1.0424260852e+00 3.6331975729e+00 2.6838104288e+00 9.7227558090e+00 6.6902195752e+00 0.0000000000e+00 1.7729021795e-02
1.0569523439e+00 4.4033550831e+00 2.6882933905e+00 9.7169652503e+00 5.5167963217e+00 0.0000000000e+00 1.4628172777e-02
1.0716824307e+00 4.4140244090e+00 2.6886773292e+00 9.7446074759e+00 5.5191173479e+00 0.0000000000e+00 1.4592814399e-02
1.0861379727e+00 4.1607168028e+00 2.6847485112e+00 9.8070913144e+00 5.8926693279e+00 0.0000000000e+00 1.5481236048e-02
1.1026449028e+00 3.3984888386e+00 2.6711954550e+00 9.9333647006e+00 7.3071923818e+00 0.0000000000e+00 1.8953435486e-02
1.1240448437e+00 2.9914436820e+00 2.6331487485e+00 1.0180450968e+01 8.5079747855e+00 0.0000000000e+00 2.1532425745e-02
1.1457097543e+00 3.6398460615e+00 2.5812771438e+00 1.0543932540e+01 7.2420181798e+00 0.0000000000e+00 1.7696638227e-02
1.1594381201e+00 4.6702069301e+00 2.5605733266e+00 1.0797570904e+01 5.7800280936e+00 0.0000000000e+00 1.3792330815e-02
1.1732944159e+00 4.8475501048e+00 2.5548782040e+00 1.0908075539e+01 5.6255610065e+00 0.0000000000e+00 1.3287751042e-02
1.1860136222e+00 4.6236437601e+00 2.5535128709e+00 1.0945333280e+01 5.9181318069e+00 0.0000000000e+00 1.3931228766e-02
1.2011568735e+00 3.8466654720e+00 2.5580122062e+00 1.0952280451e+01 7.1180354330e+00 0.0000000000e+00 1.6745162641e-02
1.2195039475e+00 3.1493046361e+00 2.5683878301e+00 1.0899106333e+01 8.6519943231e+00 0.0000000000e+00 2.0453098826e-02
1.2420630711e+00 3.4747729218e+00 2.5841678270e+00 1.0765968702e+01 7.7458073841e+00 0.0000000000e+00 1.8537337663e-02
1.2565786228e+00 4.4833397612e+00 2.5996270489e+00 1.0581877799e+01 5.9006668924e+00 0.0000000000e+00 1.4367199986e-02
1.2707974711e+00 4.6694314506e+00 2.6138678296e+00 1.0384201457e+01 5.5596712185e+00 0.0000000000e+00 1.3794621387e-02
1.2841678656e+00 4.4889303874e+00 2.6266987091e+00 1.0185566238e+01 5.6726020227e+00 0.0000000000e+00 1.4349306716e-02
1.2994960845e+00 3.8033162220e+00 2.6407137797e+00 1.0005610648e+01 6.5768989904e+00 0.0000000000e+00 1.6936019830e-02
1.3180399053e+00 3.0022018320e+00 2.6590812507e+00 9.8533579545e+00 8.2051095378e+00 0.0000000000e+00 2.1455266021e-02
1.3424066166e+00 3.0941852206e+00 2.6808838644e+00 9.7519334569e+00 7.8792418371e+00 0.0000000000e+00 2.0817447684e-02
1.3596748006e+00 3.9967091471e+00 2.6936174251e+00 9.6886290546e+00 6.0603791132e+00 0.0000000000e+00 1.6116519012e-02
1.3746396546e+00 4.4302711263e+00 2.6986879150e+00 9.6694387270e+00 5.4564599159e+00 0.0000000000e+00 1.4539299541e-02
1.3887533997e+00 4.3617082838e+00 2.7003905922e+00 9.6830282795e+00 5.5500205708e+00 0.0000000000e+00 1.4767846624e-02
1.4041753478e+00 3.9077322940e+00 2.6968169295e+00 9.7339734589e+00 6.2273799268e+00 0.0000000000e+00 1.6483483030e-02
1.4217203658e+00 3.1158814991e+00 2.6827708864e+00 9.8508771306e+00 7.9037642585e+00 0.0000000000e+00 2.0672493152e-02
1.4455203341e+00 3.0669122942e+00 2.6395191288e+00 1.0123944155e+01 8.2525543476e+00 0.0000000000e+00 2.1002569613e-02
1.4637255050e+00 4.0433370327e+00 2.5821192421e+00 1.0555540040e+01 6.5265027099e+00 0.0000000000e+00 1.5930662825e-02
1.4773816598e+00 4.7838323768e+00 2.5572820004e+00 1.0852898091e+01 5.6716546675e+00 0.0000000000e+00 1.3464735777e-02
1.4906549765e+00 4.8173586373e+00 2.5468475483e+00 1.0985595740e+01 5.7010472788e+00 0.0000000000e+00 1.3371028359e-02
1.5041237165e+00 4.4662926031e+00 2.5455825857e+00 1.1047126037e+01 6.1836107811e+00 0.0000000000e+00 1.4422037399e-02
1.5194990513e+00 3.5351834939e+00 2.5508604551e+00 1.1065331732e+01 7.8251466657e+00 0.0000000000e+00 1.8220564524e-02
1.5405648456e+00 3.1708766211e+00 2.5618603339e+00 1.0997891177e+01 8.6710179010e+00 0.0000000000e+00 2.0313953096e-02
1.5601269575e+00 3.8824261020e+00 2.5765104529e+00 1.0845275749e+01 6.9835686916e+00 0.0000000000e+00 1.6590924660e-02
1.5737466949e+00 4.6879030946e+00 2.5904710790e+00 1.0648444905e+01 5.6786822863e+00 0.0000000000e+00 1.3740266736e-02
1.5876074910e+00 4.6714590591e+00 2.6059581458e+00 1.0432987316e+01 5.5833665585e+00 0.0000000000e+00 1.3788633945e-02
1.6013239628e+00 4.3441574615e+00 2.6211567346e+00 1.0212110121e+01 5.8769221716e+00 0.0000000000e+00 1.4827510173e-02
1.6172625114e+00 3.4640128667e+00 2.6408649448e+00 1.0021625082e+01 7.2326702207e+00 0.0000000000e+00 1.8594919082e-02
1.6385138009e+00 2.9168622580e+00 2.6664522464e+00 9.8519898652e+00 8.4439964881e+00 0.0000000000e+00 2.2082989616e-02
1.6614284906e+00 3.3850995097e+00 2.6930104508e+00 9.7358453253e+00 7.1902209207e+00 0.0000000000e+00 1.9028403381e-02
1.6765706077e+00 4.2708355658e+00 2.7055056533e+00 9.6415695216e+00 5.6438426235e+00 0.0000000000e+00 1.5082069530e-02
1.6915926296e+00 4.4191332219e+00 2.7131139020e+00 9.6158416155e+00 5.4398912256e+00 0.0000000000e+00 1.4575944132e-02
1.7057224959e+00 4.2515882115e+00 2.7149539512e+00 9.6107873228e+00 5.6512924374e+00 0.0000000000e+00 1.5150347529e-02
1.7218933247e+00 3.5647331379e+00 2.7121879043e+00 9.6468822650e+00 6.7655010150e+00 0.0000000000e+00 1.8069526235e-02
1.7418615484e+00 2.9272989700e+00 2.6972089149e+00 9.7523353229e+00 8.3287831400e+00 0.0000000000e+00 2.2004257035e-02
1.7659018388e+00 3.2819297449e+00 2.6496476205e+00 1.0052036904e+01 7.6571085345e+00 0.0000000000e+00 1.9626574595e-02
1.7811146976e+00 4.4133955413e+00 2.5876351216e+00 1.0545393714e+01 5.9735149588e+00 0.0000000000e+00 1.4594893739e-02
1.7950916263e+00 4.8110498827e+00 2.5544962911e+00 1.0886644559e+01 5.6571043869e+00 0.0000000000e+00 1.3388561858e-02
1.8078918213e+00 4.7817039522e+00 2.5393050469e+00 1.1067715627e+01 5.7864914568e+00 0.0000000000e+00 1.3470729179e-02
1.8220330846e+00 4.1543423714e+00 2.5380255423e+00 1.1158932520e+01 6.7152220028e+00 0.0000000000e+00 1.5504990489e-02
1.8389018023e+00 3.3100531798e+00 2.5412040961e+00 1.1178684676e+01 8.4429796660e+00 0.0000000000e+00 1.9459819965e-02
1.8609527245e+00 3.3709714794e+00 2.5507104271e+00 1.1096701791e+01 8.2296022519e+00 0.0000000000e+00 1.9108153050e-02
1.8771181084e+00 4.3126448874e+00 2.5645901629e+00 1.0929133205e+01 6.3355165392e+00 0.0000000000e+00 1.4935855058e-02
1.8908244347e+00 4.7682884501e+00 2.5792408532e+00 1.0725791109e+01 5.6235016092e+00 0.0000000000e+00 1.3508628857e-02
1.9041353661e+00 4.6291750490e+00 2.5985771222e+00 1.0491780757e+01 5.6661179614e+00 0.0000000000e+00 1.3914582679e-02
1.9186536000e+00 4.1166857799e+00 2.6182225882e+00 1.0263342574e+01 6.2327701957e+00 0.0000000000e+00 1.5646819407e-02
1.9354290049e+00 3.1911198569e+00 2.6465324966e+00 1.0064331688e+01 7.8846393578e+00 0.0000000000e+00 2.0185089199e-02
1.9590237784e+00 2.9954472214e+00 2.6810835712e+00 9.8778802540e+00 8.2440780323e+00 0.0000000000e+00 2.1503646765e-02
1.9784362985e+00 3.7583681582e+00 2.7089179835e+00 9.7245837741e+00 6.4686210643e+00 0.0000000000e+00 1.7138565527e-02
1.9933009095e+00 4.3781218547e+00 2.7218473026e+00 9.6011491024e+00 5.4824588151e+00 0.0000000000e+00 1.4712481994e-02
2.0078612624e+00 4.3658282738e+00 2.7303468495e+00 9.5566545012e+00 5.4724177761e+00 0.0000000000e+00 1.4753910350e-02
2.0228087302e+00 4.0669459866e+00 2.7311338271e+00 9.5358724196e+00 5.8618140313e+00 0.0000000000e+00 1.5838184025e-02
2.0395376305e+00 3.2271291437e+00 2.7272410432e+00 9.5553634129e+00 7.4023714169e+00 0.0000000000e+00 1.9959857844e-02
2.0627284459e+00 2.8953528400e+00 2.7076820461e+00 9.6617396895e+00 8.3424544637e+00 0.0000000000e+00 2.2247042939e-02
2.0840317164e+00 3.6097140090e+00 2.6570027959e+00 9.9918800445e+00 6.9201327443e+00 0.0000000000e+00 1.7844360743e-02
2.0984171673e+00 4.6004166181e+00 2.5958148949e+00 1.0484233824e+01 5.6974371531e+00 0.0000000000e+00 1.4001566445e-02
2.1120348493e+00 4.7980348042e+00 2.5554450084e+00 1.0875215282e+01 5.6664945786e+00 0.0000000000e+00 1.3424879473e-02
2.1252669263e+00 4.6614818507e+00 2.5336600166e+00 1.1118284076e+01 5.9628485277e+00 0.0000000000e+00 1.3818146465e-02
2.1396711422e+00 3.8224053743e+00 2.5313856916e+00 1.1272777664e+01 7.3728297761e+00 0.0000000000e+00 1.6851441081e-02
2.1589698084e+00 3.2128186079e+00 2.5287722314e+00 1.1285781192e+01 8.7818381376e+00 0.0000000000e+00 2.0048763038e-02
2.1797686683e+00 3.7100200246e+00 2.5344395669e+00 1.1223033114e+01 7.5626499588e+00 0.0000000000e+00 1.7361911399e-02
2.1936936312e+00 4.6821593677e+00 2.5515826524e+00 1.1051520551e+01 5.9008673581e+00 0.0000000000e+00 1.3757122280e-02
2.2072829128e+00 4.8034074841e+00 2.5717813208e+00 1.0855239649e+01 5.6497599280e+00 0.0000000000e+00 1.3409863554e-02
2.2205133584e+00 4.6054549517e+00 2.5940232700e+00 1.0640448092e+01 5.7760026990e+00 0.0000000000e+00 1.3986248835e-02
2.2352554105e+00 3.8168647454e+00 2.6190584575e+00 1.0442740948e+01 6.8398683501e+00 0.0000000000e+00 1.6875902934e-02
2.2542651642e+00 3.0444040430e+00 2.6587058615e+00 1.0231785486e+01 8.4021251301e+00 0.0000000000e+00 2.1157848316e-02
2.2775711071e+00 3.2377715263e+00 2.7113724081e+00 9.9734528581e+00 7.7008621338e+00 0.0000000000e+00 1.9894250854e-02
2.2940536659e+00 4.1213013165e+00 2.7283715388e+00 9.7148257599e+00 5.8930572007e+00 0.0000000000e+00 1.5629296188e-02
2.3088296995e+00 4.4518867215e+00 2.7533989026e+00 9.7966788744e+00 5.5014196718e+00 0.0000000000e+00 1.4468705739e-02
2.3229910774e+00 4.2566935861e+00 2.7429370374e+00 9.3725321485e+00 5.5045846964e+00 0.0000000000e+00 1.5132176571e-02
2.3390940527e+00 3.8253315068e+00 2.7622093665e+00 9.3561342648e+00 6.1145904924e+00 0.0000000000e+00 1.6838550813e-02
2.3566681790e+00 3.1211751438e+00 2.8828240394e+00 1.0521714005e+01 8.4276863046e+00 0.0000000000e+00 2.0637431732e-02
2.3803689161e+00 2.1279218979e+00 2.4397115259e+00 6.9420930567e+00 8.1559537776e+00 0.0000000000e+00 3.0270396210e-02
2.4172089715e+00 1.4686991651e+00 7.7306357028e-01 2.1190800836e+00 3.6070696674e+00 0.0000000000e+00 4.3857204037e-02
2.4680833242e+00 1.2447267988e+00 8.1448671096e-02 1.0989024331e+00 2.2071157183e+00 0.0000000000e+00 5.1748736361e-02
2.5207064442e+00 1.1898871796e+00 4.9277639205e-03 1.0091659610e+00 2.1202975760e+00 0.0000000000e+00 5.4133736424e-02
2.5763507970e+00 1.0634309154e+00 -1.8236399185e-03 1.0033428534e+00 2.3587400905e+00 0.0000000000e+00 6.0570967068e-02
2.6418483783e+00 8.7811311447e-01 -4.5062057032e-03 1.0052065090e+00 2.8618366258e+00 0.0000000000e+00 7.3353919778e-02
2.7230586366e+00 8.3575100367e-01 -8.5937875851e-03 1.0094750038e+00 3.0196643480e+00 0.0000000000e+00 7.7072044989e-02
2.7959924683e+00 9.8502055375e-01 -1.4577929584e-02 1.0162746681e+00 2.5793235082e+00 0.0000000000e+00 6.5392583646e-02
2.8538438039e+00 1.1675786162e+00 -2.0539901468e-02 1.0239945679e+00 2.1925602134e+00 0.0000000000e+00 5.5168052979e-02
2.9063285743e+00 1.2172842336e+00 -2.6272796040e-02 1.0317339705e+00 2.1189257653e+00 0.0000000000e+00 5.2915364529e-02
2.9596745329e+00 1.1288575102e+00 -3.1195439354e-02 1.0392089587e+00 2.3014617639e+00 0.0000000000e+00 5.7060380405e-02
3.0204493351e+00 9.3460905722e-01 -3.5406590533e-02 1.0441672588e+00 2.7930589018e+00 0.0000000000e+00 6.8919767530e-02
3.0975140680e+00 8.4908473788e-01 -3.8450622302e-02 1.0471519818e+00 3.0831786720e+00 0.0000000000e+00 7.5861732146e-02
3.1721727994e+00 9.6524913752e-01 -4.0714537575e-02 1.0477597780e+00 2.7137029635e+00 0.0000000000e+00 6.6732034716e-02
3.2309781374e+00 1.1598053655e+00 -4.1471834974e-02 1.0480891432e+00 2.2591918748e+00 0.0000000000e+00 5.5537800456e-02
3.2832484003e+00 1.2337283355e+00 -4.1820450430e-02 1.0483090267e+00 2.1242703855e+00 0.0000000000e+00 5.2210066919e-02
3.3353982713e+00 1.1685436552e+00 -4.1986221353e-02 1.0487128969e+00 2.2436322601e+00 0.0000000000e+00 5.5122492571e-02
3.3934933854e+00 9.7698100389e-01 -4.1763508386e-02 1.0493795003e+00 2.6852607577e+00 0.0000000000e+00 6.5930697422e-02
3.4672596661e+00 8.5205037824e-01 -4.1255785302e-02 1.0501520639e+00 3.0812499200e+00 0.0000000000e+00 7.5597688352e-02
3.5446887621e+00 9.2945638036e-01 -4.0942983900e-02 1.0505282627e+00 2.8256524052e+00 0.0000000000e+00 6.9301841717e-02
3.6058633495e+00 1.1283482586e+00 -4.0668746517e-02 1.0506214656e+00 2.3277863407e+00 0.0000000000e+00 5.7086133171e-02
3.6588610285e+00 1.2312740158e+00 -4.0379830221e-02 1.0505619489e+00 2.1330791023e+00 0.0000000000e+00 5.2314138144e-02
3.7104916258e+00 1.1956779673e+00 -4.0120778950e-02 1.0504724767e+00 2.1963950693e+00 0.0000000000e+00 5.3871561337e-02
3.7666041511e+00 1.0205335394e+00 -4.0004922027e-02 1.0502934033e+00 2.5729027091e+00 0.0000000000e+00 6.3117023074e-02
3.8367256720e+00 8.6300211703e-01 -4.0092840488e-02 1.0498976093e+00 3.0414108744e+00 0.0000000000e+00 7.4638332495e-02
3.9158808161e+00 8.9776269671e-01 -4.0696911494e-02 1.0493648618e+00 2.9221665859e+00 0.0000000000e+00 7.1748402101e-02
3.9802224762e+00 1.0865570509e+00 -4.1424146023e-02 1.0487406887e+00 2.4129903899e+00 0.0000000000e+00 5.9281782676e-02
4.0344443815e+00 1.2183360272e+00 -4.1755830742e-02 1.0484112923e+00 2.1513180044e+00 0.0000000000e+00 5.2869682516e-02
4.0859618412e+00 1.2134363826e+00 -4.1831920651e-02 1.0483952613e+00 2.1599716234e+00 0.0000000000e+00 5.3083161078e-02
4.1406107036e+00 1.0639269601e+00 -4.1806214231e-02 1.0487502980e+00 2.4643381016e+00 0.0000000000e+00 6.0542726494e-02
4.2070472942e+00 8.8343538996e-01 -4.1434934337e-02 1.0493686048e+00 2.9695680543e+00 0.0000000000e+00 7.2911997511e-02
4.2864346986e+00 8.7353805366e-01 -4.1102211525e-02 1.0498517683e+00 3.0045965482e+00 0.0000000000e+00 7.3738102976e-02
4.3545235002e+00 1.0426681827e+00 -4.0958619663e-02 1.0500440267e+00 2.5176850222e+00 0.0000000000e+00 6.1777121448e-02
4.4099889415e+00 1.2044929649e+00 -4.0839742327e-02 1.0500730373e+00 2.1794918441e+00 0.0000000000e+00 5.3477306080e-02
4.4614781123e+00 1.2266361354e+00 -4.0711789338e-02 1.0500376020e+00 2.1400755525e+00 0.0000000000e+00 5.2511936585e-02
4.5150128147e+00 1.1114313474e+00 -4.0615371115e-02 1.0500243100e+00 2.3618739755e+00 0.0000000000e+00 5.7955031686e-02
4.5773881757e+00 9.1055411169e-01 -4.0581819020e-02 1.0499313212e+00 2.8826714078e+00 0.0000000000e+00 7.0740484423e-02
4.6564937836e+00 8.5544037974e-01 -4.0762503204e-02 1.0496217542e+00 3.0674895031e+00 0.0000000000e+00 7.5298104321e-02
4.7279843843e+00 9.9819206298e-01 -4.1178508157e-02 1.0490695017e+00 2.6274239712e+00 0.0000000000e+00 6.4529704597e-02
4.7855531928e+00 1.1832125874e+00 -4.1514531097e-02 1.0485257371e+00 2.2154212783e+00 0.0000000000e+00 5.4439108948e-02
4.8368626022e+00 1.2180419684e+00 -4.1650707378e-02 1.0482254144e+00 2.1514558645e+00 0.0000000000e+00 5.2882446277e-02
4.8913180853e+00 1.1828568093e+00 -4.1552096013e-02 1.0484186397e+00 2.2158612764e+00 0.0000000000e+00 5.4455483073e-02
