# x  rho  v  p  e  w  vol
-3.3531137309e-01 3.5450723991e+00 2.5315107789e+00 9.4483005000e+00 6.6629813417e+00 0.0000000000e+00 1.8169738641e-02
-3.1714163445e-01 3.5845871489e+00 2.5479843360e+00 9.3509054207e+00 6.5216055799e+00 0.0000000000e+00 1.7969444256e-02
-2.9937248458e-01 3.6036226376e+00 2.5587083303e+00 9.3227681895e+00 6.4676362698e+00 0.0000000000e+00 1.7874523898e-02
-2.8139258665e-01 3.5872225165e+00 2.5662572735e+00 9.3180277887e+00 6.4939014418e+00 0.0000000000e+00 1.7956242931e-02
-2.6345999872e-01 3.5851249382e+00 2.5698671518e+00 9.3261407095e+00 6.5033582303e+00 0.0000000000e+00 1.7966748737e-02
-2.4545908918e-01 3.5865469598e+00 2.5698271405e+00 9.3486279416e+00 6.5164544382e+00 0.0000000000e+00 1.7959625143e-02
-2.2754074843e-01 3.5952532178e+00 2.5669630889e+00 9.3911274864e+00 6.5302267445e+00 0.0000000000e+00 1.7916134150e-02
-2.0962682088e-01 3.6193981732e+00 2.5595317314e+00 9.4641336972e+00 6.5370907291e+00 0.0000000000e+00 1.7796615866e-02
-1.9194751670e-01 3.6664801274e+00 2.5442724813e+00 9.5890461960e+00 6.5383186754e+00 0.0000000000e+00 1.7568086207e-02
-1.7449064847e-01 3.7004788884e+00 2.5243031750e+00 9.7409047868e+00 6.5808406700e+00 0.0000000000e+00 1.7406676513e-02
-1.5713416367e-01 3.7219500393e+00 2.5085062574e+00 9.8582241246e+00 6.6216795097e+00 0.0000000000e+00 1.7306261039e-02
-1.3987812639e-01 3.7418923649e+00 2.4986360288e+00 9.9193576178e+00 6.6272333958e+00 0.0000000000e+00 1.7214027736e-02
-1.2270610820e-01 3.7537895082e+00 2.4932349682e+00 9.9390568522e+00 6.6193488145e+00 0.0000000000e+00 1.7159470134e-02
-1.0555918612e-01 3.7520301712e+00 2.4906986008e+00 9.9304103363e+00 6.6166914197e+00 0.0000000000e+00 1.7167516255e-02
-8.8371075690e-02 3.7426260150e+00 2.4910126937e+00 9.9059854205e+00 6.6170019265e+00 0.0000000000e+00 1.7210653348e-02
-7.1137879425e-02 3.7239585587e+00 2.4942391124e+00 9.8614287603e+00 6.6202594664e+00 0.0000000000e+00 1.7296926896e-02
-5.3777221897e-02 3.7018740040e+00 2.5032294364e+00 9.7821787702e+00 6.6062342747e+00 0.0000000000e+00 1.7400116505e-02
-3.6337646416e-02 3.6826280820e+00 2.5180129528e+00 9.6732290766e+00 6.5667974482e+00 0.0000000000e+00 1.7491051912e-02
-1.8795118073e-02 3.6544318990e+00 2.5363368256e+00 9.5540472506e+00 6.5359319278e+00 0.0000000000e+00 1.7626006103e-02
-1.0856342103e-03 3.6197556786e+00 2.5531986141e+00 9.4565245571e+00 6.5311898072e+00 0.0000000000e+00 1.7794858182e-02
1.6794598291e-02 3.6013942258e+00 2.5666157584e+00 9.3930532440e+00 6.5204283780e+00 0.0000000000e+00 1.7885584003e-02
3.4685533796e-02 3.5944353136e+00 2.5762264952e+00 9.3606448804e+00 6.5105114320e+00 0.0000000000e+00 1.7920210919e-02
5.2635020129e-02 3.5945064698e+00 2.5825375713e+00 9.3532795992e+00 6.5052599556e+00 0.0000000000e+00 1.7919856174e-02
7.0525246144e-02 3.5963881613e+00 2.5854316824e+00 9.3683340972e+00 6.5123213047e+00 0.0000000000e+00 1.7910480200e-02
8.8455980529e-02 3.6021657834e+00 2.5847105416e+00 9.4011375950e+00 6.5246425070e+00 0.0000000000e+00 1.7881753042e-02
1.0628875223e-01 3.6124018302e+00 2.5808825957e+00 9.4555791799e+00 6.5438312406e+00 0.0000000000e+00 1.7831083579e-02
1.2411814769e-01 3.6461269552e+00 2.5700461639e+00 9.5545012924e+00 6.5511304254e+00 0.0000000000e+00 1.7666153633e-02
1.4162105949e-01 3.6923415036e+00 2.5494318725e+00 9.7105050492e+00 6.5747609205e+00 0.0000000000e+00 1.7445038302e-02
1.5900822429e-01 3.7332584667e+00 2.5270711388e+00 9.8764703499e+00 6.6138404546e+00 0.0000000000e+00 1.7253838578e-02
1.7612873665e-01 3.7590338173e+00 2.5114924681e+00 9.9900486384e+00 6.6440268457e+00 0.0000000000e+00 1.7135530587e-02
1.9327928546e-01 3.7761331460e+00 2.5029460779e+00 1.0044659223e+01 6.6500960339e+00 0.0000000000e+00 1.7057936377e-02
2.1024460940e-01 3.7825958580e+00 2.4986684711e+00 1.0057333286e+01 6.6471106504e+00 0.0000000000e+00 1.7028792230e-02
2.2733686992e-01 3.7798647380e+00 2.4973076210e+00 1.0042612292e+01 6.6421770277e+00 0.0000000000e+00 1.7041096288e-02
2.4432680198e-01 3.7679167005e+00 2.4987172842e+00 1.0010908843e+01 6.6422041931e+00 0.0000000000e+00 1.7095133485e-02
2.6152713689e-01 3.7485960571e+00 2.5044721320e+00 9.9501060684e+00 6.6358884212e+00 0.0000000000e+00 1.7183243533e-02
2.7869328904e-01 3.7202233185e+00 2.5168992908e+00 9.8494324553e+00 6.6188449000e+00 0.0000000000e+00 1.7314293643e-02
2.9615572418e-01 3.6945033749e+00 2.5349548305e+00 9.7226940918e+00 6.5791617338e+00 0.0000000000e+00 1.7434830184e-02
3.1356294941e-01 3.6598216326e+00 2.5543306522e+00 9.5956351011e+00 6.5547150001e+00 0.0000000000e+00 1.7600048697e-02
3.3135582157e-01 3.6314263321e+00 2.5713055684e+00 9.4991467617e+00 6.5395425192e+00 0.0000000000e+00 1.7737669186e-02
3.4903828778e-01 3.6122023781e+00 2.5839979857e+00 9.4342610687e+00 6.5294383323e+00 0.0000000000e+00 1.7832068144e-02
3.6701995786e-01 3.6055126214e+00 2.5934895201e+00 9.4058206812e+00 6.5218331407e+00 0.0000000000e+00 1.7865154201e-02
3.8476859618e-01 3.6032250508e+00 2.5990232651e+00 9.3988832743e+00 6.5211603090e+00 0.0000000000e+00 1.7876496207e-02
4.0277295027e-01 3.6093286221e+00 2.6010917225e+00 9.4216213015e+00 6.5258821569e+00 0.0000000000e+00 1.7846266078e-02
4.2046112834e-01 3.6158579691e+00 2.5997663600e+00 9.4623097491e+00 6.5422299700e+00 0.0000000000e+00 1.7814040127e-02
4.3840103053e-01 3.6359556815e+00 2.5936417407e+00 9.5341170972e+00 6.5554409435e+00 0.0000000000e+00 1.7715573180e-02
4.5589227470e-01 3.6720268662e+00 2.5786722508e+00 9.6621677853e+00 6.5782251447e+00 0.0000000000e+00 1.7541548932e-02
4.7348412839e-01 3.7269770963e+00 2.5529186373e+00 9.8535755980e+00 6.6096298310e+00 0.0000000000e+00 1.7282917842e-02
4.9045811039e-01 3.7709739914e+00 2.5296599766e+00 1.0032168725e+01 6.6509134961e+00 0.0000000000e+00 1.7081273724e-02
5.0764667584e-01 3.7978194463e+00 2.5150601284e+00 1.0140097993e+01 6.6749473850e+00 0.0000000000e+00 1.6960532186e-02
5.2437917476e-01 3.8142364116e+00 2.5080329519e+00 1.0187681443e+01 6.6774056085e+00 0.0000000000e+00 1.6887531869e-02
5.4142173958e-01 3.8141592145e+00 2.5047994426e+00 1.0192118619e+01 6.6804491146e+00 0.0000000000e+00 1.6887873666e-02
5.5815492209e-01 3.8133183019e+00 2.5046195085e+00 1.0172866657e+01 6.6693007585e+00 0.0000000000e+00 1.6891597778e-02
5.7520493513e-01 3.7940770051e+00 2.5078234611e+00 1.0129395656e+01 6.6744794865e+00 0.0000000000e+00 1.6977261892e-02
5.9210944587e-01 3.7784994352e+00 2.5164337799e+00 1.0048765530e+01 6.6486482943e+00 0.0000000000e+00 1.7047253826e-02
6.0929944279e-01 3.7325631813e+00 2.5319088584e+00 9.9264330946e+00 6.6485365502e+00 0.0000000000e+00 1.7257052547e-02
6.2662355097e-01 3.7176004969e+00 2.5519489355e+00 9.7833493986e+00 6.5790752710e+00 0.0000000000e+00 1.7326509131e-02
6.4395246105e-01 3.6594578021e+00 2.5723839004e+00 9.6557770185e+00 6.5964533141e+00 0.0000000000e+00 1.7601798528e-02
6.6182714802e-01 3.6545599428e+00 2.5886760264e+00 9.5454865666e+00 6.5298467640e+00 0.0000000000e+00 1.7625388545e-02
6.7920323814e-01 3.5804760530e+00 2.6028860763e+00 9.4805666099e+00 6.6196271596e+00 0.0000000000e+00 1.7990076739e-02
6.9780730150e-01 3.8549087371e+00 2.6131911758e+00 9.4494193517e+00 6.1281731917e+00 0.0000000000e+00 1.6709355097e-02
7.1262194833e-01 3.8578771817e+00 2.6174758315e+00 9.4356210650e+00 6.1145162356e+00 0.0000000000e+00 1.6696498079e-02
7.3120029766e-01 4.0061344799e+00 2.6190460925e+00 9.4533635051e+00 5.8993048989e+00 0.0000000000e+00 1.6078601274e-02
7.4477915088e-01 4.2921183782e+00 2.6169088598e+00 9.4974162204e+00 5.5318932189e+00 0.0000000000e+00 1.5007283882e-02
7.6121486542e-01 3.6099344694e+00 2.6103206676e+00 9.5713445584e+00 6.6284752809e+00 0.0000000000e+00 1.7843270979e-02
7.8046569284e-01 2.9792702001e+00 2.5910507661e+00 9.7051436729e+00 8.1438934882e+00 0.0000000000e+00 2.1620408566e-02
8.0445568255e-01 3.1666596036e+00 2.5543726206e+00 9.9302299519e+00 7.8396727110e+00 0.0000000000e+00 2.0341005039e-02
8.2114770292e-01 4.1305979675e+00 2.5287134857e+00 1.0149478924e+01 6.1428629730e+00 0.0000000000e+00 1.5594119656e-02
8.3564392186e-01 4.6410324543e+00 2.5189056074e+00 1.0273961629e+01 5.5343082223e+00 0.0000000000e+00 1.3879032217e-02
8.4890576735e-01 4.5928993558e+00 2.5145544563e+00 1.0330790965e+01 5.6232404441e+00 0.0000000000e+00 1.4024483004e-02
8.6369288787e-01 4.0998008828e+00 2.5158291952e+00 1.0368837733e+01 6.3227690988e+00 0.0000000000e+00 1.5711260326e-02
8.8032828801e-01 3.2155966092e+00 2.5181263426e+00 1.0368866533e+01 8.0613862632e+00 0.0000000000e+00 2.0031442616e-02
9.0375577310e-01 3.0843814580e+00 2.5252988027e+00 1.0317519745e+01 8.3627137932e+00 0.0000000000e+00 2.0883616320e-02
9.2209552065e-01 3.9289879167e+00 2.5369411188e+00 1.0204582466e+01 6.4931368348e+00 0.0000000000e+00 1.6394308234e-02
9.3654438957e-01 4.5594095509e+00 2.5517687341e+00 1.0042065628e+01 5.5062314080e+00 0.0000000000e+00 1.4127495728e-02
9.5035051210e-01 4.4816297650e+00 2.5669788648e+00 9.8836892221e+00 5.5134458558e+00 0.0000000000e+00 1.4372681889e-02
9.6528975335e-01 4.0989459960e+00 2.5823661860e+00 9.7241021842e+00 5.9308552697e+00 0.0000000000e+00 1.5714537107e-02
9.8177958632e-01 3.1935054379e+00 2.6010057373e+00 9.6030689266e+00 7.5176550607e+00 0.0000000000e+00 2.0170010732e-02
1.0056297748e+00 2.8517563901e+00 2.6206634790e+00 9.5207043730e+00 8.3463513977e+00 0.0000000000e+00 2.2587146356e-02
1.0269538790e+00 3.5161878726e+00 2.6342613797e+00 9.4806089150e+00 6.7406871153e+00 0.0000000000e+00 1.8318998099e-02
1.0422677710e+00 4.2953018359e+00 2.6390862697e+00 9.4700187028e+00 5.5118470509e+00 0.0000000000e+00 1.4996161251e-02
1.0569462015e+00 4.3464342133e+00 2.6400409524e+00 9.4899304023e+00 5.4584574024e+00 0.0000000000e+00 1.4819743218e-02
1.0719072574e+00 4.1152416250e+00 2.6372706445e+00 9.5361733598e+00 5.7932037950e+00 0.0000000000e+00 1.5652310319e-02
1.0882508222e+00 3.3567614981e+00 2.6280792554e+00 9.6214779787e+00 7.1657444117e+00 0.0000000000e+00 1.9189042471e-02
1.1102853424e+00 2.9023845730e+00 2.6015967398e+00 9.7872209851e+00 8.4303274936e+00 0.0000000000e+00 2.2193144063e-02
1.1326371103e+00 3.4800399955e+00 2.5588488823e+00 1.0071894700e+01 7.2354733800e+00 0.0000000000e+00 1.8509281226e-02
1.1473039048e+00 4.4733727708e+00 2.5342966312e+00 1.0318979937e+01 5.7668902558e+00 0.0000000000e+00 1.4399211122e-02
1.1614355325e+00 4.7088745990e+00 2.5235348465e+00 1.0445659542e+01 5.5457303661e+00 0.0000000000e+00 1.3679072908e-02
1.1746620507e+00 4.5244933369e+00 2.5190878269e+00 1.0509255007e+01 5.8068684296e+00 0.0000000000e+00 1.4236519795e-02
1.1899085721e+00 3.7995158780e+00 2.5219998979e+00 1.0554025864e+01 6.9443227790e+00 0.0000000000e+00 1.6952959541e-02
1.2085679697e+00 3.0775553971e+00 2.5253059435e+00 1.0542425104e+01 8.5639604686e+00 0.0000000000e+00 2.0929936473e-02
1.2317684451e+00 3.3659435283e+00 2.5344750951e+00 1.0464658762e+01 7.7724556832e+00 0.0000000000e+00 1.9136696268e-02
1.2468413623e+00 4.3549680465e+00 2.5478979373e+00 1.0320279710e+01 5.9244290658e+00 0.0000000000e+00 1.4790703001e-02
1.2613498511e+00 4.5966412120e+00 2.5634983775e+00 1.0141524707e+01 5.5157256351e+00 0.0000000000e+00 1.4013066494e-02
1.2748674953e+00 4.4397058322e+00 2.5802727219e+00 9.9568105138e+00 5.6066836915e+00 0.0000000000e+00 1.4508402446e-02
1.2903666560e+00 3.7841670484e+00 2.5979268816e+00 9.7888954945e+00 6.4670080426e+00 0.0000000000e+00 1.7021721856e-02
1.3089109390e+00 2.9693235459e+00 2.6203521157e+00 9.6545939496e+00 8.1286139758e+00 0.0000000000e+00 2.1692832714e-02
1.3337523214e+00 3.0270777038e+00 2.6439969841e+00 9.5693976381e+00 7.9031648462e+00 0.0000000000e+00 2.1278951272e-02
1.3514688415e+00 3.8884347551e+00 2.6562598782e+00 9.5113049141e+00 6.1151244094e+00 0.0000000000e+00 1.6565287323e-02
1.3668828960e+00 4.3748281630e+00 2.6613111170e+00 9.4966370431e+00 5.4268628899e+00 0.0000000000e+00 1.4723558630e-02
1.3809159588e+00 4.3270027455e+00 2.6625206192e+00 9.5118743232e+00 5.4956484215e+00 0.0000000000e+00 1.4886294912e-02
1.3966554859e+00 3.9005811010e+00 2.6588900375e+00 9.5617630186e+00 6.1284221318e+00 0.0000000000e+00 1.6513703288e-02
1.4139433654e+00 3.0928742950e+00 2.6470348207e+00 9.6579493412e+00 7.8066132181e+00 0.0000000000e+00 2.0826271232e-02
1.4383080283e+00 2.9897034846e+00 2.6122219783e+00 9.8704690587e+00 8.2537190642e+00 0.0000000000e+00 2.1544958986e-02
1.4570332833e+00 3.8972075760e+00 2.5646946904e+00 1.0221051145e+01 6.5566504642e+00 0.0000000000e+00 1.6527997983e-02
1.4713640243e+00 4.6622792579e+00 2.5394734495e+00 1.0493314782e+01 5.6267086341e+00 0.0000000000e+00 1.3815783095e-02
1.4846648495e+00 4.7188091277e+00 2.5271628460e+00 1.0632141927e+01 5.6328522937e+00 0.0000000000e+00 1.3650274298e-02
1.4986645729e+00 4.4111488154e+00 2.5242603055e+00 1.0718818852e+01 6.0748454088e+00 0.0000000000e+00 1.4602327342e-02
1.5138695042e+00 3.4994633986e+00 2.5279896547e+00 1.0763884364e+01 7.6896677703e+00 0.0000000000e+00 1.8406547409e-02
1.5354776677e+00 3.1049449365e+00 2.5327397233e+00 1.0734497001e+01 8.6430655137e+00 0.0000000000e+00 2.0745307975e-02
1.5553601202e+00 3.7769102331e+00 2.5430633191e+00 1.0628654757e+01 7.0352842014e+00 0.0000000000e+00 1.7054426761e-02
1.5695865212e+00 4.5964068428e+00 2.5578708284e+00 1.0455567460e+01 5.6868157117e+00 0.0000000000e+00 1.4013781016e-02
1.5833876822e+00 4.6256685818e+00 2.5747653253e+00 1.0262632377e+01 5.5465670507e+00 0.0000000000e+00 1.3925130565e-02
1.5974367824e+00 4.3296877887e+00 2.5934002127e+00 1.0057544578e+01 5.8073151398e+00 0.0000000000e+00 1.4877063220e-02
1.6131418086e+00 3.4677023601e+00 2.6161153516e+00 9.8814496933e+00 7.1239171267e+00 0.0000000000e+00 1.8575134849e-02
1.6345870521e+00 2.8873484516e+00 2.6435388416e+00 9.7261421621e+00 8.4213442931e+00 0.0000000000e+00 2.2308716815e-02
1.6577592423e+00 3.3186070007e+00 2.6703670197e+00 9.6247504156e+00 7.2505952147e+00 0.0000000000e+00 1.9409661626e-02
1.6734063753e+00 4.1960088414e+00 2.6820948630e+00 9.5424284660e+00 5.6854196611e+00 0.0000000000e+00 1.5351025555e-02
1.6884612934e+00 4.3964187943e+00 2.6881697039e+00 9.5206256387e+00 5.4138527766e+00 0.0000000000e+00 1.4651251841e-02
1.7027088790e+00 4.2481785718e+00 2.6896561921e+00 9.5257211683e+00 5.6057678646e+00 0.0000000000e+00 1.5162507382e-02
1.7187863081e+00 3.5830626827e+00 2.6856364980e+00 9.5668951602e+00 6.6750821904e+00 0.0000000000e+00 1.7977089618e-02
1.7386630582e+00 2.9146193656e+00 2.6702607710e+00 9.6685828658e+00 8.2931779873e+00 0.0000000000e+00 2.2099983179e-02
1.7629862745e+00 3.2220059606e+00 2.6277969248e+00 9.9321000705e+00 7.7064569340e+00 0.0000000000e+00 1.9991595218e-02
1.7786462487e+00 4.3056078329e+00 2.5757006054e+00 1.0350408181e+01 6.0098414570e+00 0.0000000000e+00 1.4960266112e-02
1.7929068067e+00 4.7454514303e+00 2.5458539645e+00 1.0654790047e+01 5.6131593607e+00 0.0000000000e+00 1.3573637809e-02
1.8057935243e+00 4.7305613041e+00 2.5316357151e+00 1.0833943109e+01 5.7255061356e+00 0.0000000000e+00 1.3616362798e-02
1.8201395323e+00 4.1442427744e+00 2.5300149827e+00 1.0947200161e+01 6.6038603172e+00 0.0000000000e+00 1.5542776440e-02
1.8368790772e+00 3.2840333101e+00 2.5322130019e+00 1.0983937842e+01 8.3616218266e+00 0.0000000000e+00 1.9614002926e-02
1.8593675382e+00 3.3098928390e+00 2.5369175152e+00 1.0939650884e+01 8.2628437056e+00 0.0000000000e+00 1.9460762656e-02
1.8758006025e+00 4.2208514862e+00 2.5488206780e+00 1.0809028102e+01 6.4021608776e+00 0.0000000000e+00 1.5260674100e-02
1.8898888864e+00 4.7311216015e+00 2.5652265067e+00 1.0620319335e+01 5.6119458712e+00 0.0000000000e+00 1.3614750239e-02
1.9030301030e+00 4.6218614716e+00 2.5854186261e+00 1.0407396056e+01 5.6294396317e+00 0.0000000000e+00 1.3936600945e-02
1.9177620882e+00 4.1333870581e+00 2.6074450385e+00 1.0189070307e+01 6.1626640355e+00 0.0000000000e+00 1.5583597193e-02
1.9341972973e+00 3.1999314708e+00 2.6375945039e+00 1.0002498913e+01 7.8146196285e+00 0.0000000000e+00 2.0129505754e-02
1.9580210998e+00 2.9674008169e+00 2.6721028574e+00 9.8266101615e+00 8.2788025344e+00 0.0000000000e+00 2.1706888597e-02
1.9776110745e+00 3.6964980673e+00 2.6990037600e+00 9.6839806483e+00 6.5494289947e+00 0.0000000000e+00 1.7425422057e-02
1.9928719439e+00 4.3532607054e+00 2.7113845581e+00 9.5765145969e+00 5.4996215739e+00 0.0000000000e+00 1.4796503888e-02
2.0072040823e+00 4.3757286410e+00 2.7184267468e+00 9.5418520071e+00 5.4515789197e+00 0.0000000000e+00 1.4720528680e-02
2.0223130012e+00 4.0973255981e+00 2.7186047319e+00 9.5308527369e+00 5.8152888443e+00 0.0000000000e+00 1.5720751845e-02
2.0386455860e+00 3.2551804209e+00 2.7131380783e+00 9.5547500912e+00 7.3381109920e+00 0.0000000000e+00 1.9787855241e-02
2.0618887117e+00 2.8871159334e+00 2.6923595352e+00 9.6609025991e+00 8.3655305346e+00 0.0000000000e+00 2.2310513481e-02
2.0832666130e+00 3.5625696296e+00 2.6449527494e+00 9.9707670358e+00 6.9968927436e+00 0.0000000000e+00 1.8080499654e-02
2.0980497110e+00 4.5462087137e+00 2.5904725550e+00 1.0418914767e+01 5.7294525083e+00 0.0000000000e+00 1.4168517772e-02
2.1116036485e+00 4.7845971441e+00 2.5536384741e+00 1.0770431422e+01 5.6276584516e+00 0.0000000000e+00 1.3462583581e-02
2.1249748782e+00 4.6653898379e+00 2.5356297251e+00 1.1019377655e+01 5.9048536337e+00 0.0000000000e+00 1.3806571625e-02
2.1392167918e+00 3.8323813627e+00 2.5310025278e+00 1.1158912882e+01 7.2793596368e+00 0.0000000000e+00 1.6807575463e-02
2.1585900291e+00 3.1929507179e+00 2.5292110920e+00 1.1184622163e+01 8.7572774769e+00 0.0000000000e+00 2.0173514923e-02
2.1795638216e+00 3.6512228868e+00 2.5326003379e+00 1.1144868123e+01 7.6309146746e+00 0.0000000000e+00 1.7641497370e-02
2.1938730238e+00 4.6153335017e+00 2.5478610218e+00 1.0996328481e+01 5.9564105590e+00 0.0000000000e+00 1.3956313001e-02
2.2074764476e+00 4.7983165624e+00 2.5679344629e+00 1.0802882722e+01 5.6284754150e+00 0.0000000000e+00 1.3424091161e-02
2.2207212062e+00 4.6155706247e+00 2.5901889368e+00 1.0592550166e+01 5.7374001112e+00 0.0000000000e+00 1.3955596001e-02
2.2353876396e+00 3.8419603770e+00 2.6166654582e+00 1.0396942608e+01 6.7653890123e+00 0.0000000000e+00 1.6765669771e-02
2.2542525457e+00 3.0433527474e+00 2.6567493026e+00 1.0191074964e+01 8.3715853941e+00 0.0000000000e+00 2.1165157082e-02
2.2777179538e+00 3.2051283690e+00 2.7060259253e+00 9.9503284408e+00 7.7612557869e+00 0.0000000000e+00 2.0096867126e-02
2.2944462800e+00 4.0757007953e+00 2.7232121646e+00 9.7291677592e+00 5.9677882699e+00 0.0000000000e+00 1.5804162815e-02
2.3093262794e+00 4.4433669327e+00 2.7461098485e+00 9.7753337085e+00 5.4999586218e+00 0.0000000000e+00 1.4496448286e-02
2.3234391765e+00 4.2742556589e+00 2.7401663445e+00 9.3462217444e+00 5.4665785638e+00 0.0000000000e+00 1.5070001445e-02
2.3394662823e+00 3.8629630714e+00 2.7508642999e+00 9.3384066972e+00 6.0435516239e+00 0.0000000000e+00 1.6674515848e-02
2.3567882082e+00 3.1646544399e+00 2.8770876931e+00 1.0657599705e+01 8.4192444288e+00 0.0000000000e+00 2.0353893349e-02
2.3801740690e+00 2.1347715587e+00 2.4590219382e+00 7.0539801144e+00 8.2608137692e+00 0.0000000000e+00 3.0173270153e-02
2.4171347485e+00 1.4647643780e+00 7.7369993294e-01 2.1263404154e+00 3.6291509530e+00 0.0000000000e+00 4.3975017361e-02
2.4681241037e+00 1.2444005880e+00 8.2897652901e-02 1.0987166562e+00 2.2073210725e+00 0.0000000000e+00 5.1762301928e-02
2.5206593524e+00 1.1906093628e+00 5.4993374872e-03 1.0100625755e+00 2.1208941553e+00 0.0000000000e+00 5.4100900737e-02
2.5763259052e+00 1.0638212358e+00 -2.2125490620e-03 1.0039743730e+00 2.3593587419e+00 0.0000000000e+00 6.0548743331e-02
2.6417568391e+00 8.7850402412e-01 -5.0794724091e-03 1.0055862575e+00 2.8616438567e+00 0.0000000000e+00 7.3321279340e-02
2.7229684639e+00 8.3584573403e-01 -8.9710814201e-03 1.0096048283e+00 3.0197104177e+00 0.0000000000e+00 7.7063310048e-02
2.7958834592e+00 9.8487214629e-01 -1.4685589552e-02 1.0163130703e+00 2.5798096588e+00 0.0000000000e+00 6.5402437461e-02
2.8537733388e+00 1.1677434238e+00 -2.0666261696e-02 1.0241579382e+00 2.1926005264e+00 0.0000000000e+00 5.5160266925e-02
2.9062039930e+00 1.2171937651e+00 -2.5958447145e-02 1.0315017887e+00 2.1186063762e+00 0.0000000000e+00 5.2919297489e-02
2.9596119338e+00 1.1277017715e+00 -3.0315867331e-02 1.0379657521e+00 2.3010643823e+00 0.0000000000e+00 5.7118859421e-02
3.0204417118e+00 9.3361771594e-01 -3.3998253498e-02 1.0423705724e+00 2.7912135627e+00 0.0000000000e+00 6.8992948457e-02
3.0975978307e+00 8.4769105367e-01 -3.7121905740e-02 1.0447293445e+00 3.0811028970e+00 0.0000000000e+00 7.5986456003e-02
3.1724146239e+00 9.6398951005e-01 -3.9111736241e-02 1.0459361943e+00 2.7125196472e+00 0.0000000000e+00 6.6819232246e-02
3.2312362952e+00 1.1585891085e+00 -4.0099946817e-02 1.0464638613e+00 2.2580564879e+00 0.0000000000e+00 5.5596102608e-02
3.2836068291e+00 1.2326085220e+00 -4.0533054322e-02 1.0468094176e+00 2.1231587300e+00 0.0000000000e+00 5.2257499284e-02
3.3357512937e+00 1.1673956842e+00 -4.0664400212e-02 1.0473748836e+00 2.2429731791e+00 0.0000000000e+00 5.5176697865e-02
3.3939602248e+00 9.7592448708e-01 -4.0448320285e-02 1.0479472878e+00 2.6844989077e+00 0.0000000000e+00 6.6002072709e-02
3.4677554392e+00 8.5121135514e-01 -3.9991826110e-02 1.0485060490e+00 3.0794527196e+00 0.0000000000e+00 7.5672203578e-02
3.5453046320e+00 9.2861212633e-01 -3.9474897211e-02 1.0489392514e+00 2.8239434464e+00 0.0000000000e+00 6.9364847957e-02
3.6064851351e+00 1.1268805432e+00 -3.9158757357e-02 1.0490370879e+00 2.3273032227e+00 0.0000000000e+00 5.7160485506e-02
3.6596256030e+00 1.2301664154e+00 -3.8904164984e-02 1.0489322934e+00 2.1316877951e+00 0.0000000000e+00 5.2361240033e-02
3.7112076151e+00 1.1942233841e+00 -3.8754820634e-02 1.0487063021e+00 2.1953729847e+00 0.0000000000e+00 5.3937177761e-02
3.7674999585e+00 1.0187722179e+00 -3.8704047843e-02 1.0483111167e+00 2.5724865142e+00 0.0000000000e+00 6.3226144001e-02
3.8376599031e+00 8.6213451049e-01 -3.8874869583e-02 1.0478556167e+00 3.0385502608e+00 0.0000000000e+00 7.4713444562e-02
3.9169268476e+00 8.9653031156e-01 -3.9322842834e-02 1.0473186356e+00 2.9204774844e+00 0.0000000000e+00 7.1847028621e-02
3.9813539604e+00 1.0847797874e+00 -3.9789097344e-02 1.0468482851e+00 2.4125824828e+00 0.0000000000e+00 5.9378907776e-02
4.0356846632e+00 1.2172657910e+00 -3.9992926884e-02 1.0466511620e+00 2.1495945458e+00 0.0000000000e+00 5.2916166240e-02
4.0871862929e+00 1.2116264149e+00 -4.0054648298e-02 1.0466866889e+00 2.1596728910e+00 0.0000000000e+00 5.3162458463e-02
4.1420095801e+00 1.0622918834e+00 -4.0031137093e-02 1.0469663367e+00 2.4639328256e+00 0.0000000000e+00 6.0635913692e-02
4.2084581202e+00 8.8270594330e-01 -3.9727688775e-02 1.0474394413e+00 2.9665582556e+00 0.0000000000e+00 7.2972250208e-02
4.2879540805e+00 8.7233074728e-01 -3.9402397525e-02 1.0478168096e+00 3.0029229533e+00 0.0000000000e+00 7.3840156563e-02
4.3561384334e+00 1.0408793975e+00 -3.9212594411e-02 1.0479871179e+00 2.5170714314e+00 0.0000000000e+00 6.1883287451e-02
4.4117206554e+00 1.2027013781e+00 -3.9099186343e-02 1.0480001374e+00 2.1784296512e+00 0.0000000000e+00 5.3556967781e-02
4.4632523689e+00 1.2254181041e+00 -3.8992125114e-02 1.0479398977e+00 2.1379231590e+00 0.0000000000e+00 5.2564131980e-02
4.5168489194e+00 1.1089234310e+00 -3.8950324766e-02 1.0478354740e+00 2.3622809400e+00 0.0000000000e+00 5.8086101485e-02
4.5794245719e+00 9.0945637605e-01 -3.8975907726e-02 1.0476269764e+00 2.8798164596e+00 0.0000000000e+00 7.0825869883e-02
4.6585006591e+00 8.5428519083e-01 -3.9188970113e-02 1.0472801621e+00 3.0647849611e+00 0.0000000000e+00 7.5399924576e-02
4.7302244211e+00 9.9619185548e-01 -3.9519627769e-02 1.0468290138e+00 2.6270768227e+00 0.0000000000e+00 6.4659270802e-02
4.7878192007e+00 1.1818238979e+00 -3.9719936094e-02 1.0464609942e+00 2.2136567810e+00 0.0000000000e+00 5.4503077041e-02
4.8392305751e+00 1.2160433704e+00 -3.9805230982e-02 1.0462550223e+00 2.1509410105e+00 0.0000000000e+00 5.2969359913e-02
4.8937579206e+00 1.1812979056e+00 -3.9718043165e-02 1.0464272517e+00 2.2145710382e+00 0.0000000000e+00 5.4527345428e-02
