# x  rho  v  p  e  w  vol
-3.4660893348e-01 3.5968061486e+00 2.5105924800e+00 9.5496200997e+00 6.6375693499e+00 0.0000000000e+00 1.7908398811e-02
-3.2870053467e-01 3.6258569262e+00 2.5230731067e+00 9.5027542948e+00 6.5520747841e+00 0.0000000000e+00 1.7764914685e-02
-3.1107910411e-01 3.6303232335e+00 2.5330407481e+00 9.4613995019e+00 6.5155351833e+00 0.0000000000e+00 1.7743058899e-02
-2.9321441688e-01 3.6094458275e+00 2.5411705315e+00 9.4252962476e+00 6.5282156169e+00 0.0000000000e+00 1.7845686577e-02
-2.7538773096e-01 3.6080019836e+00 2.5469589808e+00 9.3941396724e+00 6.5092395425e+00 0.0000000000e+00 1.7852828033e-02
-2.5750876081e-01 3.6016922897e+00 2.5490252992e+00 9.3805548907e+00 6.5112134354e+00 0.0000000000e+00 1.7884103853e-02
-2.3961952325e-01 3.6000540714e+00 2.5476624637e+00 9.3789478759e+00 6.5130604220e+00 0.0000000000e+00 1.7892242082e-02
-2.2172427665e-01 3.6031359144e+00 2.5427855313e+00 9.3948573862e+00 6.5185283108e+00 0.0000000000e+00 1.7876938446e-02
-2.0386564636e-01 3.6103643266e+00 2.5349902676e+00 9.4253365364e+00 6.5265826963e+00 0.0000000000e+00 1.7841146524e-02
-1.8604198360e-01 3.6216428981e+00 2.5249055697e+00 9.4699377918e+00 6.5370455192e+00 0.0000000000e+00 1.7785585373e-02
-1.6829447562e-01 3.6366017858e+00 2.5138097658e+00 9.5240331302e+00 6.5473439842e+00 0.0000000000e+00 1.7712425706e-02
-1.5061713219e-01 3.6525753005e+00 2.5030755361e+00 9.5820018161e+00 6.5583875949e+00 0.0000000000e+00 1.7634965375e-02
-1.3302454487e-01 3.6688795605e+00 2.4941112648e+00 9.6374521017e+00 6.5670267604e+00 0.0000000000e+00 1.7556596746e-02
-1.1550393869e-01 3.6826208584e+00 2.4881313357e+00 9.6835019091e+00 6.5737841889e+00 0.0000000000e+00 1.7491086221e-02
-9.8042372424e-02 3.6921637192e+00 2.4859115376e+00 9.7147509431e+00 6.5779524434e+00 0.0000000000e+00 1.7445878313e-02
-8.0612182068e-02 3.6953560523e+00 2.4876632252e+00 9.7259815010e+00 6.5798676524e+00 0.0000000000e+00 1.7430807220e-02
-6.3180757985e-02 3.6919612167e+00 2.4937362335e+00 9.7147384342e+00 6.5783047708e+00 0.0000000000e+00 1.7446835211e-02
-4.5718511646e-02 3.6832275667e+00 2.5032478505e+00 9.6839969500e+00 6.5730373528e+00 0.0000000000e+00 1.7488205056e-02
-2.8204347873e-02 3.6706826945e+00 2.5150422720e+00 9.6388339336e+00 6.5647419948e+00 0.0000000000e+00 1.7547972493e-02
-1.0622566659e-02 3.6559335725e+00 2.5278324903e+00 9.5852411755e+00 6.5545783214e+00 0.0000000000e+00 1.7618766227e-02
7.0331845799e-03 3.6409513033e+00 2.5402250856e+00 9.5302578348e+00 6.5437965526e+00 0.0000000000e+00 1.7691266262e-02
2.4759965865e-02 3.6274729385e+00 2.5509791635e+00 9.4802863243e+00 6.5336712947e+00 0.0000000000e+00 1.7757000547e-02
4.2547185674e-02 3.6167379358e+00 2.5591648442e+00 9.4400928672e+00 6.5252812304e+00 0.0000000000e+00 1.7809705900e-02
6.0379377664e-02 3.6094887898e+00 2.5640677128e+00 9.4136159585e+00 6.5200479255e+00 0.0000000000e+00 1.7845474167e-02
7.8238134008e-02 3.6065387516e+00 2.5649380246e+00 9.4051231428e+00 6.5194940291e+00 0.0000000000e+00 1.7860071218e-02
9.6099520100e-02 3.6084915111e+00 2.5615946988e+00 9.4164099673e+00 6.5237855889e+00 0.0000000000e+00 1.7850406120e-02
1.1393894625e-01 3.6158416153e+00 2.5545361380e+00 9.4477639355e+00 6.5322025553e+00 0.0000000000e+00 1.7814120697e-02
1.3172776149e-01 3.6288752468e+00 2.5442468809e+00 9.4990955113e+00 6.5441044850e+00 0.0000000000e+00 1.7750138700e-02
1.4943922365e-01 3.6467427880e+00 2.5318002693e+00 9.5668158867e+00 6.5584663101e+00 0.0000000000e+00 1.7663170314e-02
1.6705410212e-01 3.6676468786e+00 2.5187137435e+00 9.6440001203e+00 6.5736972776e+00 0.0000000000e+00 1.7562497451e-02
1.8456421855e-01 3.6890678441e+00 2.5067198725e+00 9.7213068641e+00 6.5879154810e+00 0.0000000000e+00 1.7460518938e-02
2.0197514000e-01 3.7080963364e+00 2.4975089519e+00 9.7883336154e+00 6.5992983510e+00 0.0000000000e+00 1.7370918420e-02
2.1930605539e-01 3.7219858886e+00 2.4923940558e+00 9.8358997397e+00 6.6066207894e+00 0.0000000000e+00 1.7306094349e-02
2.3658732870e-01 3.7287553868e+00 2.4918970205e+00 9.8579981277e+00 6.6094427665e+00 0.0000000000e+00 1.7274675400e-02
2.5385540619e-01 3.7270698232e+00 2.4963661543e+00 9.8505208930e+00 6.6074163890e+00 0.0000000000e+00 1.7282487855e-02
2.7115230441e-01 3.7173673656e+00 2.5055548098e+00 9.8149212902e+00 6.6007205671e+00 0.0000000000e+00 1.7327595747e-02
2.8851059768e-01 3.7020066981e+00 2.5180558740e+00 9.7591599070e+00 6.5904526267e+00 0.0000000000e+00 1.7399492818e-02
3.0595129004e-01 3.6835146526e+00 2.5323180101e+00 9.6920919903e+00 6.5780191640e+00 0.0000000000e+00 1.7486842059e-02
3.2348428180e-01 3.6642801345e+00 2.5467856766e+00 9.6223888040e+00 6.5649926116e+00 0.0000000000e+00 1.7578633890e-02
3.4110855782e-01 3.6464676642e+00 2.5600427119e+00 9.5577175766e+00 6.5527233865e+00 0.0000000000e+00 1.7664502989e-02
3.5881328778e-01 3.6315422733e+00 2.5710098377e+00 9.5035647889e+00 6.5423751630e+00 0.0000000000e+00 1.7737102891e-02
3.7658276360e-01 3.6205246585e+00 2.5788970261e+00 9.4638178681e+00 6.5348387048e+00 0.0000000000e+00 1.7791078650e-02
3.9439544508e-01 3.6143393331e+00 2.5829589773e+00 9.4429442321e+00 6.5315838953e+00 0.0000000000e+00 1.7821525047e-02
4.1222581370e-01 3.6142560131e+00 2.5822583405e+00 9.4454409219e+00 6.5334614424e+00 0.0000000000e+00 1.7821935890e-02
4.3003931686e-01 3.6205747320e+00 2.5770004298e+00 9.4729121494e+00 6.5410279104e+00 0.0000000000e+00 1.7790832595e-02
4.4780747889e-01 3.6339308348e+00 2.5674852521e+00 9.5257665168e+00 6.5533488046e+00 0.0000000000e+00 1.7725444397e-02
4.6549020565e-01 3.6536962900e+00 2.5543813907e+00 9.6028212074e+00 6.5706208489e+00 0.0000000000e+00 1.7629554797e-02
4.8306658848e-01 3.6791017984e+00 2.5390957044e+00 9.6976301198e+00 6.5896723244e+00 0.0000000000e+00 1.7507816441e-02
5.0050583854e-01 3.7058663244e+00 2.5236616357e+00 9.7990740363e+00 6.6105150445e+00 0.0000000000e+00 1.7381371403e-02
5.1782933129e-01 3.7324041007e+00 2.5103390306e+00 9.8927392209e+00 6.6262514414e+00 0.0000000000e+00 1.7257788068e-02
5.3502141467e-01 3.7508693615e+00 2.5012045345e+00 9.9644734846e+00 6.6414426392e+00 0.0000000000e+00 1.7172829215e-02
5.5217498972e-01 3.7652508262e+00 2.4975021169e+00 1.0004557067e+01 6.6426896434e+00 0.0000000000e+00 1.7107237187e-02
5.6923588905e-01 3.7617891914e+00 2.4993959908e+00 1.0007504829e+01 6.6507613263e+00 0.0000000000e+00 1.7122979433e-02
5.8642094858e-01 3.7617510988e+00 2.5072914436e+00 9.9735271595e+00 6.6282476548e+00 0.0000000000e+00 1.7123152825e-02
6.0348219470e-01 3.7289253511e+00 2.5197184705e+00 9.9091597812e+00 6.6434420431e+00 0.0000000000e+00 1.7273888021e-02
6.2096872463e-01 3.7335883143e+00 2.5351355539e+00 9.8292241490e+00 6.5816202279e+00 0.0000000000e+00 1.7252314270e-02
6.3798682324e-01 3.6649182060e+00 2.5509826474e+00 9.7429210928e+00 6.6460699429e+00 0.0000000000e+00 1.7575573405e-02
6.5611987144e-01 3.7217171303e+00 2.5670507917e+00 9.6613526967e+00 6.4898488778e+00 0.0000000000e+00 1.7307344083e-02
6.7260151140e-01 3.5742282432e+00 2.5799389761e+00 9.5893721400e+00 6.7073025892e+00 0.0000000000e+00 1.8021523689e-02
6.9216291881e-01 3.5330273314e+00 2.5923626756e+00 9.5309080575e+00 6.7441510945e+00 0.0000000000e+00 1.8231684307e-02
7.0906488002e-01 3.8091133501e+00 2.5996493471e+00 9.4921201933e+00 6.2298751185e+00 0.0000000000e+00 1.6910244730e-02
7.2598340827e-01 3.9899181758e+00 2.6028252538e+00 9.4758574530e+00 5.9373758029e+00 0.0000000000e+00 1.6143949855e-02
7.4135277973e-01 4.0291346324e+00 2.6008085934e+00 9.4875548543e+00 5.8868440248e+00 0.0000000000e+00 1.5986817228e-02
7.5795704273e-01 3.5113504427e+00 2.5940001954e+00 9.5259435097e+00 6.7822506363e+00 0.0000000000e+00 1.8344235361e-02
7.7804125045e-01 3.0697614918e+00 2.5802880643e+00 9.5947920493e+00 7.8139556404e+00 0.0000000000e+00 2.0983076088e-02
7.9992319491e-01 3.2446561532e+00 2.5594503186e+00 9.7036408009e+00 7.4766326096e+00 0.0000000000e+00 1.9852038525e-02
8.1774532750e-01 3.9353286478e+00 2.5400870733e+00 9.8428236598e+00 6.2528600154e+00 0.0000000000e+00 1.6367893185e-02
8.3265898128e-01 4.4264501221e+00 2.5251022138e+00 9.9768786467e+00 5.6348080129e+00 0.0000000000e+00 1.4551850168e-02
8.4684902784e-01 4.3834543259e+00 2.5140258963e+00 1.0090422226e+01 5.7548348150e+00 0.0000000000e+00 1.4694584263e-02
8.6204814980e-01 3.8724790234e+00 2.5069834649e+00 1.0170117648e+01 6.5656376613e+00 0.0000000000e+00 1.6633541089e-02
8.8011611002e-01 3.2502158278e+00 2.5049786548e+00 1.0207520369e+01 7.8514173443e+00 0.0000000000e+00 1.9818080511e-02
9.0168431082e-01 3.2412335823e+00 2.5109595861e+00 1.0188367042e+01 7.8584023515e+00 0.0000000000e+00 1.9873001226e-02
9.1986211247e-01 3.8837446665e+00 2.5239953852e+00 1.0103871178e+01 6.5039491817e+00 0.0000000000e+00 1.6585291899e-02
9.3485489462e-01 4.4215278767e+00 2.5372863870e+00 9.9991546913e+00 5.6536761557e+00 0.0000000000e+00 1.4568049948e-02
9.4899821236e-01 4.3892635948e+00 2.5509028733e+00 9.8894241616e+00 5.6327353939e+00 0.0000000000e+00 1.4675135718e-02
9.6420516606e-01 3.9242518796e+00 2.5660576196e+00 9.7819885186e+00 6.2317537321e+00 0.0000000000e+00 1.6414093929e-02
9.8182640022e-01 3.2349281468e+00 2.5827387904e+00 9.6849119063e+00 7.4846422136e+00 0.0000000000e+00 1.9911737149e-02
1.0040286404e+00 3.0484423832e+00 2.6021884732e+00 9.6045241750e+00 7.8765833232e+00 0.0000000000e+00 2.1129820038e-02
1.0240860403e+00 3.5632164346e+00 2.6162629117e+00 9.5459376251e+00 6.6975566881e+00 0.0000000000e+00 1.8077217631e-02
1.0401830756e+00 4.1662915734e+00 2.6241484083e+00 9.5105856650e+00 5.7068651446e+00 0.0000000000e+00 1.5460521142e-02
1.0550070826e+00 4.2529565202e+00 2.6269969616e+00 9.5007205914e+00 5.5847741132e+00 0.0000000000e+00 1.5145473190e-02
1.0704740220e+00 3.9484787573e+00 2.6238985778e+00 9.5245793296e+00 6.0305372746e+00 0.0000000000e+00 1.6313381156e-02
1.0876338449e+00 3.3304877262e+00 2.6144168409e+00 9.5812018516e+00 7.1920411058e+00 0.0000000000e+00 1.9340422260e-02
1.1091548665e+00 3.0499241045e+00 2.5943093375e+00 9.6814680551e+00 7.9358270266e+00 0.0000000000e+00 2.1119554699e-02
1.1298729543e+00 3.4984475973e+00 2.5673383949e+00 9.8387366177e+00 7.0307874736e+00 0.0000000000e+00 1.8411891893e-02
1.1459786503e+00 4.2268915219e+00 2.5445634969e+00 1.0022586415e+01 5.9278706134e+00 0.0000000000e+00 1.5238867291e-02
1.1603506889e+00 4.4949218435e+00 2.5267804250e+00 1.0188298729e+01 5.6665605567e+00 0.0000000000e+00 1.4330179967e-02
1.1746390102e+00 4.2959714688e+00 2.5140195907e+00 1.0318331418e+01 6.0046554623e+00 0.0000000000e+00 1.4993823731e-02
1.1903383363e+00 3.6651607310e+00 2.5072807239e+00 1.0396473332e+01 7.0914170586e+00 0.0000000000e+00 1.7574410424e-02
1.2097878311e+00 3.2141292775e+00 2.5077477189e+00 1.0410715398e+01 8.0976171925e+00 0.0000000000e+00 2.0040587479e-02
1.2304195113e+00 3.4880972933e+00 2.5196489869e+00 1.0345160046e+01 7.4146154591e+00 0.0000000000e+00 1.8466525884e-02
1.2467208829e+00 4.1773023592e+00 2.5358805839e+00 1.0216519161e+01 6.1143043302e+00 0.0000000000e+00 1.5419769367e-02
1.2612590500e+00 4.4885064942e+00 2.5512282156e+00 1.0087012641e+01 5.6182455421e+00 0.0000000000e+00 1.4350661860e-02
1.2754222066e+00 4.2951788892e+00 2.5674623841e+00 9.9530046331e+00 5.7931257870e+00 0.0000000000e+00 1.4996590507e-02
1.2912522310e+00 3.6688742743e+00 2.5853694413e+00 9.8304873507e+00 6.6985719704e+00 0.0000000000e+00 1.7556622042e-02
1.3105354507e+00 3.0959654528e+00 2.6066416601e+00 9.7227587050e+00 7.8511524539e+00 0.0000000000e+00 2.0805477301e-02
1.3328631856e+00 3.1938763542e+00 2.6294497079e+00 9.6347768125e+00 7.5416012895e+00 0.0000000000e+00 2.0167668316e-02
1.3508707873e+00 3.8425189022e+00 2.6447725546e+00 9.5691297551e+00 6.2258182710e+00 0.0000000000e+00 1.6763232815e-02
1.3663896513e+00 4.2784028530e+00 2.6543600670e+00 9.5261712582e+00 5.5664295683e+00 0.0000000000e+00 1.5055393606e-02
1.3809815745e+00 4.2155026695e+00 2.6573363510e+00 9.5202376686e+00 5.6459682361e+00 0.0000000000e+00 1.5280037520e-02
1.3969497263e+00 3.7390285653e+00 2.6530319779e+00 9.5539742555e+00 6.3880056601e+00 0.0000000000e+00 1.7227212317e-02
1.4154359991e+00 3.1543081293e+00 2.6389609994e+00 9.6373889534e+00 7.6382748279e+00 0.0000000000e+00 2.0420655280e-02
1.4377910369e+00 3.1433877052e+00 2.6096632106e+00 9.7855301917e+00 7.7826306435e+00 0.0000000000e+00 2.0491598554e-02
1.4564191962e+00 3.8097553539e+00 2.5764849790e+00 1.0013188115e+01 6.5707553270e+00 0.0000000000e+00 1.6907395087e-02
1.4716058270e+00 4.4488467753e+00 2.5489372041e+00 1.0250022108e+01 5.7599320824e+00 0.0000000000e+00 1.4478592365e-02
1.4853763810e+00 4.5421806683e+00 2.5283388192e+00 1.0454159729e+01 5.7539321380e+00 0.0000000000e+00 1.4181082537e-02
1.4999679921e+00 4.1674991017e+00 2.5142030850e+00 1.0596907707e+01 6.3568746198e+00 0.0000000000e+00 1.5456041473e-02
1.5162884639e+00 3.5010813423e+00 2.5086435556e+00 1.0663633519e+01 7.6145285387e+00 0.0000000000e+00 1.8398041250e-02
1.5367640746e+00 3.2830924171e+00 2.5137559924e+00 1.0640971989e+01 8.1028574872e+00 0.0000000000e+00 1.9619624053e-02
1.5555277120e+00 3.7921372589e+00 2.5310843886e+00 1.0516342557e+01 6.9329917666e+00 0.0000000000e+00 1.6985946066e-02
1.5707359668e+00 4.4169081317e+00 2.5488832205e+00 1.0356902541e+01 5.8620771773e+00 0.0000000000e+00 1.4583287004e-02
1.5846942860e+00 4.5056220410e+00 2.5657601061e+00 1.0201257257e+01 5.6602934980e+00 0.0000000000e+00 1.4296147872e-02
1.5993282625e+00 4.1434196167e+00 2.5850047252e+00 1.0045054882e+01 6.0608481708e+00 0.0000000000e+00 1.5545864265e-02
1.6157860146e+00 3.4418433754e+00 2.6064500098e+00 9.9021020769e+00 7.1924409372e+00 0.0000000000e+00 1.8714692079e-02
1.6367576467e+00 3.0651408459e+00 2.6342706769e+00 9.7752200041e+00 7.9728962676e+00 0.0000000000e+00 2.1014707706e-02
1.6578154300e+00 3.4226516085e+00 2.6608126513e+00 9.6642920911e+00 7.0590679366e+00 0.0000000000e+00 1.8819630603e-02
1.6743969079e+00 4.0799249313e+00 2.6787334053e+00 9.5762647124e+00 5.8679172250e+00 0.0000000000e+00 1.5787800030e-02
1.6893910300e+00 4.3029774121e+00 2.6899204324e+00 9.5197829261e+00 5.5309277824e+00 0.0000000000e+00 1.4969411360e-02
1.7043357306e+00 4.0902746600e+00 2.6930888322e+00 9.5131698056e+00 5.8145055016e+00 0.0000000000e+00 1.5747851748e-02
1.7208867335e+00 3.4904807205e+00 2.6863131359e+00 9.5609326142e+00 6.8478623575e+00 0.0000000000e+00 1.8453916269e-02
1.7412435631e+00 3.0554616854e+00 2.6643366685e+00 9.6839691249e+00 7.9234908844e+00 0.0000000000e+00 2.1081278571e-02
1.7630492907e+00 3.3463272962e+00 2.6242068621e+00 9.9056321350e+00 7.4003760378e+00 0.0000000000e+00 1.9248875932e-02
1.7797413150e+00 4.1358622802e+00 2.5852035027e+00 1.0216460196e+01 6.1755321524e+00 0.0000000000e+00 1.5574270754e-02
1.7941978322e+00 4.6000666118e+00 2.5532240933e+00 1.0510008325e+01 5.7118783336e+00 0.0000000000e+00 1.4002631786e-02
1.8077465786e+00 4.5434687707e+00 2.5300581897e+00 1.0749166359e+01 5.9146254224e+00 0.0000000000e+00 1.4177062109e-02
1.8225519564e+00 3.9873388957e+00 2.5156009281e+00 1.0898529471e+01 6.8332099154e+00 0.0000000000e+00 1.6154392852e-02
1.8400553643e+00 3.3954227200e+00 2.5112282067e+00 1.0946233753e+01 8.0595515313e+00 0.0000000000e+00 1.8970550728e-02
1.8604930579e+00 3.4710755132e+00 2.5208457868e+00 1.0882478528e+01 7.8379730481e+00 0.0000000000e+00 1.8557083737e-02
1.8771695317e+00 4.1337531383e+00 2.5392411814e+00 1.0715469023e+01 6.4804722638e+00 0.0000000000e+00 1.5582217128e-02
1.8916574921e+00 4.5868982020e+00 2.5566509878e+00 1.0541416895e+01 5.7453950526e+00 0.0000000000e+00 1.4042831586e-02
1.9052551949e+00 4.4909369718e+00 2.5756603917e+00 1.0352451685e+01 5.7629687026e+00 0.0000000000e+00 1.4342895338e-02
1.9203432828e+00 3.9459771266e+00 2.5987575026e+00 1.0165636874e+01 6.4405067159e+00 0.0000000000e+00 1.6323723349e-02
1.9379026416e+00 3.2657704398e+00 2.6273818733e+00 9.9831838553e+00 7.6422884273e+00 0.0000000000e+00 1.9723688527e-02
1.9597906598e+00 3.1435944410e+00 2.6649392060e+00 9.8117683479e+00 7.8029851910e+00 0.0000000000e+00 2.0490250941e-02
1.9788831435e+00 3.6839759076e+00 2.6962188884e+00 9.6545015137e+00 6.5516861102e+00 0.0000000000e+00 1.7484652606e-02
1.9947599651e+00 4.2232255940e+00 2.7176824966e+00 9.5342268040e+00 5.6439246447e+00 0.0000000000e+00 1.5252095234e-02
2.0093873340e+00 4.2534173004e+00 2.7299888771e+00 9.4600061723e+00 5.5602386882e+00 0.0000000000e+00 1.5143832454e-02
2.0250476300e+00 3.8820457371e+00 2.7329963171e+00 9.4563547546e+00 6.0898012253e+00 0.0000000000e+00 1.6592550247e-02
2.0425724344e+00 3.2599685732e+00 2.7212938829e+00 9.5330185675e+00 7.3106675367e+00 0.0000000000e+00 1.9758791383e-02
2.0645652127e+00 3.0658115674e+00 2.6875709562e+00 9.7200224384e+00 7.9261414348e+00 0.0000000000e+00 2.1010110223e-02
2.0845926549e+00 3.6287808556e+00 2.6386444927e+00 1.0052787792e+01 6.9257335951e+00 0.0000000000e+00 1.7750600413e-02
2.1000664136e+00 4.4178856110e+00 2.5949130672e+00 1.0448251651e+01 5.9124729401e+00 0.0000000000e+00 1.4580060379e-02
2.1137527757e+00 4.6959795580e+00 2.5609776089e+00 1.0802289491e+01 5.7508179913e+00 0.0000000000e+00 1.3716635296e-02
2.1274996841e+00 4.4717483632e+00 2.5374304454e+00 1.1072853367e+01 6.1904497232e+00 0.0000000000e+00 1.4404441781e-02
2.1425616592e+00 3.8038143688e+00 2.5243525672e+00 1.1231353770e+01 7.3816389820e+00 0.0000000000e+00 1.6933801892e-02
2.1613672879e+00 3.3980679701e+00 2.5204421099e+00 1.1275462169e+01 8.2954948727e+00 0.0000000000e+00 1.8955782969e-02
2.1804732252e+00 3.7766706409e+00 2.5289008538e+00 1.1204920996e+01 7.4171949722e+00 0.0000000000e+00 1.7055508695e-02
2.1954783053e+00 4.5015897959e+00 2.5456418515e+00 1.1082165995e+01 6.1545845453e+00 0.0000000000e+00 1.4308953475e-02
2.2090911321e+00 4.7351661892e+00 2.5628246546e+00 1.0888868141e+01 5.7489366298e+00 0.0000000000e+00 1.3603121069e-02
2.2226845475e+00 4.4400260060e+00 2.5789752062e+00 1.0582217758e+01 5.9584210454e+00 0.0000000000e+00 1.4507356234e-02
2.2381058446e+00 3.7614899654e+00 2.6180065390e+00 1.0424496229e+01 6.9284354903e+00 0.0000000000e+00 1.7124341563e-02
2.2569332306e+00 3.1959719097e+00 2.6682265828e+00 1.0210749285e+01 7.9872019950e+00 0.0000000000e+00 2.0154444649e-02
2.2784147339e+00 3.2691882995e+00 2.6758327147e+00 9.6715186862e+00 7.3959633096e+00 0.0000000000e+00 1.9703067873e-02
2.2963393663e+00 3.9826139608e+00 2.7419636300e+00 9.6507918964e+00 6.0580764238e+00 0.0000000000e+00 1.6173558268e-02
2.3107618504e+00 4.4315360780e+00 2.8349045322e+00 1.0035356192e+01 5.6613305271e+00 0.0000000000e+00 1.4535149398e-02
2.3254096651e+00 3.8039063592e+00 2.7162776803e+00 8.4268958986e+00 5.5383171290e+00 0.0000000000e+00 1.6933392379e-02
2.3446286352e+00 3.6141305290e+00 2.7525415419e+00 8.9808019574e+00 6.2122838988e+00 0.0000000000e+00 1.7822554675e-02
2.3610547745e+00 3.4203074910e+00 2.9365819188e+00 1.1315077029e+01 8.2705115391e+00 0.0000000000e+00 1.8832528690e-02
2.3822936925e+00 2.2140481097e+00 2.3398426177e+00 6.4057105532e+00 7.2330299929e+00 0.0000000000e+00 2.9092881348e-02
2.4192405372e+00 1.4930585627e+00 8.6482938063e-01 2.2266856703e+00 3.7283964037e+00 0.0000000000e+00 4.3141669432e-02
2.4685770314e+00 1.2742084133e+00 1.3767017051e-01 1.1629032302e+00 2.2816189607e+00 0.0000000000e+00 5.0551415518e-02
2.5203433682e+00 1.1972549873e+00 1.1607282137e-02 1.0219445993e+00 2.1339326421e+00 0.0000000000e+00 5.3800601907e-02
2.5761782352e+00 1.0701417671e+00 -4.4117384919e-03 1.0086090932e+00 2.3562511160e+00 0.0000000000e+00 6.0191126948e-02
2.6407256221e+00 8.7980392187e-01 -8.8220306873e-03 1.0100785971e+00 2.8701809914e+00 0.0000000000e+00 7.3212948196e-02
2.7226041316e+00 8.3527596431e-01 -1.3661373414e-02 1.0143834938e+00 3.0360729183e+00 0.0000000000e+00 7.7115877515e-02
2.7949573771e+00 9.9185404314e-01 -1.9337134707e-02 1.0209523931e+00 2.5733433265e+00 0.0000000000e+00 6.4942054126e-02
2.8524882399e+00 1.1733638496e+00 -2.4953400927e-02 1.0290156778e+00 2.1924479737e+00 0.0000000000e+00 5.4896048633e-02
2.9047494744e+00 1.2176722669e+00 -3.0621468938e-02 1.0374904274e+00 2.1300690990e+00 0.0000000000e+00 5.2898502088e-02
2.9582852440e+00 1.1363884047e+00 -3.6785086199e-02 1.0458014819e+00 2.3007131136e+00 0.0000000000e+00 5.6682238825e-02
3.0181139520e+00 9.4175128400e-01 -4.3545184048e-02 1.0537925197e+00 2.7974278815e+00 0.0000000000e+00 6.8397081107e-02
3.0950794063e+00 8.5314257749e-01 -5.1410543451e-02 1.0612598849e+00 3.1098550023e+00 0.0000000000e+00 7.5500907649e-02
3.1691157673e+00 9.8040750351e-01 -5.7475473901e-02 1.0675972998e+00 2.7223305003e+00 0.0000000000e+00 6.5700271289e-02
3.2264799488e+00 1.1817003029e+00 -6.0699208570e-02 1.0719825150e+00 2.2678815272e+00 0.0000000000e+00 5.4508777562e-02
3.2781333225e+00 1.2510373391e+00 -6.2521240556e-02 1.0749927633e+00 2.1482027949e+00 0.0000000000e+00 5.1487702998e-02
3.3294553548e+00 1.1932638924e+00 -6.3443238962e-02 1.0767252145e+00 2.2558405171e+00 0.0000000000e+00 5.3980548111e-02
3.3860944187e+00 9.9847510748e-01 -6.3857808036e-02 1.0776993440e+00 2.6983630737e+00 0.0000000000e+00 6.4511411924e-02
3.4584781787e+00 8.6481495290e-01 -6.3821758653e-02 1.0783882450e+00 3.1173959277e+00 0.0000000000e+00 7.4481874693e-02
3.5350581681e+00 9.4801356184e-01 -6.3529131333e-02 1.0788981654e+00 2.8451548819e+00 0.0000000000e+00 6.7945271615e-02
3.5943687219e+00 1.1531460235e+00 -6.3579304088e-02 1.0794813370e+00 2.3402962744e+00 0.0000000000e+00 5.5858527578e-02
3.6467752232e+00 1.2522408788e+00 -6.3667206942e-02 1.0797652161e+00 2.1556659633e+00 0.0000000000e+00 5.1438217714e-02
3.6972451573e+00 1.2205232440e+00 -6.3829066972e-02 1.0795806305e+00 2.2113069862e+00 0.0000000000e+00 5.2774938349e-02
3.7523250999e+00 1.0440995991e+00 -6.4168196352e-02 1.0790721164e+00 2.5837384606e+00 0.0000000000e+00 6.1692427628e-02
3.8206300126e+00 8.7712663010e-01 -6.4553755282e-02 1.0783856696e+00 3.0736316530e+00 0.0000000000e+00 7.3436419263e-02
3.8991979385e+00 9.1325045666e-01 -6.4765662972e-02 1.0779850447e+00 2.9509567633e+00 0.0000000000e+00 7.0531625234e-02
3.9616932631e+00 1.1110424964e+00 -6.4840065806e-02 1.0779108985e+00 2.4254493010e+00 0.0000000000e+00 5.7975315223e-02
4.0151485689e+00 1.2431038519e+00 -6.4841047531e-02 1.0780780520e+00 2.1681174311e+00 0.0000000000e+00 5.1816297453e-02
4.0653258580e+00 1.2369162482e+00 -6.4698014835e-02 1.0782681883e+00 2.1793476111e+00 0.0000000000e+00 5.2075505556e-02
4.1192995800e+00 1.0889289440e+00 -6.4610217197e-02 1.0783369914e+00 2.4756826360e+00 0.0000000000e+00 5.9152655742e-02
4.1836311694e+00 8.9934480058e-01 -6.4445982571e-02 1.0784489227e+00 2.9978739021e+00 0.0000000000e+00 7.1622184187e-02
4.2625439484e+00 8.8724094207e-01 -6.4029484411e-02 1.0787225342e+00 3.0395422569e+00 0.0000000000e+00 7.2599263515e-02
4.3288296965e+00 1.0671671797e+00 -6.3730454411e-02 1.0790614033e+00 2.5278640118e+00 0.0000000000e+00 6.0358901752e-02
4.3832617519e+00 1.2299609820e+00 -6.3638663243e-02 1.0793096322e+00 2.1937883559e+00 0.0000000000e+00 5.2369985632e-02
4.4335696677e+00 1.2488580208e+00 -6.3668519471e-02 1.0793675795e+00 2.1607091469e+00 0.0000000000e+00 5.1577551556e-02
4.4864168550e+00 1.1328843657e+00 -6.3855737583e-02 1.0791286576e+00 2.3813742386e+00 0.0000000000e+00 5.6857558372e-02
4.5472847845e+00 9.2904834265e-01 -6.4251158722e-02 1.0785363639e+00 2.9022611483e+00 0.0000000000e+00 6.9332279062e-02
4.6250814131e+00 8.7042020524e-01 -6.4668696208e-02 1.0779435896e+00 3.0960436783e+00 0.0000000000e+00 7.4002233136e-02
4.6952892508e+00 1.0187140759e+00 -6.4775960143e-02 1.0775468749e+00 2.6443800581e+00 0.0000000000e+00 6.3229752563e-02
4.7515409183e+00 1.2116258617e+00 -6.4659328058e-02 1.0775042249e+00 2.2232610307e+00 0.0000000000e+00 5.3162482734e-02
4.8016142162e+00 1.2448803505e+00 -6.4488949682e-02 1.0775973492e+00 2.1640580735e+00 0.0000000000e+00 5.1742353334e-02
4.8550256249e+00 1.2059790320e+00 -6.4209130784e-02 1.0777770494e+00 2.2342367089e+00 0.0000000000e+00 5.3411408696e-02
