# x  rho  v  p  e  w  vol
-1.4016784715e+00 1.3762207158e+00 1.1892973538e+00 3.1323466526e+00 5.6901240778e+00 0.0000000000e+00 4.6804293973e-02
-1.3548741776e+00 1.6966616418e+00 1.2319080066e+00 3.1691849223e+00 4.6697362107e+00 0.0000000000e+00 3.7964575475e-02
-1.3257493206e+00 1.7252282741e+00 1.2259590369e+00 3.2615812174e+00 4.7263038556e+00 0.0000000000e+00 3.7335951377e-02
-1.2802022748e+00 1.7397850132e+00 1.2235679386e+00 3.3732536085e+00 4.8472276503e+00 0.0000000000e+00 3.7023562376e-02
-1.2517021958e+00 1.7465989175e+00 1.2173671750e+00 3.4588180869e+00 4.9507904367e+00 0.0000000000e+00 3.6879124515e-02
-1.2064440258e+00 1.8391189588e+00 1.2191110657e+00 3.6230753361e+00 4.9250149354e+00 0.0000000000e+00 3.5023856747e-02
-1.1816544823e+00 1.8161247924e+00 1.2187912645e+00 3.6425584887e+00 5.0141907977e+00 0.0000000000e+00 3.5467297855e-02
-1.1355094301e+00 1.8750494658e+00 1.2327393927e+00 3.7482940238e+00 4.9975935196e+00 0.0000000000e+00 3.4352714490e-02
-1.1129490534e+00 1.8522534116e+00 1.2403302701e+00 3.7013802821e+00 4.9957800847e+00 0.0000000000e+00 3.4775500238e-02
-1.0659584296e+00 1.8544001822e+00 1.2686944091e+00 3.7269618545e+00 5.0244843188e+00 0.0000000000e+00 3.4735241925e-02
-1.0434785695e+00 1.8311828211e+00 1.2966944235e+00 3.6173417926e+00 4.9385317387e+00 0.0000000000e+00 3.5175646151e-02
-9.9560713730e-01 1.8376839705e+00 1.3375940037e+00 3.6545846707e+00 4.9717262725e+00 0.0000000000e+00 3.5051205750e-02
-9.7337615801e-01 1.7892723043e+00 1.3442399758e+00 3.5262647860e+00 4.9269537924e+00 0.0000000000e+00 3.5999573011e-02
-9.2360799127e-01 1.8323940680e+00 1.3831831194e+00 3.6342936177e+00 4.9583952507e+00 0.0000000000e+00 3.5152394389e-02
-9.0307136924e-01 1.8300583212e+00 1.3851394926e+00 3.6430731266e+00 4.9767172505e+00 0.0000000000e+00 3.5197260223e-02
-8.5321347083e-01 1.8830234174e+00 1.3733695109e+00 3.8010460127e+00 5.0464667321e+00 0.0000000000e+00 3.4207242650e-02
-8.3465688394e-01 1.9309352800e+00 1.3667507096e+00 3.8962351178e+00 5.0444921148e+00 0.0000000000e+00 3.3358466035e-02
-7.8649653876e-01 1.9747019537e+00 1.3677947568e+00 4.0851726180e+00 5.1718850665e+00 0.0000000000e+00 3.2619119475e-02
-7.6941864499e-01 2.0111450279e+00 1.3649314874e+00 4.1154401995e+00 5.1157924247e+00 0.0000000000e+00 3.2028042762e-02
-7.2244045323e-01 2.0416554123e+00 1.3775542749e+00 4.2749864791e+00 5.2347061769e+00 0.0000000000e+00 3.1549417481e-02
-7.0631981002e-01 2.0598446412e+00 1.3898704994e+00 4.2649813361e+00 5.1763386068e+00 0.0000000000e+00 3.1270823860e-02
-6.5989880551e-01 2.0645206407e+00 1.4180619464e+00 4.3353297238e+00 5.2498018649e+00 0.0000000000e+00 3.1199997562e-02
-6.4391981490e-01 2.0423863335e+00 1.4506688265e+00 4.2151028297e+00 5.1595317209e+00 0.0000000000e+00 3.1538126699e-02
-5.9682255212e-01 2.0221410852e+00 1.4921618668e+00 4.2267211857e+00 5.2255517886e+00 0.0000000000e+00 3.1853879745e-02
-5.8021205541e-01 1.9981384756e+00 1.5092078626e+00 4.0619690106e+00 5.0821915750e+00 0.0000000000e+00 3.2236524015e-02
-5.3234950409e-01 2.0037655136e+00 1.5521043009e+00 4.1879172797e+00 5.2250590839e+00 0.0000000000e+00 3.2145996383e-02
-5.1592006264e-01 1.9989977156e+00 1.5507953574e+00 4.0610930241e+00 5.0789115371e+00 0.0000000000e+00 3.2222667616e-02
-4.6790416886e-01 2.0225053009e+00 1.5419319316e+00 4.2342140859e+00 5.2338726676e+00 0.0000000000e+00 3.1848143451e-02
-4.5222377574e-01 2.0777874078e+00 1.5324669244e+00 4.2894228504e+00 5.1610463542e+00 0.0000000000e+00 3.1000784158e-02
-4.0590260054e-01 2.1073691296e+00 1.5195511357e+00 4.5001506907e+00 5.3385885600e+00 0.0000000000e+00 3.0565617599e-02
-3.9109254054e-01 2.1707213684e+00 1.5109942047e+00 4.5490807018e+00 5.2391347504e+00 0.0000000000e+00 2.9673563771e-02
-3.4655547300e-01 2.1882219898e+00 1.5127353473e+00 4.7540823384e+00 5.4314442966e+00 0.0000000000e+00 2.9436245160e-02
-3.3222005022e-01 2.2428150903e+00 1.5131757264e+00 4.7591124407e+00 5.3048426297e+00 0.0000000000e+00 2.8719727824e-02
-2.8911601735e-01 2.2372341894e+00 1.5339162037e+00 4.9100702687e+00 5.4867638489e+00 0.0000000000e+00 2.8791370729e-02
-2.7463730877e-01 2.2788253625e+00 1.5591657141e+00 4.8654930989e+00 5.3377204536e+00 0.0000000000e+00 2.8265895235e-02
-2.3258422688e-01 2.2246346646e+00 1.5950956732e+00 4.8777452698e+00 5.4815127034e+00 0.0000000000e+00 2.8954434622e-02
-2.1672843952e-01 2.2487481127e+00 1.6499620119e+00 4.7657844456e+00 5.2982639747e+00 0.0000000000e+00 2.8643954647e-02
-1.7529631759e-01 2.1903144996e+00 1.6840258158e+00 4.7515583999e+00 5.4233745894e+00 0.0000000000e+00 2.9408123339e-02
-1.5791219284e-01 2.2258695113e+00 1.7211724959e+00 4.7143853454e+00 5.2949929471e+00 0.0000000000e+00 2.8938371556e-02
-1.1741957447e-01 2.2062900208e+00 1.7282888409e+00 4.7979758191e+00 5.4367011746e+00 0.0000000000e+00 2.9195182114e-02
-9.9521828616e-02 2.2559853355e+00 1.7374314907e+00 4.8093525268e+00 5.3295476382e+00 0.0000000000e+00 2.8552064564e-02
-6.0315445345e-02 2.2633343066e+00 1.7307494486e+00 4.9757447336e+00 5.4960337931e+00 0.0000000000e+00 2.8459356962e-02
-4.2603114693e-02 2.3250286078e+00 1.7144972788e+00 5.0125174030e+00 5.3897373416e+00 0.0000000000e+00 2.7704192000e-02
-4.9070613453e-03 2.3481805069e+00 1.6950984601e+00 5.2504436665e+00 5.5899063669e+00 0.0000000000e+00 2.7431042360e-02
1.2258970028e-02 2.4079787054e+00 1.6808658652e+00 5.2675343571e+00 5.4688340321e+00 0.0000000000e+00 2.6749837450e-02
4.8592613556e-02 2.4201864156e+00 1.6754470396e+00 5.4736231788e+00 5.6541338547e+00 0.0000000000e+00 2.6614908066e-02
6.5488786160e-02 2.4653727383e+00 1.6727060738e+00 5.4299245421e+00 5.5061902585e+00 0.0000000000e+00 2.6127099547e-02
1.0084681265e-01 2.4601207709e+00 1.6797145642e+00 5.6121451809e+00 5.7031195860e+00 0.0000000000e+00 2.6182876758e-02
1.1785453968e-01 2.4710005022e+00 1.7039587664e+00 5.4531234752e+00 5.5171209702e+00 0.0000000000e+00 2.6067594441e-02
1.5298200153e-01 2.4184801115e+00 1.7413745574e+00 5.4851281708e+00 5.6700157928e+00 0.0000000000e+00 2.6633685614e-02
1.7112191091e-01 2.4298485864e+00 1.7901073234e+00 5.3094395145e+00 5.4627267149e+00 0.0000000000e+00 2.6509075221e-02
2.0600015197e-01 2.3703681122e+00 1.8140220973e+00 5.3366142903e+00 5.6284657463e+00 0.0000000000e+00 2.7174276697e-02
2.2547046430e-01 2.4079082227e+00 1.8580385888e+00 5.2530240487e+00 5.4539288490e+00 0.0000000000e+00 2.6750620454e-02
2.5950139288e-01 2.3779902680e+00 1.8716533699e+00 5.3540610587e+00 5.6287667896e+00 0.0000000000e+00 2.7087175175e-02
2.7964481465e-01 2.4252865354e+00 1.8850332522e+00 5.3084716835e+00 5.4720046538e+00 0.0000000000e+00 2.6558939743e-02
3.1261927237e-01 2.4484004886e+00 1.8872705838e+00 5.5682820796e+00 5.6856324215e+00 0.0000000000e+00 2.6308211934e-02
3.3226123852e-01 2.4998906236e+00 1.8816185671e+00 5.5678585550e+00 5.5681021626e+00 0.0000000000e+00 2.5766342874e-02
3.6415195812e-01 2.5564756615e+00 1.8699774038e+00 5.8816874076e+00 5.7517537682e+00 0.0000000000e+00 2.5196030584e-02
3.8265329969e-01 2.5938154271e+00 1.8573010998e+00 5.8998712683e+00 5.6864794683e+00 0.0000000000e+00 2.4833316312e-02
4.1381859074e-01 2.2634859612e+00 1.8499147180e+00 6.2256719845e+00 6.8761990258e+00 0.0000000000e+00 2.8457450172e-02
4.3956820003e-01 2.6744196966e+00 1.8464619592e+00 6.1751500059e+00 5.7724204747e+00 0.0000000000e+00 2.4084865601e-02
4.6198832194e-01 2.9527562365e+00 1.8530590637e+00 6.4635942755e+00 5.4725092065e+00 0.0000000000e+00 2.1814546747e-02
4.8319729352e-01 3.0928148291e+00 1.8699029885e+00 6.2859976065e+00 5.0811299365e+00 0.0000000000e+00 2.0826671661e-02
5.0364166526e-01 2.5850207908e+00 1.8933458523e+00 6.4641042389e+00 6.2515012084e+00 0.0000000000e+00 2.4917803054e-02
5.3303289963e-01 2.2672431450e+00 1.9443878391e+00 6.2181363791e+00 6.8564948502e+00 0.0000000000e+00 2.8410291634e-02
5.6046224853e-01 2.2886971791e+00 1.9781763546e+00 6.2410802361e+00 6.8172848436e+00 0.0000000000e+00 2.8143976208e-02
5.8932085205e-01 2.8610292048e+00 2.0264349692e+00 6.0621754277e+00 5.2971981355e+00 0.0000000000e+00 2.2513939685e-02
6.0549012790e-01 3.1510436229e+00 2.0252373094e+00 6.1612330679e+00 4.8882479942e+00 0.0000000000e+00 2.0441811242e-02
6.3020447453e-01 3.1280454421e+00 2.0483582714e+00 5.9967490116e+00 4.7927284966e+00 0.0000000000e+00 2.0592104606e-02
6.4667433711e-01 2.6480990593e+00 2.0471879060e+00 6.1481727820e+00 5.8043266551e+00 0.0000000000e+00 2.4324255820e-02
6.7885298617e-01 2.2480044453e+00 2.0412200446e+00 6.0248193213e+00 6.7001861739e+00 0.0000000000e+00 2.8653430419e-02
7.0398119795e-01 2.1904515923e+00 2.0307034161e+00 6.3318264022e+00 7.2266221547e+00 0.0000000000e+00 2.9406282787e-02
7.3766555174e-01 2.8316510441e+00 2.0109129203e+00 6.2959510493e+00 5.5585513110e+00 0.0000000000e+00 2.2747520069e-02
7.4947623809e-01 3.3971439245e+00 1.9922395358e+00 6.7288307558e+00 4.9518293200e+00 0.0000000000e+00 1.8960939067e-02
7.7558742988e-01 3.4395298310e+00 1.9824880484e+00 6.6815909801e+00 4.8564711664e+00 0.0000000000e+00 1.8727280215e-02
7.8693079852e-01 3.0715952217e+00 1.9796140102e+00 7.0678722905e+00 5.7526071799e+00 0.0000000000e+00 2.0970549277e-02
8.1752852843e-01 2.5985226026e+00 1.9826752953e+00 6.9768034021e+00 6.7122789264e+00 0.0000000000e+00 2.4788331219e-02
8.3650746096e-01 2.3584441642e+00 1.9937170368e+00 7.2635210134e+00 7.6994837567e+00 0.0000000000e+00 2.7311665856e-02
8.7215186014e-01 2.8861318031e+00 2.0223091522e+00 7.0218938277e+00 6.0824438269e+00 0.0000000000e+00 2.2318121053e-02
8.8114370307e-01 3.4737934678e+00 2.0547743671e+00 7.0822904023e+00 5.0969426278e+00 0.0000000000e+00 1.8542564362e-02
9.0923698887e-01 3.4445356378e+00 2.0879331658e+00 6.8101235462e+00 4.9427007457e+00 0.0000000000e+00 1.8700064603e-02
9.1854383227e-01 3.0839056229e+00 2.1094678856e+00 6.8964480104e+00 5.5906769319e+00 0.0000000000e+00 2.0886838584e-02
9.5101066604e-01 2.6428217525e+00 2.1508622032e+00 6.6558150313e+00 6.2961255567e+00 0.0000000000e+00 2.4372827601e-02
9.6728948747e-01 2.2868432028e+00 2.1787808974e+00 6.8543323055e+00 7.4932250462e+00 0.0000000000e+00 2.8166792930e-02
1.0073442519e+00 2.6095976218e+00 2.1986412909e+00 6.6214757791e+00 6.3433876968e+00 0.0000000000e+00 2.4683130616e-02
1.0166557487e+00 3.3525677612e+00 2.2207476714e+00 6.9918348707e+00 5.2137908677e+00 0.0000000000e+00 1.9213046102e-02
1.0457703441e+00 3.4947610158e+00 2.2208921393e+00 6.8447028860e+00 4.8964026833e+00 0.0000000000e+00 1.8431314377e-02
1.0535183775e+00 3.3085786598e+00 2.2139737679e+00 7.2350541045e+00 5.4668899008e+00 0.0000000000e+00 1.9468492539e-02
1.0847073292e+00 2.9020042843e+00 2.1990330069e+00 7.1879987041e+00 6.1922709272e+00 0.0000000000e+00 2.2196052329e-02
1.0979104821e+00 2.4764469629e+00 2.1715816963e+00 7.6454302796e+00 7.7181445780e+00 0.0000000000e+00 2.6010263866e-02
1.1367278569e+00 2.7203415928e+00 2.1439167703e+00 7.6107504608e+00 6.9942966729e+00 0.0000000000e+00 2.3678290669e-02
1.1452670635e+00 3.6586363217e+00 2.1361482328e+00 8.1104306185e+00 5.5419765080e+00 0.0000000000e+00 1.7605750693e-02
1.1719393583e+00 3.9089813448e+00 2.1370282121e+00 7.9358662016e+00 5.0754055223e+00 0.0000000000e+00 1.6478216004e-02
1.1782234955e+00 3.7735879337e+00 2.1462826901e+00 8.3027594989e+00 5.5005737541e+00 0.0000000000e+00 1.7069441626e-02
1.2060782415e+00 3.2440236816e+00 2.1611176710e+00 7.9961764931e+00 6.1622365293e+00 0.0000000000e+00 1.9855908981e-02
1.2179353134e+00 2.6554307311e+00 2.1997664687e+00 8.2099684789e+00 7.7294131445e+00 0.0000000000e+00 2.4257096297e-02
1.2545924341e+00 2.6222871662e+00 2.2493163687e+00 7.8008484469e+00 7.4370653864e+00 0.0000000000e+00 2.4563686153e-02
1.2670626857e+00 3.4799698652e+00 2.2981954394e+00 7.9473392693e+00 5.7093448917e+00 0.0000000000e+00 1.8509654235e-02
1.2916117426e+00 3.7397000542e+00 2.3057691950e+00 7.5237657030e+00 5.0296585247e+00 0.0000000000e+00 1.7224119052e-02
1.3015109238e+00 3.6787902640e+00 2.3335960573e+00 7.8161453765e+00 5.3116274751e+00 0.0000000000e+00 1.7509299072e-02
1.3266303408e+00 3.1827403445e+00 2.3360804635e+00 7.3493128844e+00 5.7727870396e+00 0.0000000000e+00 2.0238232461e-02
1.3419873888e+00 2.6321526419e+00 2.3551725769e+00 7.7306860032e+00 7.3425509980e+00 0.0000000000e+00 2.4471619893e-02
1.3755735805e+00 2.4670838400e+00 2.3675633276e+00 7.3538683943e+00 7.4519846823e+00 0.0000000000e+00 2.6108978507e-02
1.3942053458e+00 3.2345644237e+00 2.3624961556e+00 7.8030075442e+00 6.0309569714e+00 0.0000000000e+00 1.9913976201e-02
1.4154015329e+00 3.7329435273e+00 2.3508133240e+00 7.6263168176e+00 5.1074418631e+00 0.0000000000e+00 1.7255294243e-02
1.4287159343e+00 3.8654971288e+00 2.3296865828e+00 8.2174466284e+00 5.3146117786e+00 0.0000000000e+00 1.6663584736e-02
1.4487287024e+00 3.5048714953e+00 2.2994876698e+00 8.1631318154e+00 5.8227040751e+00 0.0000000000e+00 1.8378145687e-02
1.4654722256e+00 3.0468502636e+00 2.2684293731e+00 8.8066874702e+00 7.2260586411e+00 0.0000000000e+00 2.1140861343e-02
1.4910104251e+00 2.6974036907e+00 2.2456786344e+00 8.5615429148e+00 7.9349848008e+00 0.0000000000e+00 2.3879643665e-02
1.5132315130e+00 3.4203817185e+00 2.2393038172e+00 9.1215421446e+00 6.6670498319e+00 0.0000000000e+00 1.8832119996e-02
1.5286746651e+00 4.0350541953e+00 2.2479110928e+00 8.7557549681e+00 5.4248063001e+00 0.0000000000e+00 1.5963364018e-02
1.5451582410e+00 4.2192169994e+00 2.2636605438e+00 9.0710171113e+00 5.3748225753e+00 0.0000000000e+00 1.5266585948e-02
1.5592078370e+00 3.7261625072e+00 2.2985750873e+00 8.5726807013e+00 5.7516819817e+00 0.0000000000e+00 1.7286696120e-02
1.5797316332e+00 3.1551367054e+00 2.3366724016e+00 8.7958090544e+00 6.9694357769e+00 0.0000000000e+00 2.0415292575e-02
1.6000384221e+00 2.6619448805e+00 2.3844429291e+00 8.2564123254e+00 7.7541165350e+00 0.0000000000e+00 2.4197735808e-02
1.6281271049e+00 3.0431059356e+00 2.4368560134e+00 8.6424451172e+00 7.1000199305e+00 0.0000000000e+00 2.1166873687e-02
1.6423721695e+00 3.8316454982e+00 2.4394006365e+00 8.1067222732e+00 5.2893217007e+00 0.0000000000e+00 1.6810803344e-02
1.6617487115e+00 3.9732385404e+00 2.4832379710e+00 8.5657231439e+00 5.3896355937e+00 0.0000000000e+00 1.6211722075e-02
1.6747956137e+00 3.7016349786e+00 2.4828784525e+00 7.9421283180e+00 5.3639326702e+00 0.0000000000e+00 1.7401240081e-02
1.6965511917e+00 3.1580511558e+00 2.5063926367e+00 8.4153258438e+00 6.6618029827e+00 0.0000000000e+00 2.0396452045e-02
1.7155885178e+00 2.6226700503e+00 2.5088318589e+00 7.9694216433e+00 7.5966681764e+00 0.0000000000e+00 2.4560100096e-02
1.7456713919e+00 2.8464221118e+00 2.4916252059e+00 8.4901701772e+00 7.4568790606e+00 0.0000000000e+00 2.2629475329e-02
1.7608474684e+00 3.8372791443e+00 2.4658710385e+00 8.4340518571e+00 5.4948125611e+00 0.0000000000e+00 1.6786122805e-02
1.7792436375e+00 4.1722708185e+00 2.4323271412e+00 9.1738947658e+00 5.4969434900e+00 0.0000000000e+00 1.5438364803e-02
1.7917241980e+00 4.1962562958e+00 2.3969686501e+00 9.1992310284e+00 5.4806179485e+00 0.0000000000e+00 1.5350120301e-02
1.8099438781e+00 3.6983227989e+00 2.3735465533e+00 9.9165189576e+00 6.7033892773e+00 0.0000000000e+00 1.7416824452e-02
1.8265578469e+00 3.0888672345e+00 2.3612412197e+00 9.6422529911e+00 7.8040364470e+00 0.0000000000e+00 2.0853288298e-02
1.8516504547e+00 3.1054867234e+00 2.3590096507e+00 1.0173778783e+01 8.1901644490e+00 0.0000000000e+00 2.0741688724e-02
1.8680412244e+00 4.0644900604e+00 2.3759662232e+00 9.7249273230e+00 5.9816404878e+00 0.0000000000e+00 1.5847754084e-02
1.8833459629e+00 4.4065719663e+00 2.3994998700e+00 9.9054946876e+00 5.6197281942e+00 0.0000000000e+00 1.4617493927e-02
1.8972762122e+00 4.3627321782e+00 2.4418565115e+00 9.5060795115e+00 5.4473201214e+00 0.0000000000e+00 1.4764380742e-02
1.9128747244e+00 3.7662045728e+00 2.4611487614e+00 9.6510747576e+00 6.4063665229e+00 0.0000000000e+00 1.7102904983e-02
1.9314820222e+00 3.0872159218e+00 2.5074212566e+00 9.1451766092e+00 7.4056826934e+00 0.0000000000e+00 2.0864442457e-02
1.9546036093e+00 2.8787586949e+00 2.5491865104e+00 9.5030733354e+00 8.2527526120e+00 0.0000000000e+00 2.2375282468e-02
1.9762325871e+00 3.6257855107e+00 2.5831630895e+00 8.9639539289e+00 6.1806978808e+00 0.0000000000e+00 1.7765264593e-02
1.9901341385e+00 4.2110984785e+00 2.6153420845e+00 9.2698414127e+00 5.5032205136e+00 0.0000000000e+00 1.5296018197e-02
2.0068246235e+00 4.1144045317e+00 2.6613633583e+00 8.6949081187e+00 5.2832117331e+00 0.0000000000e+00 1.5655494849e-02
2.0214451282e+00 3.7760789113e+00 2.6604290857e+00 9.1513533986e+00 6.0587673176e+00 0.0000000000e+00 1.7058181375e-02
2.0409409863e+00 3.0867958841e+00 2.6696977430e+00 8.6533169704e+00 7.0083326655e+00 0.0000000000e+00 2.0867281600e-02
2.0631796914e+00 2.8147249698e+00 2.6545028875e+00 9.2824832607e+00 8.2445739461e+00 0.0000000000e+00 2.2884310064e-02
2.0867096064e+00 3.4041825248e+00 2.6202991128e+00 9.0094010167e+00 6.6164203527e+00 0.0000000000e+00 1.8921734803e-02
2.1010231610e+00 4.3699560584e+00 2.5722739814e+00 9.9847706299e+00 5.7121687818e+00 0.0000000000e+00 1.4739974062e-02
2.1161895545e+00 4.5873342551e+00 2.5224692659e+00 9.9716550126e+00 5.4343407620e+00 0.0000000000e+00 1.4041496733e-02
2.1291061544e+00 4.4686225335e+00 2.4875745495e+00 1.0926497455e+01 6.1129002129e+00 0.0000000000e+00 1.4414517779e-02
2.1450185901e+00 3.7244553493e+00 2.4726685800e+00 1.0805721258e+01 7.2532224479e+00 0.0000000000e+00 1.7294619727e-02
2.1636953939e+00 3.2001012225e+00 2.4557429943e+00 1.0926526840e+01 8.5360790801e+00 0.0000000000e+00 2.0128437970e-02
2.1852754660e+00 3.6524344832e+00 2.4920222399e+00 1.0961894162e+01 7.5031422279e+00 0.0000000000e+00 1.7635645280e-02
2.1989666844e+00 4.5468003979e+00 2.4941666891e+00 1.0749346067e+01 5.9103903437e+00 0.0000000000e+00 1.4166673994e-02
2.2136088140e+00 4.7545709231e+00 2.5096852793e+00 1.0690855040e+01 5.6213563814e+00 0.0000000000e+00 1.3547602927e-02
2.2260618903e+00 4.4633946329e+00 2.5385286255e+00 1.0406590216e+01 5.8288539734e+00 0.0000000000e+00 1.4431401266e-02
2.2424716165e+00 3.7279230186e+00 2.5514427862e+00 1.0292119056e+01 6.9020463972e+00 0.0000000000e+00 1.7278532478e-02
2.2606189553e+00 3.0825667411e+00 2.6316385068e+00 1.0039765384e+01 8.1423747053e+00 0.0000000000e+00 2.0895910572e-02
2.2842634377e+00 3.1690039160e+00 2.6899704206e+00 9.7705072173e+00 7.7078693149e+00 0.0000000000e+00 2.0325957513e-02
2.3012708703e+00 4.0285897490e+00 2.7048470665e+00 9.3378961274e+00 5.7947673436e+00 0.0000000000e+00 1.5988979511e-02
2.3162413967e+00 4.5369550064e+00 2.7106173001e+00 1.0116054822e+01 5.5742534410e+00 0.0000000000e+00 1.4197416299e-02
2.3296657029e+00 4.0353009818e+00 2.6985623758e+00 8.7540210618e+00 5.4234003245e+00 0.0000000000e+00 1.5962387749e-02
2.3481661722e+00 3.6982319694e+00 2.7998390970e+00 9.5973806105e+00 6.4878168067e+00 0.0000000000e+00 1.7417252213e-02
2.3645002073e+00 2.7375435361e+00 2.8502380444e+00 8.2324640616e+00 7.5181124547e+00 0.0000000000e+00 2.3529503040e-02
2.3952251783e+00 2.1839566428e+00 2.3508296219e+00 6.2271915377e+00 7.1283369546e+00 0.0000000000e+00 2.9493735220e-02
2.4234876777e+00 1.6927165160e+00 1.1783249269e+00 2.4638210264e+00 3.6388565408e+00 0.0000000000e+00 3.8053057524e-02
2.4713312933e+00 1.3455046381e+00 2.6147209285e-01 1.2302111816e+00 2.2857802693e+00 0.0000000000e+00 4.7872773629e-02
2.5192332250e+00 1.2112204679e+00 3.4704833414e-02 1.0330398888e+00 2.1322292601e+00 0.0000000000e+00 5.3180276144e-02
2.5776918456e+00 1.0715559968e+00 -2.9463576622e-04 1.0106293924e+00 2.3578548285e+00 0.0000000000e+00 6.0111687255e-02
2.6394565995e+00 8.7937039892e-01 -7.9661418183e-03 1.0066966251e+00 2.8619812151e+00 0.0000000000e+00 7.3249041625e-02
2.7241899289e+00 8.3163036034e-01 -1.3064943658e-02 1.0140780016e+00 3.0484637464e+00 0.0000000000e+00 7.7453929084e-02
2.7943644577e+00 9.9615561601e-01 -1.8841967055e-02 1.0174740548e+00 2.5535017784e+00 0.0000000000e+00 6.4661623063e-02
2.8535131750e+00 1.1745211863e+00 -2.6417079381e-02 1.0342689224e+00 2.2014692763e+00 0.0000000000e+00 5.4841955776e-02
2.9040483692e+00 1.2239679488e+00 -3.5352615430e-02 1.0413522433e+00 2.1270006381e+00 0.0000000000e+00 5.2626409881e-02
2.9587659947e+00 1.1446640365e+00 -4.5682294711e-02 1.0622252859e+00 2.3199498981e+00 0.0000000000e+00 5.6272440559e-02
3.0165932503e+00 9.5512254524e-01 -5.8432089191e-02 1.0680924886e+00 2.7956948926e+00 0.0000000000e+00 6.7439554511e-02
3.0936451038e+00 8.6387155055e-01 -7.0741529389e-02 1.0857895282e+00 3.1422192556e+00 0.0000000000e+00 7.4563213609e-02
3.1657196776e+00 9.9946386338e-01 -8.0371414844e-02 1.0870887909e+00 2.7191798292e+00 0.0000000000e+00 6.4447591668e-02
3.2225402871e+00 1.1999029559e+00 -8.5839924233e-02 1.1058082973e+00 2.3039536068e+00 0.0000000000e+00 5.3681873718e-02
3.2730834250e+00 1.2831709585e+00 -8.9598009254e-02 1.1044373160e+00 2.1517735198e+00 0.0000000000e+00 5.0198329792e-02
3.3229369467e+00 1.2195863584e+00 -9.2481222315e-02 1.1197092307e+00 2.2952643390e+00 0.0000000000e+00 5.2815480027e-02
3.3787143851e+00 1.0315835292e+00 -9.4962101155e-02 1.1164896599e+00 2.7057664945e+00 0.0000000000e+00 6.2440933893e-02
3.4478188145e+00 8.8858934065e-01 -9.7847151265e-02 1.1287500685e+00 3.1756797455e+00 0.0000000000e+00 7.2489097053e-02
3.5236925792e+00 9.7885703360e-01 -1.0127388065e-01 1.1229410616e+00 2.8679904804e+00 0.0000000000e+00 6.5804337859e-02
3.5794274902e+00 1.1920294876e+00 -1.0392804833e-01 1.1365374740e+00 2.3836186223e+00 0.0000000000e+00 5.4036447607e-02
3.6317654744e+00 1.2956629531e+00 -1.0606411144e-01 1.1291318439e+00 2.1786758685e+00 0.0000000000e+00 4.9714348010e-02
3.6788561862e+00 1.2659566747e+00 -1.0814232962e-01 1.1409161282e+00 2.2530710391e+00 0.0000000000e+00 5.0880918947e-02
3.7335273123e+00 1.0891784054e+00 -1.1013338402e-01 1.1330503626e+00 2.6006996581e+00 0.0000000000e+00 5.9139107636e-02
3.7971344015e+00 9.0910672260e-01 -1.1269099574e-01 1.1427598624e+00 3.1425349576e+00 0.0000000000e+00 7.0853110370e-02
3.8752335330e+00 9.4951150482e-01 -1.1512934587e-01 1.1379591916e+00 2.9961700986e+00 0.0000000000e+00 6.7838081611e-02
3.9328105647e+00 1.1628276761e+00 -1.1744309023e-01 1.1472793477e+00 2.4665721569e+00 0.0000000000e+00 5.5393451909e-02
3.9860204368e+00 1.2996153016e+00 -1.1910747422e-01 1.1461447659e+00 2.2047769915e+00 0.0000000000e+00 4.9563158326e-02
4.0319368814e+00 1.2960459099e+00 -1.2112531597e-01 1.1538758387e+00 2.2257618921e+00 0.0000000000e+00 4.9699658370e-02
4.0854197536e+00 1.1488557542e+00 -1.2242095985e-01 1.1559111208e+00 2.5153530297e+00 0.0000000000e+00 5.6067124805e-02
4.1440711310e+00 9.4590042978e-01 -1.2494367891e-01 1.1598692200e+00 3.0655161566e+00 0.0000000000e+00 6.8097060670e-02
4.2216138749e+00 9.3249458554e-01 -1.2686784465e-01 1.1639994544e+00 3.1206600887e+00 0.0000000000e+00 6.9076046074e-02
4.2822232231e+00 1.1335518781e+00 -1.2937621742e-01 1.1632678651e+00 2.5655373335e+00 0.0000000000e+00 5.6824076780e-02
4.3352620285e+00 1.2980755259e+00 -1.3067078201e-01 1.1709014764e+00 2.2550719374e+00 0.0000000000e+00 4.9621950088e-02
4.3814671233e+00 1.3209701259e+00 -1.3216128096e-01 1.1643986394e+00 2.2036808717e+00 0.0000000000e+00 4.8761919510e-02
4.4327858675e+00 1.2032317201e+00 -1.3308606895e-01 1.1752450975e+00 2.4418511371e+00 0.0000000000e+00 5.3533361763e-02
4.4885338468e+00 9.8549834352e-01 -1.3500065292e-01 1.1652615355e+00 2.9560210404e+00 0.0000000000e+00 6.5360879983e-02
4.5635076275e+00 9.1986753457e-01 -1.3724373015e-01 1.1783608749e+00 3.2025287082e+00 0.0000000000e+00 7.0024255161e-02
4.6285823571e+00 1.0891114722e+00 -1.3920399684e-01 1.1674302352e+00 2.6797767377e+00 0.0000000000e+00 5.9142742135e-02
4.6817931117e+00 1.2806284364e+00 -1.4072817394e-01 1.1803411181e+00 2.3042224516e+00 0.0000000000e+00 5.0297992084e-02
4.7291783413e+00 1.3275625267e+00 -1.4158626983e-01 1.1724715972e+00 2.2079404428e+00 0.0000000000e+00 4.8519777908e-02
4.7788326675e+00 1.2972291409e+00 -1.4284431843e-01 1.1815515787e+00 2.2770679856e+00 0.0000000000e+00 4.9654326228e-02
