# x  rho  v  p  e  w  vol
-1.0633128760e+01 4.2942025970e-02 -3.9218056420e+00 3.9070163928e-02 2.2745878336e+00 1.0000000000e+00 1.5000000000e+00
-8.5462646543e+00 5.2463055581e-02 -2.4723560345e+00 4.1223041599e-02 1.9643843245e+00 1.0000000000e+00 1.2277790197e+00
-7.4083077015e+00 1.1979168511e-01 -2.2956161274e+00 6.1658976449e-02 1.2867958322e+00 1.0000000000e+00 5.3770876416e-01
-7.2087948473e+00 1.3721316246e-01 -2.3360878111e+00 7.2199391080e-02 1.3154603718e+00 9.3887551019e-01 4.6943775509e-01
-6.7382470789e+00 1.7310639879e-01 -2.0741777939e+00 1.0381839971e-01 1.4993437625e+00 7.4420170951e-01 3.7210085476e-01
-6.3556520527e+00 1.9086517613e-01 -1.8693045938e+00 1.2839944726e-01 1.6818081991e+00 6.7495852580e-01 3.3747926290e-01
-6.0610376196e+00 2.0421582464e-01 -1.6744020456e+00 1.5945415212e-01 1.9520298244e+00 6.3083298337e-01 3.1541649168e-01
-5.7321011759e+00 2.2688837791e-01 -1.4896141408e+00 1.9525551229e-01 2.1514490307e+00 5.6779496197e-01 2.8389748098e-01
-5.4716031385e+00 2.5549335028e-01 -1.4195507866e+00 2.3168119554e-01 2.2669982926e+00 5.0422477834e-01 2.5211238917e-01
-5.2303887788e+00 2.8701778397e-01 -1.3121899902e+00 2.6994707488e-01 2.3513096570e+00 4.4884353898e-01 2.2442176949e-01
-5.0246342658e+00 3.1288076080e-01 -1.1832982069e+00 3.0440934462e-01 2.4323111450e+00 4.1174176891e-01 2.0587088445e-01
-4.8124446731e+00 3.3972005903e-01 -1.0962511630e+00 3.4090413172e-01 2.5087135913e+00 3.7921245592e-01 1.8960622796e-01
-4.6444546058e+00 3.6333222633e-01 -1.0157097626e+00 3.7607228618e-01 2.5876612294e+00 3.5456826720e-01 1.7728413360e-01
-4.4575710169e+00 3.9274230602e-01 -9.3357494474e-01 4.1877204273e-01 2.6656922129e+00 3.2801680882e-01 1.6400840441e-01
-4.3121987716e+00 4.1599743960e-01 -8.6916562091e-01 4.5517145417e-01 2.7354222096e+00 3.0967997792e-01 1.5483998896e-01
-4.1520071436e+00 4.4046409294e-01 -7.7251582792e-01 4.9357860373e-01 2.8014690167e+00 2.9247804753e-01 1.4623902376e-01
-4.0163302671e+00 4.6434469675e-01 -7.0204467478e-01 5.3185039981e-01 2.8634460754e+00 2.7743630715e-01 1.3871815357e-01
-3.8749851979e+00 4.9589173372e-01 -6.6138406878e-01 5.8177000798e-01 2.9329487085e+00 2.5978670171e-01 1.2989335086e-01
-3.7523535097e+00 5.2292823250e-01 -6.3430828111e-01 6.2638951581e-01 2.9946246774e+00 2.4635517821e-01 1.2317758910e-01
-3.6327595756e+00 5.4132507510e-01 -5.5383061787e-01 6.5897520372e-01 3.0433432425e+00 2.3798283847e-01 1.1899141924e-01
-3.5122232119e+00 5.5577720351e-01 -4.7010685033e-01 6.8501351961e-01 3.0813314908e+00 2.3179446205e-01 1.1589723103e-01
-3.4008984651e+00 5.7454409406e-01 -4.1078130002e-01 7.1882135929e-01 3.1277902198e+00 2.2422313490e-01 1.1211156745e-01
-3.2879546537e+00 6.0362777494e-01 -3.7474581661e-01 7.6900498328e-01 3.1849304124e+00 2.1341973192e-01 1.0670986596e-01
-3.1865898602e+00 6.3609916766e-01 -3.4819276684e-01 8.2576938268e-01 3.2454427889e+00 2.0252514774e-01 1.0126257387e-01
-3.0850002360e+00 6.6562298302e-01 -3.1683272925e-01 8.7882038825e-01 3.3007438545e+00 1.9354211197e-01 9.6771055985e-02
-2.9933591231e+00 6.8219449610e-01 -2.5731009667e-01 9.1103159406e-01 3.3386065091e+00 1.8884068788e-01 9.4420343938e-02
-2.8968263026e+00 6.9341841923e-01 -1.8637114308e-01 9.3379378174e-01 3.3666317329e+00 1.8578404371e-01 9.2892021856e-02
-2.8057857083e+00 7.0782862319e-01 -1.4445208174e-01 9.6287703478e-01 3.4008127223e+00 1.8200179209e-01 9.1000896043e-02
-2.7158599498e+00 7.2962707787e-01 -9.6633785970e-02 1.0044814797e+00 3.4417632999e+00 1.7656427758e-01 8.8282138791e-02
-2.6288892358e+00 7.5784846652e-01 -7.2703062586e-02 1.0579213429e+00 3.4898841578e+00 1.6998923083e-01 8.4994615414e-02
-2.5457107848e+00 7.8893649230e-01 -5.2997319177e-02 1.1177503469e+00 3.5419528626e+00 1.6329080879e-01 8.1645404393e-02
-2.4649683780e+00 8.1599002512e-01 -2.3933320483e-02 1.1706297066e+00 3.5865319140e+00 1.5787702538e-01 7.8938512692e-02
-2.3887426868e+00 8.3370090024e-01 1.9583239590e-02 1.2074721812e+00 3.6208194716e+00 1.5452313638e-01 7.7261568191e-02
-2.3092353759e+00 8.4606518566e-01 7.4963917321e-02 1.2339163126e+00 3.6460438673e+00 1.5226495558e-01 7.6132477788e-02
-2.2373703342e+00 8.5708050870e-01 1.1909644023e-01 1.2585770992e+00 3.6711169093e+00 1.5030802428e-01 7.5154012139e-02
-2.1582533161e+00 8.7490015613e-01 1.7335250071e-01 1.2956901105e+00 3.7023942143e+00 1.4724660523e-01 7.3623302617e-02
-2.0904216402e+00 8.9776307470e-01 1.8828830708e-01 1.3425485803e+00 3.7385937841e+00 1.4349674378e-01 7.1748371892e-02
-2.0148343761e+00 9.3056397623e-01 2.0842589796e-01 1.4102775043e+00 3.7887709505e+00 1.3843871158e-01 6.9219355789e-02
-1.9514532581e+00 9.5982552049e-01 2.1821632277e-01 1.4708457444e+00 3.8310237460e+00 1.3421822525e-01 6.7109112624e-02
-1.8811052371e+00 9.8724193685e-01 2.3943807662e-01 1.5293632082e+00 3.8728176729e+00 1.3049088891e-01 6.5245444455e-02
-1.8200581252e+00 1.0023044700e+00 2.7679602336e-01 1.5624319371e+00 3.8970990948e+00 1.2852988465e-01 6.4264942323e-02
-1.7537780558e+00 1.0111795450e+00 3.2247386724e-01 1.5843044959e+00 3.9169712831e+00 1.2740178393e-01 6.3700891967e-02
-1.6908935205e+00 1.0185486321e+00 3.7559582714e-01 1.6023690266e+00 3.9329713283e+00 1.2648004607e-01 6.3240023036e-02
-1.6291535884e+00 1.0300902423e+00 4.1006176078e-01 1.6295315074e+00 3.9548270639e+00 1.2506290480e-01 6.2531452401e-02
-1.5641794482e+00 1.0518709665e+00 4.4973528070e-01 1.6774455172e+00 3.9868139025e+00 1.2247327097e-01 6.1236635485e-02
-1.5081138371e+00 1.0798454867e+00 4.5249695924e-01 1.7388235984e+00 4.0256305646e+00 1.1930047354e-01 5.9650236771e-02
-1.4432313747e+00 1.1168286944e+00 4.7062337701e-01 1.8203275206e+00 4.0747688740e+00 1.1534989973e-01 5.7674949864e-02
-1.3945456652e+00 1.1425503486e+00 4.7594039307e-01 1.8786297437e+00 4.1106060361e+00 1.1275308617e-01 5.6376543087e-02
-1.3282496982e+00 1.1711839898e+00 5.0479722309e-01 1.9436072592e+00 4.1488085480e+00 1.0999644722e-01 5.4998223608e-02
-1.2864633161e+00 1.1829839982e+00 5.1426099697e-01 1.9720346440e+00 4.1675006742e+00 1.0889925655e-01 5.4449628274e-02
-1.2170992725e+00 1.1925434440e+00 5.7264993965e-01 1.9975373244e+00 4.1875567184e+00 1.0802631850e-01 5.4013159250e-02
-1.1806872229e+00 1.1963323051e+00 6.0185967904e-01 2.0076821489e+00 4.1954943045e+00 1.0768419223e-01 5.3842096114e-02
-1.1069817633e+00 1.2101467219e+00 6.5643185406e-01 2.0435354877e+00 4.2216688496e+00 1.0645492449e-01 5.3227462247e-02
-1.0763160284e+00 1.2208956973e+00 6.6719404456e-01 2.0639968072e+00 4.2263987248e+00 1.0551767706e-01 5.2758838530e-02
-9.9972040697e-01 1.2617256584e+00 6.9734874865e-01 2.1479481556e+00 4.2559730425e+00 1.0210308164e-01 5.1051540822e-02
-9.7543045586e-01 1.2733750142e+00 6.9392983931e-01 2.1643909163e+00 4.2493195096e+00 1.0116900086e-01 5.0584500432e-02
-8.9113617599e-01 1.2619454199e+00 7.1668981291e-01 2.1393873192e+00 4.2382722845e+00 1.0208530090e-01 5.1042650448e-02
-8.8323109117e-01 1.2550141216e+00 7.1574174131e-01 2.1608985652e+00 4.3045303793e+00 1.0264910624e-01 5.1324553122e-02
-7.7422321013e-01 1.1733209543e+00 7.7976191154e-01 2.3638848081e+00 5.0367395199e+00 1.0979611114e-01 5.4898055571e-02
-7.8379436207e-01 1.1696245110e+00 7.3010768648e-01 2.9981733358e+00 6.4084099377e+00 1.1014310721e-01 5.5071553605e-02
-6.7656061152e-01 1.3393892384e+00 8.3685682641e-01 2.2247994798e+00 4.1526380385e+00 9.6182703443e-02 4.8091351721e-02
-6.7251417409e-01 1.3456321809e+00 8.3424025823e-01 2.2798688632e+00 4.2356835983e+00 9.5736472223e-02 4.7868236112e-02
-5.8774861186e-01 1.3553626490e+00 8.9754607904e-01 2.2325821352e+00 4.1180530849e+00 9.5049157508e-02 4.7524578754e-02
-5.7553192163e-01 1.3433136690e+00 8.8804265686e-01 2.5229920872e+00 4.6954634376e+00 9.5901709990e-02 4.7950854995e-02
-4.8872634274e-01 1.2870095224e+00 9.3058946070e-01 2.9743384726e+00 5.7776155128e+00 1.0009722203e-01 5.0048611013e-02
-4.7552956138e-01 1.2990017420e+00 9.2381144157e-01 2.8253203816e+00 5.4374838198e+00 9.9173137142e-02 4.9586568571e-02
-3.9650230792e-01 1.5162549304e+00 9.4192501764e-01 2.6875673661e+00 4.4312590717e+00 8.4963336526e-02 4.2481668263e-02
-3.8072000057e-01 1.5646899505e+00 9.4024387937e-01 2.5143851428e+00 4.0173855882e+00 8.2333294127e-02 4.1166647064e-02
-3.1907773498e-01 1.6275137647e+00 9.6851610582e-01 2.6670732957e+00 4.0968521336e+00 7.9155138781e-02 3.9577569391e-02
-3.0111650906e-01 1.6041191967e+00 9.7700082167e-01 2.8993329944e+00 4.5185747423e+00 8.0309541943e-02 4.0154770971e-02
-2.3541780010e-01 1.4987024410e+00 1.0389332494e+00 3.2023235182e+00 5.3418267540e+00 8.5958409345e-02 4.2979204673e-02
-2.1676503634e-01 1.4960299551e+00 1.0431050475e+00 3.2368866861e+00 5.4091274629e+00 8.6111964184e-02 4.3055982092e-02
-1.5178281314e-01 1.5938645068e+00 1.0875952300e+00 2.9558823024e+00 4.6363450121e+00 8.0826241729e-02 4.0413120865e-02
-1.3137094010e-01 1.6338602258e+00 1.0915273081e+00 2.7846780645e+00 4.2608878357e+00 7.8847673672e-02 3.9423836836e-02
-7.6050560048e-02 1.6748145038e+00 1.1201400514e+00 2.8100000866e+00 4.1944944952e+00 7.6919609675e-02 3.8459804837e-02
-5.3888738061e-02 1.6558581393e+00 1.1133261561e+00 2.9444898162e+00 4.4455647292e+00 7.7800190037e-02 3.8900095018e-02
2.4651552016e-03 1.5978998356e+00 1.1309204206e+00 3.3552056886e+00 5.2493992642e+00 8.0622123512e-02 4.0311061756e-02
2.7045853683e-02 1.6071774110e+00 1.1300199262e+00 3.6749351491e+00 5.7164428830e+00 8.0156725093e-02 4.0078362547e-02
7.9910161222e-02 1.7282619465e+00 1.1435863980e+00 3.4518652065e+00 4.9932610238e+00 7.4540828820e-02 3.7270414410e-02
1.0600940297e-01 1.8107335933e+00 1.1482947566e+00 3.2005599482e+00 4.4188719422e+00 7.1145793276e-02 3.5572896638e-02
1.4850977087e-01 1.8795564113e+00 1.1758365892e+00 3.1861421149e+00 4.2378910469e+00 6.8540681800e-02 3.4270340900e-02
1.7551648012e-01 1.8446725224e+00 1.2004587033e+00 3.2982175405e+00 4.4699228459e+00 6.9836828132e-02 3.4918414066e-02
2.1776064959e-01 1.7401461511e+00 1.2423790355e+00 3.6606051640e+00 5.2590484450e+00 7.4031757522e-02 3.7015878761e-02
2.5078644297e-01 1.7067796026e+00 1.2682507086e+00 4.0830204452e+00 5.9805912243e+00 7.5479035320e-02 3.7739517660e-02
2.9207484195e-01 1.7661226553e+00 1.3007917867e+00 3.7495153207e+00 5.3075522663e+00 7.2942882829e-02 3.6471441415e-02
3.2564305687e-01 1.8644233696e+00 1.3185360599e+00 3.4123772236e+00 4.5756469255e+00 6.9097008764e-02 3.4548504382e-02
3.5989015739e-01 1.9357932294e+00 1.3248560299e+00 3.3237355302e+00 4.2924723050e+00 6.6549503299e-02 3.3274751650e-02
3.9302378248e-01 1.9178082181e+00 1.3363405273e+00 3.4422237669e+00 4.4871845557e+00 6.7173597804e-02 3.3586798902e-02
4.2565624983e-01 1.8504761412e+00 1.3297333241e+00 3.8219309089e+00 5.1634425645e+00 6.9617800002e-02 3.4808900001e-02
4.6424670810e-01 1.8114426819e+00 1.3236009965e+00 4.3123697686e+00 5.9515680673e+00 7.1117943282e-02 3.5558971641e-02
4.9612940384e-01 1.8605850217e+00 1.3233057111e+00 4.1715945656e+00 5.6052189458e+00 6.9239554444e-02 3.4619777222e-02
5.3380100188e-01 1.9954046724e+00 1.3369088299e+00 3.8983518863e+00 4.8841620202e+00 6.4561379299e-02 3.2280689650e-02
5.6120616714e-01 2.0794715988e+00 1.3476032885e+00 3.7325713571e+00 4.4874036261e+00 6.1951352442e-02 3.0975676221e-02
5.9564968038e-01 2.0775888436e+00 1.3738552809e+00 3.8101242277e+00 4.5847909699e+00 6.2007494075e-02 3.1003747037e-02
6.2210753590e-01 2.0092719491e+00 1.3965499001e+00 4.1329194744e+00 5.1423097258e+00 6.4115799737e-02 3.2057899869e-02
6.6146902963e-01 1.9251407038e+00 1.4397160150e+00 4.5827328237e+00 5.9511660819e+00 6.6917746665e-02 3.3458873333e-02
6.8832581221e-01 1.9378762423e+00 1.4581733234e+00 4.5572128418e+00 5.8791329682e+00 6.6477969591e-02 3.3238984795e-02
7.2764609816e-01 2.0583666962e+00 1.5000333838e+00 4.2087009531e+00 5.1116996802e+00 6.2586553769e-02 3.1293276884e-02
7.5227172746e-01 2.1391515303e+00 1.5153035081e+00 3.9297570678e+00 4.5926585986e+00 6.0222979103e-02 3.0111489551e-02
7.8701760492e-01 2.1569499748e+00 1.5284198987e+00 3.9425824714e+00 4.5696266922e+00 5.9726038812e-02 2.9863019406e-02
8.1136388966e-01 2.1021618373e+00 1.5265954880e+00 4.2610163693e+00 5.0674218960e+00 6.1282664171e-02 3.0641332086e-02
8.4951448772e-01 2.0218293546e+00 1.5394610643e+00 4.8011157146e+00 5.9365985855e+00 6.3717582108e-02 3.1858791054e-02
8.7473315233e-01 2.0340459871e+00 1.5339524999e+00 5.0150657333e+00 6.1639040674e+00 6.3334889538e-02 3.1667444769e-02
9.1200276936e-01 2.1645309849e+00 1.5285867227e+00 4.6770745175e+00 5.4019491407e+00 5.9516855527e-02 2.9758427763e-02
9.3615655635e-01 2.2737443794e+00 1.5277318727e+00 4.3573270433e+00 4.7909156839e+00 5.6658118247e-02 2.8329059123e-02
9.6756772440e-01 2.3341461644e+00 1.5401942187e+00 4.3569503675e+00 4.6665354916e+00 5.5191949789e-02 2.7595974895e-02
9.9134878959e-01 2.2855662309e+00 1.5487672892e+00 4.6377811667e+00 5.0729017432e+00 5.6365060075e-02 2.8182530038e-02
1.0241716352e+00 2.1794717309e+00 1.5811056738e+00 5.1258784488e+00 5.8797257795e+00 5.9108854720e-02 2.9554427360e-02
1.0508403504e+00 2.1500236887e+00 1.6043898506e+00 5.4488018094e+00 6.3357462501e+00 5.9918445822e-02 2.9959222911e-02
1.0834094774e+00 2.2200493673e+00 1.6292726525e+00 5.0007225967e+00 5.6313191389e+00 5.8028474413e-02 2.9014237207e-02
1.1100335624e+00 2.3292543744e+00 1.6473985553e+00 4.5987721903e+00 4.9358844624e+00 5.5307861315e-02 2.7653930657e-02
1.1383388397e+00 2.3999333686e+00 1.6815605453e+00 4.4968128180e+00 4.6843100696e+00 5.3679022757e-02 2.6839511378e-02
1.1634716955e+00 2.3600207226e+00 1.6948126172e+00 4.6800073908e+00 4.9575914166e+00 5.4586841835e-02 2.7293420917e-02
1.1925712643e+00 2.2617795677e+00 1.6961949617e+00 5.1362805726e+00 5.6772559162e+00 5.6957839637e-02 2.8478919819e-02
1.2213045170e+00 2.2297997319e+00 1.7129220696e+00 5.6523449479e+00 6.3372787105e+00 5.7774730199e-02 2.8887365099e-02
1.2498308271e+00 2.3105924525e+00 1.7198716641e+00 5.3741195162e+00 5.8146553609e+00 5.5754565359e-02 2.7877282680e-02
1.2775896193e+00 2.4661104060e+00 1.7171673179e+00 5.0082996630e+00 5.0771243359e+00 5.2238568717e-02 2.6119284358e-02
1.3020933443e+00 2.5812762925e+00 1.7153100178e+00 4.8814327414e+00 4.7277317384e+00 4.9907899548e-02 2.4953949774e-02
1.3275128103e+00 2.5885161609e+00 1.7160358472e+00 5.0798249082e+00 4.9061166633e+00 4.9768311225e-02 2.4884155613e-02
1.3511959855e+00 2.5169149017e+00 1.7187737827e+00 5.6010839687e+00 5.5634419393e+00 5.1184121411e-02 2.5592060706e-02
1.3796493043e+00 2.4578994456e+00 1.7359706123e+00 6.2403767483e+00 6.3472661174e+00 5.2413079039e-02 2.6206539519e-02
1.4032936846e+00 2.4958352615e+00 1.7527039733e+00 6.0225066883e+00 6.0325562960e+00 5.1616418717e-02 2.5808209359e-02
1.4312801866e+00 2.6313867469e+00 1.7672099970e+00 5.4959805129e+00 5.2215628501e+00 4.8957485272e-02 2.4478742636e-02
1.4527767438e+00 2.7293253914e+00 1.7821683959e+00 5.1780266839e+00 4.7429547061e+00 4.7200703263e-02 2.3600351632e-02
1.4783195138e+00 2.7297728469e+00 1.8201728867e+00 5.2306941105e+00 4.7904115140e+00 4.7192966278e-02 2.3596483139e-02
1.4993154588e+00 2.6398212566e+00 1.8278950426e+00 5.6401910778e+00 5.3414516832e+00 4.8801060900e-02 2.4400530450e-02
1.5278416192e+00 2.5315755403e+00 1.8447485332e+00 6.2258643271e+00 6.1482110923e+00 5.0887708409e-02 2.5443854204e-02
1.5501849837e+00 2.5465599706e+00 1.8632510121e+00 6.2226301234e+00 6.1088588087e+00 5.0588275711e-02 2.5294137856e-02
1.5781372638e+00 2.6916316016e+00 1.8966634607e+00 5.7172715619e+00 5.3102285231e+00 4.7861705083e-02 2.3930852542e-02
1.5988059888e+00 2.8175765576e+00 1.8884584579e+00 5.3595266485e+00 4.7554401264e+00 4.5722299031e-02 2.2861149516e-02
1.6233924757e+00 2.8719780320e+00 1.8944033128e+00 5.4161460884e+00 4.7146479082e+00 4.4856219815e-02 2.2428109908e-02
1.6434692281e+00 2.8182604679e+00 1.8954863115e+00 5.8506190541e+00 5.1899204498e+00 4.5711203551e-02 2.2855601776e-02
1.6692987899e+00 2.7309280678e+00 1.8989825160e+00 6.5665288518e+00 6.0112612716e+00 4.7173002990e-02 2.3586501495e-02
1.6908540106e+00 2.7419284778e+00 1.8960941978e+00 6.8786896421e+00 6.2717624638e+00 4.6983748465e-02 2.3491874233e-02
1.7159083241e+00 2.8836189992e+00 1.8944928899e+00 6.3655804762e+00 5.5187426615e+00 4.4675138409e-02 2.2337569204e-02
1.7363722459e+00 3.0421046671e+00 1.8933304958e+00 5.9498193536e+00 4.8895583853e+00 4.2347680967e-02 2.1173840483e-02
1.7579309532e+00 3.1207682536e+00 1.9090169610e+00 5.9122460184e+00 4.7362103959e+00 4.1280244940e-02 2.0640122470e-02
1.7774804321e+00 3.0541308088e+00 1.9204150440e+00 6.2216608977e+00 5.0928245115e+00 4.2180930018e-02 2.1090465009e-02
1.8001059037e+00 2.9213203016e+00 1.9289633658e+00 6.8384670959e+00 5.8522058435e+00 4.4098580302e-02 2.2049290151e-02
1.8219420730e+00 2.8796646710e+00 1.9496006368e+00 7.3082573165e+00 6.3447121032e+00 4.4736485885e-02 2.2368242943e-02
1.8447709379e+00 2.9712091082e+00 1.9870022886e+00 6.7346388878e+00 5.6665810470e+00 4.3358132402e-02 2.1679066201e-02
1.8656206023e+00 3.1121773239e+00 1.9944794622e+00 6.1630105647e+00 4.9507225354e+00 4.1394195928e-02 2.0697097964e-02
1.8859432963e+00 3.1886936764e+00 1.9981461707e+00 5.9668185448e+00 4.6781057937e+00 4.0400894843e-02 2.0200447422e-02
1.9060843597e+00 3.1379769223e+00 2.0301274959e+00 6.1773129033e+00 4.9214135860e+00 4.1053864033e-02 2.0526932017e-02
1.9267382383e+00 3.0173714217e+00 2.0512204217e+00 6.7867609855e+00 5.6230738920e+00 4.2694802829e-02 2.1347401414e-02
1.9490624181e+00 2.9471058723e+00 2.0491560861e+00 7.4207555162e+00 6.2949515880e+00 4.3712741752e-02 2.1856370876e-02
1.9703769885e+00 3.0201726278e+00 2.0522850334e+00 7.0030398233e+00 5.7968870379e+00 4.2655203455e-02 2.1327601728e-02
1.9919684913e+00 3.2109609454e+00 2.0657840760e+00 6.4947014917e+00 5.0566649689e+00 4.0120724014e-02 2.0060362007e-02
2.0107463784e+00 3.3503245851e+00 2.0686984815e+00 6.2960435547e+00 4.6980847638e+00 3.8451820007e-02 1.9225910003e-02
2.0301064669e+00 3.3399589183e+00 2.0639928927e+00 6.4616364630e+00 4.8366137287e+00 3.8571156430e-02 1.9285578215e-02
2.0490547436e+00 3.2173367248e+00 2.0432390596e+00 7.0021237914e+00 5.4409317321e+00 4.0041216984e-02 2.0020608492e-02
2.0711322696e+00 3.0786358548e+00 2.0183616753e+00 7.5507804399e+00 6.1315959373e+00 4.1845182082e-02 2.0922591041e-02
2.0911525328e+00 2.9531281577e+00 1.9737660991e+00 6.7134869972e+00 5.6833691586e+00 4.3623598784e-02 2.1811799392e-02
2.1151664734e+00 2.6955166793e+00 1.8163235658e+00 4.9022545762e+00 4.5466743110e+00 4.7792721484e-02 2.3896360742e-02
2.1393305406e+00 2.3125755365e+00 1.5563063346e+00 3.3828459000e+00 3.6570112485e+00 5.5706754602e-02 2.7853377301e-02
2.1723856828e+00 1.7915906378e+00 1.1637046364e+00 2.2267740156e+00 3.1072583891e+00 7.1905978517e-02 3.5952989258e-02
2.2133278761e+00 1.3587902228e+00 7.3439543135e-01 1.6426446917e+00 3.0222558717e+00 9.4809394229e-02 4.7404697115e-02
2.2740220122e+00 1.0593107130e+00 3.1835866860e-01 1.3925254504e+00 3.2863951846e+00 1.2161311722e-01 6.0806558611e-02
2.3334545657e+00 9.7695350247e-01 1.1365984709e-01 1.2240422620e+00 3.1322940622e+00 1.3186510677e-01 6.5932553383e-02
2.4044356297e+00 1.0103102786e+00 2.6514241102e-02 9.9124094868e-01 2.4528131844e+00 1.2751139985e-01 6.3755699925e-02
2.4631273063e+00 1.0669719927e+00 4.1169126007e-03 8.9534238830e-01 2.0978582251e+00 1.2073988708e-01 6.0369943538e-02
2.5232663648e+00 1.0762237387e+00 -6.2586767146e-04 8.8742451672e-01 2.0614312916e+00 1.1970194791e-01 5.9850973954e-02
2.5810053118e+00 1.0222954042e+00 -4.7695808054e-03 9.5163910928e-01 2.3272116488e+00 1.2601648934e-01 6.3008244671e-02
2.6519219668e+00 9.5024189488e-01 -4.1188780387e-04 1.1058571960e+00 2.9094097037e+00 1.3557187765e-01 6.7785938824e-02
2.7166510588e+00 9.3296948687e-01 -2.9686873185e-04 1.1683274977e+00 3.1306691004e+00 1.3808176979e-01 6.9040884896e-02
2.7891499707e+00 9.7492821674e-01 1.7428429861e-02 9.8563697704e-01 2.5274603815e+00 1.3213903926e-01 6.6069519631e-02
2.8516249258e+00 1.0273642596e+00 2.5929731241e-02 8.6497639341e-01 2.1048434996e+00 1.2539474359e-01 6.2697371797e-02
2.9138681952e+00 1.0305768915e+00 5.2430948909e-02 8.2280620249e-01 1.9959845046e+00 1.2500384879e-01 6.2501924395e-02
2.9745611502e+00 9.6689202210e-01 7.1001542238e-02 8.4077452780e-01 2.1739100866e+00 1.3323729534e-01 6.6618647669e-02
3.0493102079e+00 8.7430954928e-01 1.0775991231e-01 9.3513971151e-01 2.6739377154e+00 1.4734607213e-01 7.3673036063e-02
3.1236052226e+00 8.2970060008e-01 1.3705621434e-01 1.0147196471e+00 3.0574873845e+00 1.5526815082e-01 7.7634075411e-02
3.2030970949e+00 8.4100202077e-01 1.7538232512e-01 8.4936931390e-01 2.5248729876e+00 1.5318165085e-01 7.6590825425e-02
3.2793091403e+00 8.7759943105e-01 2.1185900728e-01 7.1221416353e-01 2.0288702862e+00 1.4679371175e-01 7.3396855873e-02
3.3494927867e+00 8.8191766954e-01 2.3929480592e-01 6.5409426867e-01 1.8541817770e+00 1.4607494822e-01 7.3037474108e-02
3.4244925333e+00 8.2493654435e-01 2.7730986170e-01 6.4414625171e-01 1.9521084868e+00 1.5616483327e-01 7.8082416637e-02
3.5039793328e+00 7.4304322434e-01 3.0068985479e-01 7.0212595775e-01 2.3623321456e+00 1.7337629049e-01 8.6688145245e-02
3.6053873533e+00 6.8052822195e-01 3.6220112463e-01 7.7635461419e-01 2.8520294572e+00 1.8930306452e-01 9.4651532261e-02
3.6891127606e+00 6.7656817264e-01 3.8061273898e-01 6.6859182433e-01 2.4705264427e+00 1.9041108216e-01 9.5205541081e-02
3.7974584090e+00 7.0826930208e-01 4.4968676459e-01 5.4356906280e-01 1.9186524857e+00 1.8188855218e-01 9.0944276090e-02
3.8734155664e+00 7.1643242553e-01 4.6670880783e-01 4.8482792679e-01 1.6918131757e+00 1.7981609056e-01 8.9908045280e-02
3.9746972365e+00 6.7040247831e-01 5.2163944404e-01 4.6153995173e-01 1.7211300922e+00 1.9216229366e-01 9.6081146831e-02
4.0625905692e+00 6.0601276504e-01 5.5142882884e-01 4.9492959509e-01 2.0417457505e+00 2.1257980911e-01 1.0628990455e-01
4.2003291464e+00 5.3427366349e-01 6.3941157457e-01 5.4822848513e-01 2.5652980981e+00 2.4112376618e-01 1.2056188309e-01
4.2953396048e+00 5.2022756042e-01 6.3519032958e-01 4.9478358712e-01 2.3777267141e+00 2.4763408883e-01 1.2381704442e-01
4.4513190875e+00 5.3808120555e-01 7.4940063705e-01 3.8385681572e-01 1.7834520689e+00 2.3941753880e-01 1.1970876940e-01
4.5389065284e+00 5.4293445326e-01 7.5068195662e-01 3.2726288895e-01 1.5069171195e+00 2.3727740455e-01 1.1863870227e-01
4.6838838049e+00 5.0449086779e-01 8.2504882265e-01 2.9704904134e-01 1.4720238774e+00 2.5535859246e-01 1.2767929623e-01
4.7919640903e+00 4.5359917333e-01 8.7110659891e-01 3.0731699030e-01 1.6937695678e+00 2.8400862586e-01 1.4200431293e-01
4.9792129669e+00 3.8513482710e-01 9.5923360407e-01 3.3671767111e-01 2.1857129466e+00 3.3449604877e-01 1.6724802439e-01
5.1305561702e+00 3.6254261752e-01 1.0252870035e+00 3.1849491531e-01 2.1962584529e+00 3.5534050807e-01 1.7767025404e-01
5.3253320958e+00 3.5935467063e-01 1.1298959173e+00 2.2857249939e-01 1.5901595142e+00 3.5849284408e-01 1.7924642204e-01
5.5087876592e+00 3.5262435398e-01 1.1928630706e+00 1.7661448070e-01 1.2521432419e+00 3.6533516887e-01 1.8266758444e-01
5.6732400168e+00 3.2377562963e-01 1.2899281052e+00 1.4970714812e-01 1.1559482434e+00 3.9788688870e-01 1.9894344435e-01
5.9244342851e+00 2.5981709349e-01 1.4047586626e+00 1.2992471007e-01 1.2501555260e+00 4.9583372741e-01 2.4791686370e-01
6.1668694160e+00 2.1287055210e-01 1.5400225265e+00 1.2955775570e-01 1.5215556405e+00 6.0518506029e-01 3.0259253015e-01
6.5797939458e+00 1.7143908254e-01 1.7351897271e+00 1.1251081677e-01 1.6406821464e+00 7.5143938009e-01 3.7571969005e-01
6.9810918382e+00 1.4424454080e-01 1.9699358682e+00 6.6046440182e-02 1.1446956643e+00 8.9310886357e-01 4.4655443178e-01
7.2756257286e+00 1.2330656347e-01 1.9672287638e+00 4.1217448798e-02 8.3567021166e-01 1.0000000000e+00 5.2238126780e-01
8.1244189587e+00 7.4501356860e-02 2.1745364520e+00 2.7820095587e-02 9.3354325207e-01 1.0000000000e+00 8.6458880307e-01
9.1633241349e+00 5.2487852944e-02 3.0798452946e+00 2.3616406810e-02 1.1248510601e+00 1.0000000000e+00 1.2271989678e+00
