# x  rho  v  p  e  w  vol
-4.7763795802e-01 3.2345773431e+00 2.3586912387e+00 8.5563732149e+00 6.6132080851e+00 0.0000000000e+00 1.9913896662e-02
-4.5772406136e-01 3.3391637860e+00 2.3576604201e+00 8.5684737854e+00 6.4151343978e+00 0.0000000000e+00 1.9290170558e-02
-4.3905761690e-01 3.4027568920e+00 2.3572893183e+00 8.5772059127e+00 6.3016593493e+00 0.0000000000e+00 1.8929662329e-02
-4.1986473670e-01 3.3772245752e+00 2.3576696912e+00 8.5796922059e+00 6.3511413106e+00 0.0000000000e+00 1.9072773374e-02
-4.0091207015e-01 3.3871934192e+00 2.3597783345e+00 8.5713305093e+00 6.3262777236e+00 0.0000000000e+00 1.9016640322e-02
-3.8183145605e-01 3.3727360820e+00 2.3636408954e+00 8.5528589881e+00 6.3397037155e+00 0.0000000000e+00 1.9098155737e-02
-3.6271575868e-01 3.3649359894e+00 2.3686299852e+00 8.5296422069e+00 6.3371504196e+00 0.0000000000e+00 1.9142426232e-02
-3.4354660359e-01 3.3569436695e+00 2.3745739137e+00 8.5052756946e+00 6.3340917603e+00 0.0000000000e+00 1.9188001139e-02
-3.2433975640e-01 3.3504417472e+00 2.3806595560e+00 8.4876448540e+00 6.3332281938e+00 0.0000000000e+00 1.9225237690e-02
-3.0509612821e-01 3.3492068178e+00 2.3853618436e+00 8.4845192415e+00 6.3332303014e+00 0.0000000000e+00 1.9232326476e-02
-2.8587510345e-01 3.3536174054e+00 2.3878852205e+00 8.4985006572e+00 6.3353236445e+00 0.0000000000e+00 1.9207032636e-02
-2.6668206294e-01 3.3640101510e+00 2.3876089089e+00 8.5254521790e+00 6.3357806578e+00 0.0000000000e+00 1.9147694586e-02
-2.4757971428e-01 3.3751699335e+00 2.3866597899e+00 8.5546242566e+00 6.3364396646e+00 0.0000000000e+00 1.9084383964e-02
-2.2851329501e-01 3.3835765305e+00 2.3851808953e+00 8.5822345991e+00 6.3410968554e+00 0.0000000000e+00 1.9036968242e-02
-2.0950577780e-01 3.3901845476e+00 2.3832126999e+00 8.6096505155e+00 6.3489541606e+00 0.0000000000e+00 1.8999862117e-02
-1.9051357078e-01 3.3934886120e+00 2.3810113028e+00 8.6359753936e+00 6.3621661814e+00 0.0000000000e+00 1.8981362933e-02
-1.7154305193e-01 3.3985117899e+00 2.3788412441e+00 8.6601278483e+00 6.3705295021e+00 0.0000000000e+00 1.8953307488e-02
-1.5260695580e-01 3.4036114415e+00 2.3769248865e+00 8.6813891568e+00 6.3766012264e+00 0.0000000000e+00 1.8924909632e-02
-1.3369323266e-01 3.4088213429e+00 2.3754521774e+00 8.6992451118e+00 6.3799508956e+00 0.0000000000e+00 1.8895985584e-02
-1.1481498463e-01 3.4139236754e+00 2.3746054771e+00 8.7132770469e+00 6.3806911602e+00 0.0000000000e+00 1.8867744296e-02
-9.5957744072e-02 3.4184172301e+00 2.3745029868e+00 8.7222372136e+00 6.3788565194e+00 0.0000000000e+00 1.8842942397e-02
-7.7129099839e-02 3.4207645299e+00 2.3758773366e+00 8.7205397802e+00 6.3732388651e+00 0.0000000000e+00 1.8830012528e-02
-5.8297719015e-02 3.4175401410e+00 2.3798150605e+00 8.7039790005e+00 6.3671373570e+00 0.0000000000e+00 1.8847778313e-02
-3.9433543213e-02 3.4099717551e+00 2.3857617696e+00 8.6773453069e+00 6.3617428017e+00 0.0000000000e+00 1.8889610701e-02
-2.0518497614e-02 3.4000403679e+00 2.3928354246e+00 8.6465568116e+00 6.3576868772e+00 0.0000000000e+00 1.8944786528e-02
-1.5439701581e-03 3.3895822024e+00 2.4003376279e+00 8.6166823328e+00 6.3552687458e+00 0.0000000000e+00 1.9003238485e-02
1.7487979355e-02 3.3825015998e+00 2.4068517868e+00 8.5970184606e+00 6.3540387247e+00 0.0000000000e+00 1.9043018031e-02
3.6542065904e-02 3.3814008079e+00 2.4108717688e+00 8.5961304089e+00 6.3554506677e+00 0.0000000000e+00 1.9049217355e-02
5.5586414065e-02 3.3868239077e+00 2.4114208945e+00 8.6161245823e+00 6.3600328931e+00 0.0000000000e+00 1.9018715088e-02
7.4579496080e-02 3.3965642719e+00 2.4099789930e+00 8.6479237442e+00 6.3651995458e+00 0.0000000000e+00 1.8964174913e-02
9.3514763891e-02 3.4070843877e+00 2.4080715546e+00 8.6820534383e+00 6.3705887866e+00 0.0000000000e+00 1.8905618888e-02
1.1239073386e-01 3.4176230856e+00 2.4057479809e+00 8.7172502920e+00 6.3766908124e+00 0.0000000000e+00 1.8847320884e-02
1.3120940566e-01 3.4272324761e+00 2.4031355754e+00 8.7527086699e+00 6.3846767989e+00 0.0000000000e+00 1.8794476127e-02
1.4997968611e-01 3.4360813874e+00 2.4004904459e+00 8.7868855913e+00 6.3931005996e+00 0.0000000000e+00 1.8746074872e-02
1.6870155540e-01 3.4435572933e+00 2.3980721850e+00 8.8182386472e+00 6.4019833968e+00 0.0000000000e+00 1.8705377453e-02
1.8739044102e-01 3.4502667108e+00 2.3961025097e+00 8.8455983909e+00 6.4093584151e+00 0.0000000000e+00 1.8669002820e-02
2.0603956104e-01 3.4562409528e+00 2.3947742178e+00 8.8681239932e+00 6.4145730247e+00 0.0000000000e+00 1.8636732749e-02
2.2466390652e-01 3.4615432110e+00 2.3942438540e+00 8.8852087601e+00 6.4170864109e+00 0.0000000000e+00 1.8608185722e-02
2.4325593249e-01 3.4648567839e+00 2.3946763254e+00 8.8936717892e+00 6.4170558437e+00 0.0000000000e+00 1.8590390014e-02
2.6184468654e-01 3.4645160555e+00 2.3974524270e+00 8.8863182082e+00 6.4123805935e+00 0.0000000000e+00 1.8592218342e-02
2.8044036917e-01 3.4582526940e+00 2.4032377642e+00 8.8604278361e+00 6.4052779106e+00 0.0000000000e+00 1.8625891354e-02
2.9909646925e-01 3.4482459414e+00 2.4112674477e+00 8.8218182300e+00 6.3958737137e+00 0.0000000000e+00 1.8679943383e-02
3.1780025594e-01 3.4355507238e+00 2.4203520360e+00 8.7790458421e+00 6.3883832229e+00 0.0000000000e+00 1.8748970437e-02
3.3659441013e-01 3.4243648915e+00 2.4291075839e+00 8.7408347582e+00 6.3813546710e+00 0.0000000000e+00 1.8810214739e-02
3.5542068541e-01 3.4157443316e+00 2.4359172745e+00 8.7182523830e+00 6.3809316043e+00 0.0000000000e+00 1.8857687433e-02
3.7430978499e-01 3.4158572857e+00 2.4391015505e+00 8.7210743234e+00 6.3827859261e+00 0.0000000000e+00 1.8857063855e-02
3.9313481312e-01 3.4211336989e+00 2.4378484672e+00 8.7473924339e+00 6.3921737673e+00 0.0000000000e+00 1.8827980612e-02
4.1196574621e-01 3.4331576305e+00 2.4354123018e+00 8.7848505806e+00 6.3970632332e+00 0.0000000000e+00 1.8762039466e-02
4.3065889206e-01 3.4425800020e+00 2.4323370111e+00 8.8262826030e+00 6.4096423307e+00 0.0000000000e+00 1.8710687600e-02
4.4938712141e-01 3.4579398964e+00 2.4288152763e+00 8.8702609661e+00 6.4129664134e+00 0.0000000000e+00 1.8627576211e-02
4.6791404448e-01 3.4661575838e+00 2.4251602125e+00 8.9150456467e+00 6.4300637169e+00 0.0000000000e+00 1.8583413303e-02
4.8655394802e-01 3.4833923877e+00 2.4216265110e+00 8.9583950699e+00 6.4293611462e+00 0.0000000000e+00 1.8491468024e-02
5.0489698053e-01 3.4864485160e+00 2.4185997642e+00 8.9981910872e+00 6.4522615534e+00 0.0000000000e+00 1.8475258894e-02
5.2350446581e-01 3.5055724021e+00 2.4162503495e+00 9.0327475575e+00 6.4417066042e+00 0.0000000000e+00 1.8374471147e-02
5.4164592282e-01 3.4992873643e+00 2.4148743726e+00 9.0605845894e+00 6.4731641376e+00 0.0000000000e+00 1.8407473365e-02
5.6031941254e-01 3.5227295292e+00 2.4144988916e+00 9.0808748920e+00 6.4444877308e+00 0.0000000000e+00 1.8284979991e-02
5.7821588280e-01 3.5058129736e+00 2.4156377197e+00 9.0876671336e+00 6.4804277938e+00 0.0000000000e+00 1.8373210276e-02
5.9706583309e-01 3.5177543895e+00 2.4199881328e+00 9.0728625984e+00 6.4479079506e+00 0.0000000000e+00 1.8310840333e-02
6.1483756347e-01 3.6143701285e+00 2.4279308594e+00 9.0339464807e+00 6.2486312687e+00 0.0000000000e+00 1.7821373203e-02
6.3270857950e-01 3.6573806525e+00 2.4380569288e+00 8.9805095297e+00 6.1386210398e+00 0.0000000000e+00 1.7611795182e-02
6.5006115383e-01 3.4723776164e+00 2.4489142332e+00 8.9240628887e+00 6.4250377368e+00 0.0000000000e+00 1.8550125036e-02
6.6980882957e-01 3.5062021715e+00 2.4600894979e+00 8.8757378551e+00 6.3285981677e+00 0.0000000000e+00 1.8371170801e-02
6.8680349543e-01 3.8063442524e+00 2.4672856934e+00 8.8490281208e+00 5.8120256171e+00 0.0000000000e+00 1.6922546854e-02
7.0365392328e-01 3.3491037852e+00 2.4696950431e+00 8.8511659000e+00 6.6071152670e+00 0.0000000000e+00 1.9232918143e-02
7.2526933172e-01 2.8312458369e+00 2.4680802528e+00 8.8771085370e+00 7.8385179603e+00 0.0000000000e+00 2.2750775688e-02
7.4915547466e-01 2.9310403645e+00 2.4638260961e+00 8.9280405791e+00 7.6150781539e+00 0.0000000000e+00 2.1976169191e-02
7.6922167010e-01 3.6094552315e+00 2.4596898112e+00 8.9893604770e+00 6.2262584659e+00 0.0000000000e+00 1.7845640082e-02
7.8484675482e-01 4.1794536505e+00 2.4561624093e+00 9.0520154617e+00 5.4145925632e+00 0.0000000000e+00 1.5411832345e-02
8.0004533479e-01 4.2385160924e+00 2.4524082556e+00 9.1134940286e+00 5.3754036967e+00 0.0000000000e+00 1.5197073115e-02
8.1524090105e-01 3.7318315825e+00 2.4485946809e+00 9.1696175455e+00 6.1428398782e+00 0.0000000000e+00 1.7260435668e-02
8.3456620613e-01 2.9858401774e+00 2.4439226898e+00 9.2173797341e+00 7.7175762822e+00 0.0000000000e+00 2.1572835493e-02
8.5838657203e-01 2.8968182650e+00 2.4386854537e+00 9.2568982016e+00 7.9888496230e+00 0.0000000000e+00 2.2235788739e-02
8.7903778360e-01 3.5614863541e+00 2.4354968996e+00 9.2869098416e+00 6.5189845743e+00 0.0000000000e+00 1.8085999089e-02
8.9455857021e-01 4.2298785604e+00 2.4345901371e+00 9.3039755993e+00 5.4989614161e+00 0.0000000000e+00 1.5228105969e-02
9.0949399554e-01 4.3569215495e+00 2.4355049446e+00 9.3040465099e+00 5.3386585025e+00 0.0000000000e+00 1.4784071327e-02
9.2412671287e-01 3.9494464049e+00 2.4404072924e+00 9.2756745246e+00 5.8715029738e+00 0.0000000000e+00 1.6309384240e-02
9.4211276402e-01 3.1139284515e+00 2.4505557012e+00 9.2249618023e+00 7.4062088660e+00 0.0000000000e+00 2.0685458885e-02
9.6549763064e-01 2.8348058192e+00 2.4680473418e+00 9.1552290750e+00 8.0739472638e+00 0.0000000000e+00 2.2722204998e-02
9.8755717402e-01 3.3311690940e+00 2.4871257590e+00 9.0736679396e+00 6.8096722828e+00 0.0000000000e+00 1.9336466309e-02
1.0041705633e+00 4.0276801326e+00 2.4988840896e+00 9.0163546908e+00 5.5964937594e+00 0.0000000000e+00 1.5992590482e-02
1.0195423550e+00 4.2157109221e+00 2.5053981429e+00 8.9862227719e+00 5.3290079288e+00 0.0000000000e+00 1.5279282699e-02
1.0347291287e+00 3.9683802084e+00 2.5078185671e+00 8.9867166138e+00 5.6614513617e+00 0.0000000000e+00 1.6231569450e-02
1.0520054939e+00 3.2167209957e+00 2.5048103214e+00 9.0185831805e+00 7.0091431558e+00 0.0000000000e+00 2.0024440740e-02
1.0747780101e+00 2.8168433673e+00 2.4986202016e+00 9.0693912436e+00 8.0492505805e+00 0.0000000000e+00 2.2867099997e-02
1.0977396939e+00 3.1927876949e+00 2.4908468100e+00 9.1427507360e+00 7.1589090863e+00 0.0000000000e+00 2.0174544977e-02
1.1151271001e+00 3.9756396936e+00 2.4845629498e+00 9.2264856450e+00 5.8018874672e+00 0.0000000000e+00 1.6201930738e-02
1.1301435554e+00 4.3149073385e+00 2.4790814200e+00 9.3107098521e+00 5.3945016206e+00 0.0000000000e+00 1.4928023687e-02
1.1449831475e+00 4.1990635721e+00 2.4739634833e+00 9.3904769511e+00 5.5908161367e+00 0.0000000000e+00 1.5339858006e-02
1.1608232714e+00 3.5041105592e+00 2.4691525013e+00 9.4605235031e+00 6.7495897627e+00 0.0000000000e+00 1.8382136598e-02
1.1817474207e+00 2.9401656323e+00 2.4637705584e+00 9.5181630051e+00 8.0932200728e+00 0.0000000000e+00 2.1907962683e-02
1.2046391967e+00 3.1486594427e+00 2.4595711916e+00 9.5616643258e+00 7.5918533743e+00 0.0000000000e+00 2.0457289881e-02
1.2226620004e+00 3.9464335209e+00 2.4584295093e+00 9.5859933867e+00 6.0725673800e+00 0.0000000000e+00 1.6321835554e-02
1.2372828678e+00 4.4001848404e+00 2.4598382097e+00 9.5833860735e+00 5.4448769888e+00 0.0000000000e+00 1.4638712075e-02
1.2519394246e+00 4.3299626337e+00 2.4661394780e+00 9.5438434527e+00 5.5103497767e+00 0.0000000000e+00 1.4876118896e-02
1.2670351056e+00 3.7003909291e+00 2.4777270527e+00 9.4708872175e+00 6.3985720692e+00 0.0000000000e+00 1.7407090275e-02
1.2867536051e+00 2.9730832770e+00 2.4962516403e+00 9.3784349058e+00 7.8861185780e+00 0.0000000000e+00 2.1665400177e-02
1.3103659060e+00 2.9725244050e+00 2.5220306276e+00 9.2714998627e+00 7.7976650479e+00 0.0000000000e+00 2.1669473545e-02
1.3300925522e+00 3.6693855759e+00 2.5414680330e+00 9.1817467070e+00 6.2556431568e+00 0.0000000000e+00 1.7554175658e-02
1.3454742573e+00 4.2013117161e+00 2.5500850427e+00 9.1396052498e+00 5.4385426906e+00 0.0000000000e+00 1.5331649567e-02
1.3607558513e+00 4.2378045673e+00 2.5534326116e+00 9.1295852767e+00 5.3857989035e+00 0.0000000000e+00 1.5199624695e-02
1.3758735067e+00 3.7819600188e+00 2.5498683477e+00 9.1595314037e+00 6.0547516090e+00 0.0000000000e+00 1.7031655183e-02
1.3948191617e+00 3.0234319225e+00 2.5425867827e+00 9.2127421555e+00 7.6177853444e+00 0.0000000000e+00 2.1304610326e-02
1.4184827273e+00 2.9046519250e+00 2.5306838116e+00 9.2903814551e+00 7.9961228531e+00 0.0000000000e+00 2.2175820242e-02
1.4391708022e+00 3.5563769897e+00 2.5188962499e+00 9.3965027807e+00 6.6053899853e+00 0.0000000000e+00 1.8111982824e-02
1.4547066930e+00 4.2468077238e+00 2.5099240835e+00 9.5112784571e+00 5.5990752794e+00 0.0000000000e+00 1.5167401762e-02
1.4695056057e+00 4.4198586412e+00 2.5019504595e+00 9.6231321494e+00 5.4431221282e+00 0.0000000000e+00 1.4573551822e-02
1.4838537966e+00 4.1053232434e+00 2.4953138358e+00 9.7240084245e+00 5.9215851274e+00 0.0000000000e+00 1.5690125999e-02
1.5008858577e+00 3.2958615939e+00 2.4890593655e+00 9.8085469072e+00 7.4400476384e+00 0.0000000000e+00 1.9543611623e-02
1.5229410199e+00 2.9957080977e+00 2.4831216552e+00 9.8729048680e+00 8.2392080152e+00 0.0000000000e+00 2.1501774156e-02
1.5438894060e+00 3.5170636807e+00 2.4806121681e+00 9.9121870463e+00 7.0457830353e+00 0.0000000000e+00 1.8314436360e-02
1.5595698926e+00 4.2832980467e+00 2.4817189082e+00 9.9131463545e+00 5.7859307515e+00 0.0000000000e+00 1.5038187456e-02
1.5739657809e+00 4.5066052947e+00 2.4886231907e+00 9.8645230529e+00 5.4722581677e+00 0.0000000000e+00 1.4293028731e-02
1.5881559501e+00 4.2576818607e+00 2.5020153213e+00 9.7662256409e+00 5.7344735706e+00 0.0000000000e+00 1.5128664156e-02
1.6042231092e+00 3.4255214077e+00 2.5214211054e+00 9.6425112792e+00 7.0372580781e+00 0.0000000000e+00 1.8803864080e-02
1.6257636782e+00 2.9231406804e+00 2.5503910393e+00 9.5045214463e+00 8.1286897258e+00 0.0000000000e+00 2.2035559009e-02
1.6482942273e+00 3.2218293004e+00 2.5809326656e+00 9.3715378318e+00 7.2719074772e+00 0.0000000000e+00 1.9992691403e-02
1.6657490610e+00 3.9671575870e+00 2.5975346485e+00 9.2925099103e+00 5.8558991586e+00 0.0000000000e+00 1.6236571788e-02
1.6807673708e+00 4.2965853164e+00 2.6046291234e+00 9.2595726256e+00 5.3877509369e+00 0.0000000000e+00 1.4991681582e-02
1.6957324242e+00 4.1863074004e+00 2.6032156056e+00 9.2694908433e+00 5.5356009227e+00 0.0000000000e+00 1.5386600360e-02
1.7115405716e+00 3.5167100654e+00 2.5958949883e+00 9.3250994033e+00 6.6291357760e+00 0.0000000000e+00 1.8316277929e-02
1.7323649801e+00 2.9307551413e+00 2.5821748384e+00 9.4068563901e+00 8.0242599061e+00 0.0000000000e+00 2.1978307927e-02
1.7554971874e+00 3.1156157648e+00 2.5632952414e+00 9.5301726008e+00 7.6471019859e+00 0.0000000000e+00 2.0674256333e-02
1.7737134927e+00 3.9354310797e+00 2.5472068392e+00 9.6870194664e+00 6.1537219623e+00 0.0000000000e+00 1.6367467159e-02
1.7882321217e+00 4.4568208870e+00 2.5347872661e+00 9.8487084382e+00 5.5245143836e+00 0.0000000000e+00 1.4452687372e-02
1.8026188675e+00 4.4785543728e+00 2.5241049902e+00 9.9999728428e+00 5.5821432600e+00 0.0000000000e+00 1.4382551509e-02
1.8169972248e+00 3.9229883823e+00 2.5157068509e+00 1.0130545873e+01 6.4558857215e+00 0.0000000000e+00 1.6419380502e-02
1.8354576285e+00 3.1859669663e+00 2.5080107811e+00 1.0235579663e+01 8.0317685114e+00 0.0000000000e+00 2.0217735977e-02
1.8574326967e+00 3.1929800737e+00 2.5029553334e+00 1.0308817666e+01 8.0714704042e+00 0.0000000000e+00 2.0173329450e-02
1.8758042874e+00 3.9566548249e+00 2.5030449629e+00 1.0334938027e+01 6.5300983305e+00 0.0000000000e+00 1.6279671036e-02
1.8899920388e+00 4.5482602963e+00 2.5100643684e+00 1.0290859918e+01 5.6564814061e+00 0.0000000000e+00 1.4162126782e-02
1.9041285409e+00 4.5902413269e+00 2.5255500776e+00 1.0178582689e+01 5.5435988896e+00 0.0000000000e+00 1.4032604033e-02
1.9180572468e+00 4.0840958837e+00 2.5471960534e+00 1.0024988775e+01 6.1366022374e+00 0.0000000000e+00 1.5771676471e-02
1.9356718939e+00 3.2170290716e+00 2.5767426467e+00 9.8578355127e+00 7.6606671042e+00 0.0000000000e+00 2.0022523117e-02
1.9581022931e+00 3.0016145611e+00 2.6175872549e+00 9.6833748058e+00 8.0651384519e+00 0.0000000000e+00 2.1459463780e-02
1.9785908214e+00 3.5658471987e+00 2.6508348676e+00 9.5418442820e+00 6.6897456272e+00 0.0000000000e+00 1.8063880858e-02
1.9942300548e+00 4.2029918887e+00 2.6672888969e+00 9.4612151458e+00 5.6276667885e+00 0.0000000000e+00 1.5325520644e-02
2.0092418627e+00 4.3560667655e+00 2.6767055966e+00 9.4239187228e+00 5.4085022281e+00 0.0000000000e+00 1.4786972382e-02
2.0238039996e+00 4.0606389374e+00 2.6725189507e+00 9.4570389480e+00 5.8223835545e+00 0.0000000000e+00 1.5862784145e-02
2.0409674310e+00 3.2732282422e+00 2.6610436123e+00 9.5377987222e+00 7.2847033697e+00 0.0000000000e+00 1.9678749598e-02
2.0631614988e+00 2.9568007097e+00 2.6390993352e+00 9.6649927024e+00 8.1718330480e+00 0.0000000000e+00 2.1784707621e-02
2.0845368463e+00 3.4644722789e+00 2.6120703912e+00 9.8586307270e+00 7.1140926622e+00 0.0000000000e+00 1.8592453271e-02
2.1003464053e+00 4.2935758844e+00 2.5900510537e+00 1.0093380987e+01 5.8770249198e+00 0.0000000000e+00 1.5002189478e-02
2.1145412252e+00 4.6316587201e+00 2.5710465286e+00 1.0324663999e+01 5.5728760598e+00 0.0000000000e+00 1.3907121152e-02
2.1281606476e+00 4.5100642054e+00 2.5554719204e+00 1.0530709907e+01 5.8373392413e+00 0.0000000000e+00 1.4282066955e-02
2.1431053591e+00 3.7271533032e+00 2.5424156258e+00 1.0696010591e+01 7.1743833166e+00 0.0000000000e+00 1.7282100766e-02
2.1627248491e+00 3.2134959587e+00 2.5306135631e+00 1.0814652224e+01 8.4134633768e+00 0.0000000000e+00 2.0044537096e-02
2.1831944333e+00 3.5541978318e+00 2.5251804751e+00 1.0875951454e+01 7.6500746218e+00 0.0000000000e+00 1.8123087685e-02
2.1989710245e+00 4.3959128000e+00 2.5271338299e+00 1.0857260515e+01 6.1746336935e+00 0.0000000000e+00 1.4652938283e-02
2.2125003099e+00 4.7677364958e+00 2.5381207847e+00 1.0739997646e+01 5.6316019436e+00 0.0000000000e+00 1.3510192732e-02
2.2259914100e+00 4.6134747516e+00 2.5592905031e+00 1.0551084641e+01 5.7175367856e+00 0.0000000000e+00 1.3961935942e-02
2.2404241818e+00 3.8517458809e+00 2.5879498993e+00 1.0340619548e+01 6.7116444513e+00 0.0000000000e+00 1.6723075963e-02
2.2594375619e+00 3.1115366136e+00 2.6229652375e+00 1.0086998873e+01 8.1045156505e+00 0.0000000000e+00 2.0701359796e-02
2.2818269014e+00 3.2068049025e+00 2.6735622392e+00 9.8567080114e+00 7.6842124101e+00 0.0000000000e+00 2.0086360385e-02
2.2996102827e+00 3.9090988365e+00 2.7218768708e+00 9.7282286741e+00 6.2215289770e+00 0.0000000000e+00 1.6477720735e-02
2.3147823428e+00 4.2758392564e+00 2.7186352346e+00 9.3505259706e+00 5.4670705620e+00 0.0000000000e+00 1.5064420127e-02
2.3297391229e+00 4.3002312170e+00 2.7481458397e+00 9.2949693782e+00 5.4037613962e+00 0.0000000000e+00 1.4978971061e-02
2.3447402849e+00 3.8139339162e+00 2.7590692272e+00 9.6333642513e+00 6.3145851915e+00 0.0000000000e+00 1.6888871273e-02
2.3635168655e+00 2.7150221504e+00 2.6724051040e+00 8.7422538247e+00 8.0498918059e+00 0.0000000000e+00 2.3724682668e-02
2.3921896503e+00 2.0131176773e+00 2.1394395865e+00 5.7998854526e+00 7.2026160195e+00 0.0000000000e+00 3.1996658557e-02
2.4275101826e+00 1.6257738783e+00 1.1842227860e+00 2.8221200459e+00 4.3396564607e+00 0.0000000000e+00 3.9619924895e-02
2.4714295001e+00 1.3854806303e+00 3.8174526659e-01 1.4263404876e+00 2.5737286694e+00 0.0000000000e+00 4.6491475627e-02
2.5204931338e+00 1.2349660771e+00 7.6777956273e-02 1.0799171492e+00 2.1861271520e+00 0.0000000000e+00 5.2157739511e-02
2.5757449791e+00 1.0789015739e+00 6.4292784523e-03 1.0207028511e+00 2.3651435768e+00 0.0000000000e+00 5.9702423752e-02
2.6398979813e+00 8.7996228315e-01 -7.9870379456e-03 1.0133334293e+00 2.8789115416e+00 0.0000000000e+00 7.3199772522e-02
2.7221445241e+00 8.3653622052e-01 -1.3224329895e-02 1.0147823703e+00 3.0326910700e+00 0.0000000000e+00 7.6999701118e-02
2.7938973836e+00 9.9148590868e-01 -1.6633819690e-02 1.0180203338e+00 2.5669057042e+00 0.0000000000e+00 6.4966166831e-02
2.8520768578e+00 1.1644151213e+00 -1.9400016998e-02 1.0217631767e+00 2.1937261849e+00 0.0000000000e+00 5.5317934108e-02
2.9045332518e+00 1.2093370989e+00 -2.1889271652e-02 1.0254781542e+00 2.1199179186e+00 0.0000000000e+00 5.3263096795e-02
2.9586030514e+00 1.1222964745e+00 -2.4383419356e-02 1.0289569389e+00 2.2920791482e+00 0.0000000000e+00 5.7393959992e-02
3.0193211718e+00 9.2722875457e-01 -2.7009901156e-02 1.0321732963e+00 2.7829521334e+00 0.0000000000e+00 6.9468336305e-02
3.0975397240e+00 8.3947233053e-01 -3.0120606295e-02 1.0351827719e+00 3.0828376776e+00 0.0000000000e+00 7.6730389570e-02
3.1727819509e+00 9.6120231404e-01 -3.2736503532e-02 1.0379518566e+00 2.6996185961e+00 0.0000000000e+00 6.7012987811e-02
3.2315656996e+00 1.1549269776e+00 -3.4397022496e-02 1.0402510159e+00 2.2517679388e+00 0.0000000000e+00 5.5772390986e-02
3.2843267329e+00 1.2243428308e+00 -3.5521861173e-02 1.0420185742e+00 2.1277099601e+00 0.0000000000e+00 5.2610296181e-02
3.3367862920e+00 1.1646356381e+00 -3.6299013417e-02 1.0433132871e+00 2.2395701560e+00 0.0000000000e+00 5.5307459986e-02
3.3949416529e+00 9.7702492534e-01 -3.6847703400e-02 1.0442444647e+00 2.6720005744e+00 0.0000000000e+00 6.5927733555e-02
3.4686417591e+00 8.4672429077e-01 -3.7229256116e-02 1.0448786346e+00 3.0850615897e+00 0.0000000000e+00 7.6073214925e-02
3.5470880827e+00 9.2554246094e-01 -3.7367998188e-02 1.0451904889e+00 2.8231835193e+00 0.0000000000e+00 6.9594904257e-02
3.6078315676e+00 1.1261099789e+00 -3.7342442916e-02 1.0451851156e+00 2.3203442275e+00 0.0000000000e+00 5.7199598764e-02
3.6614872802e+00 1.2253006285e+00 -3.7213684161e-02 1.0449837059e+00 2.1320965680e+00 0.0000000000e+00 5.2569171561e-02
3.7129699107e+00 1.1892204271e+00 -3.7012324837e-02 1.0446754626e+00 2.1961350453e+00 0.0000000000e+00 5.4164087236e-02
3.7698154547e+00 1.0218818841e+00 -3.6861557596e-02 1.0444082288e+00 2.5551099523e+00 0.0000000000e+00 6.3033741921e-02
3.8390373946e+00 8.5807514495e-01 -3.6823482512e-02 1.0442843616e+00 3.0425201327e+00 0.0000000000e+00 7.5066897502e-02
3.9199492497e+00 8.9097880056e-01 -3.6869166859e-02 1.0442901305e+00 2.9301767052e+00 0.0000000000e+00 7.2294693111e-02
3.9836267808e+00 1.0873760732e+00 -3.6865220872e-02 1.0442795324e+00 2.4009162011e+00 0.0000000000e+00 5.9237131054e-02
4.0384235118e+00 1.2149525090e+00 -3.6751864766e-02 1.0441563033e+00 2.1485537409e+00 0.0000000000e+00 5.3016919161e-02
4.0896606191e+00 1.2077228103e+00 -3.6649421454e-02 1.0440964815e+00 2.1612916320e+00 0.0000000000e+00 5.3334290289e-02
4.1450920924e+00 1.0652094595e+00 -3.6555869281e-02 1.0440667221e+00 2.4503789203e+00 0.0000000000e+00 6.0469833780e-02
4.2106002867e+00 8.7804829913e-01 -3.6373902626e-02 1.0440095712e+00 2.9725288810e+00 0.0000000000e+00 7.3359334581e-02
4.2918107616e+00 8.6672778330e-01 -3.6182274021e-02 1.0439512826e+00 3.0111855842e+00 0.0000000000e+00 7.4317496445e-02
4.3592352796e+00 1.0438900971e+00 -3.6059838822e-02 1.0438587271e+00 2.4999248723e+00 0.0000000000e+00 6.1704808900e-02
4.4152203794e+00 1.1976647421e+00 -3.6005520625e-02 1.0437943566e+00 2.1788116487e+00 0.0000000000e+00 5.3782195207e-02
4.4667996700e+00 1.2222999688e+00 -3.6012770037e-02 1.0437172787e+00 2.1347404593e+00 0.0000000000e+00 5.2698225147e-02
4.5206168296e+00 1.1059073820e+00 -3.6037024897e-02 1.0436037853e+00 2.3591572909e+00 0.0000000000e+00 5.8244514871e-02
4.5832886997e+00 9.0521070347e-01 -3.6081190709e-02 1.0434915975e+00 2.8819025049e+00 0.0000000000e+00 7.1158061552e-02
4.6629329527e+00 8.5212961513e-01 -3.6137746980e-02 1.0433933279e+00 3.0611344487e+00 0.0000000000e+00 7.5590658758e-02
4.7344700172e+00 9.9684495998e-01 -3.6171851554e-02 1.0433284711e+00 2.6165765816e+00 0.0000000000e+00 6.4616907885e-02
4.7921667685e+00 1.1795447905e+00 -3.6174880202e-02 1.0432822623e+00 2.2111967911e+00 0.0000000000e+00 5.4608387469e-02
4.8436867922e+00 1.2138552916e+00 -3.6158250000e-02 1.0432563983e+00 2.1486424403e+00 0.0000000000e+00 5.3064841751e-02
4.8982964520e+00 1.1795173077e+00 -3.6030213569e-02 1.0432976290e+00 2.2112808821e+00 0.0000000000e+00 5.4609659846e-02
