# x  rho  v  p  e  w  vol
-4.9558217976e-01 6.4278001899e-02 -3.7761384127e+00 1.4849784902e-02 5.7756092532e-01 1.0000000000e-01 7.7787109933e-02
-4.5553488856e-01 8.3557699300e-02 -3.4649966269e+00 1.8596248993e-02 5.5638945151e-01 1.0000000000e-01 5.9838890275e-02
-3.8966351068e-01 1.4946794964e-01 -3.0599122812e+00 2.5791178336e-02 4.3138308912e-01 6.6903975227e-02 3.3451987613e-02
-3.6501506436e-01 2.1262907010e-01 -2.9885002442e+00 3.8001919970e-02 4.4681002405e-01 4.7030257882e-02 2.3515128941e-02
-3.4655851675e-01 2.7280459112e-01 -2.8744409651e+00 5.6388473627e-02 5.1674784316e-01 3.6656274584e-02 1.8328137292e-02
-3.2726871169e-01 3.3301931660e-01 -2.7637374490e+00 7.8585436807e-02 5.8994653531e-01 3.0028288155e-02 1.5014144077e-02
-3.1498483467e-01 3.6921935898e-01 -2.6877007937e+00 9.6463372825e-02 6.5315760454e-01 2.7084170309e-02 1.3542085154e-02
-3.0030129468e-01 4.1442495855e-01 -2.6080525526e+00 1.1505813719e-01 6.9408305905e-01 2.4129820837e-02 1.2064910418e-02
-2.9002859084e-01 4.4977834966e-01 -2.5618299907e+00 1.3033441664e-01 7.2443691845e-01 2.2233173312e-02 1.1116586656e-02
-2.7867113666e-01 4.9188886662e-01 -2.4895506217e+00 1.4744932412e-01 7.4940364647e-01 2.0329795363e-02 1.0164897682e-02
-2.6899606211e-01 5.3151078432e-01 -2.4495112349e+00 1.6433857244e-01 7.7297854198e-01 1.8814293698e-02 9.4071468492e-03
-2.6013009302e-01 5.6973321050e-01 -2.3971754288e+00 1.8149769841e-01 7.9641530046e-01 1.7552074928e-02 8.7760374642e-03
-2.5128529566e-01 6.0976341950e-01 -2.3519933566e+00 1.9936573314e-01 8.1738969067e-01 1.6399803072e-02 8.1999015358e-03
-2.4361072227e-01 6.4627948823e-01 -2.3161281095e+00 2.1666681417e-01 8.3813125015e-01 1.5473181777e-02 7.7365908884e-03
-2.3593030385e-01 6.8403222793e-01 -2.2711793094e+00 2.3456302487e-01 8.5728060495e-01 1.4619194230e-02 7.3095971152e-03
-2.2881048157e-01 7.2082520144e-01 -2.2392819388e+00 2.5246244822e-01 8.7560218383e-01 1.3872988874e-02 6.9364944372e-03
-2.2211618724e-01 7.5649251407e-01 -2.2034349622e+00 2.7031089286e-01 8.9330326419e-01 1.3218901462e-02 6.6094507308e-03
-2.1556196137e-01 7.9245915279e-01 -2.1689361423e+00 2.8842548811e-01 9.0990648254e-01 1.2618946939e-02 6.3094734693e-03
-2.0944018822e-01 8.2767600270e-01 -2.1406810579e+00 3.0665387940e-01 9.2624975957e-01 1.2082022394e-02 6.0410111972e-03
-2.0351354827e-01 8.6301795989e-01 -2.1083829378e+00 3.2516508412e-01 9.4194182286e-01 1.1587244374e-02 5.7936221868e-03
-1.9781208789e-01 8.9878915961e-01 -2.0791244978e+00 3.4409030978e-01 9.5709406957e-01 1.1126079897e-02 5.5630399483e-03
-1.9236995382e-01 9.3410134763e-01 -2.0517209224e+00 3.6301776152e-01 9.7156952627e-01 1.0705476473e-02 5.3527382363e-03
-1.8709937446e-01 9.6629923073e-01 -2.0252069777e+00 3.8044237940e-01 9.8427683501e-01 1.0348761214e-02 5.1743806069e-03
-1.8199616030e-01 9.9179751992e-01 -2.0054912216e+00 3.9445823247e-01 9.9430131794e-01 1.0082703172e-02 5.0413515859e-03
-1.7700650869e-01 1.0081604108e+00 -1.9934794853e+00 4.0368293581e-01 1.0010384545e+00 9.9190564251e-03 4.9595282125e-03
-1.7206931534e-01 1.0153887926e+00 -1.9884183471e+00 4.0799199256e-01 1.0045216067e+00 9.8484443323e-03 4.9242221662e-03
-1.6714719812e-01 1.0163555604e+00 -1.9878454014e+00 4.0883402486e-01 1.0056373006e+00 9.8390763919e-03 4.9195381960e-03
-1.6222173516e-01 1.0145670175e+00 -1.9887797515e+00 4.0804930282e-01 1.0054764638e+00 9.8564213375e-03 4.9282106688e-03
-1.5728693548e-01 1.0121534763e+00 -1.9902562843e+00 4.0680257967e-01 1.0047947006e+00 9.8799245709e-03 4.9399622854e-03
-1.5234120555e-01 1.0098475842e+00 -1.9918796658e+00 4.0554361484e-01 1.0039723350e+00 9.9024844505e-03 4.9512422252e-03
-1.4738481559e-01 1.0077674144e+00 -1.9934643097e+00 4.0438374402e-01 1.0031673436e+00 9.9229245328e-03 4.9614622664e-03
-1.4241870806e-01 1.0059295159e+00 -1.9949226626e+00 4.0335447743e-01 1.0024421966e+00 9.9410543600e-03 4.9705271800e-03
-1.3744415000e-01 1.0043682634e+00 -1.9961936535e+00 4.0247958606e-01 1.0018227395e+00 9.9565073533e-03 4.9782536766e-03
-1.3246260291e-01 1.0031085789e+00 -1.9972426706e+00 4.0177212570e-01 1.0013176394e+00 9.9690105442e-03 4.9845052721e-03
-1.2747555853e-01 1.0021429204e+00 -1.9980653721e+00 4.0122748686e-01 1.0009238171e+00 9.9786166187e-03 4.9893083094e-03
-1.2248438558e-01 1.0014353282e+00 -1.9986818718e+00 4.0082625288e-01 1.0006294006e+00 9.9856672902e-03 4.9928336451e-03
-1.1749023631e-01 1.0009364497e+00 -1.9991258306e+00 4.0054175819e-01 1.0004175548e+00 9.9906442643e-03 4.9953221322e-03
-1.1249401716e-01 1.0005962845e+00 -1.9994345616e+00 4.0034668138e-01 1.0002702578e+00 9.9940407081e-03 4.9970203541e-03
-1.0749640359e-01 1.0003711504e+00 -1.9996426696e+00 4.0021686286e-01 1.0001709433e+00 9.9962898729e-03 4.9981449364e-03
-1.0249787714e-01 1.0002261406e+00 -1.9997790480e+00 4.0013279368e-01 1.0001058197e+00 9.9977391050e-03 4.9988695525e-03
-9.7498768433e-02 1.0001350485e+00 -1.9998661415e+00 4.0007969928e-01 1.0000641910e+00 9.9986496970e-03 4.9993248485e-03
-9.2499297181e-02 1.0000791387e+00 -1.9999204515e+00 4.0004693701e-01 1.0000382008e+00 9.9992086752e-03 4.9996043376e-03
-8.7499605167e-02 1.0000455555e+00 -1.9999535784e+00 4.0002715313e-01 1.0000223263e+00 9.9995444655e-03 4.9997722328e-03
-8.2499781490e-02 1.0000257858e+00 -1.9999733733e+00 4.0001544543e-01 1.0000128274e+00 9.9997421487e-03 4.9998710744e-03
-7.7499880807e-02 1.0000143665e+00 -1.9999849775e+00 4.0000864766e-01 1.0000072526e+00 9.9998563374e-03 4.9999281687e-03
-7.2499935906e-02 1.0000078891e+00 -1.9999916613e+00 4.0000477202e-01 1.0000040409e+00 9.9999211092e-03 4.9999605546e-03
-6.7499966070e-02 1.0000042817e+00 -1.9999954526e+00 4.0000260273e-01 1.0000022251e+00 9.9999571832e-03 4.9999785916e-03
-6.2499982440e-02 1.0000023157e+00 -1.9999975818e+00 4.0000141483e-01 1.0000012213e+00 9.9999768426e-03 4.9999884213e-03
-5.7499991383e-02 1.0000012834e+00 -1.9999987849e+00 4.0000078829e-01 1.0000006873e+00 9.9999871658e-03 4.9999935829e-03
-5.2499996555e-02 1.0000007947e+00 -1.9999995039e+00 4.0000049051e-01 1.0000004316e+00 9.9999920532e-03 4.9999960266e-03
-4.7500000172e-02 1.0000006574e+00 -2.0000000183e+00 4.0000040641e-01 1.0000003587e+00 9.9999934264e-03 4.9999967132e-03
-4.2500003839e-02 1.0000008147e+00 -2.0000005359e+00 4.0000050181e-01 1.0000004398e+00 9.9999918528e-03 4.9999959264e-03
-3.7500009161e-02 1.0000013256e+00 -2.0000012634e+00 4.0000081176e-01 1.0000007038e+00 9.9999867437e-03 4.9999933719e-03
-3.2500018368e-02 1.0000023823e+00 -2.0000024764e+00 4.0000145080e-01 1.0000012447e+00 9.9999761768e-03 4.9999880884e-03
-2.7500035107e-02 1.0000043690e+00 -2.0000046052e+00 4.0000264712e-01 1.0000022488e+00 9.9999563104e-03 4.9999781552e-03
-2.2500065675e-02 1.0000079734e+00 -2.0000083572e+00 4.0000480725e-01 1.0000040447e+00 9.9999202669e-03 4.9999601335e-03
-1.7500120966e-02 1.0000143727e+00 -2.0000148986e+00 4.0000862317e-01 1.0000071851e+00 9.9998562753e-03 4.9999281376e-03
-1.2500219597e-02 1.0000255232e+00 -2.0000261215e+00 4.0001523803e-01 1.0000125715e+00 9.9997447743e-03 4.9998723871e-03
-7.5003928103e-03 1.0000445903e+00 -2.0000450253e+00 4.0002649001e-01 1.0000216337e+00 9.9995541165e-03 4.9997770583e-03
-2.5006919237e-03 1.0000765545e+00 -2.0000762348e+00 4.0004525293e-01 1.0000365751e+00 9.9992345141e-03 4.9996172570e-03
2.4988007219e-03 1.0001290158e+00 -2.0001266595e+00 4.0007588374e-01 1.0000606858e+00 9.9987100088e-03 4.9993550044e-03
7.4979563706e-03 1.0002131834e+00 -2.0002062542e+00 4.0012476462e-01 1.0000987071e+00 9.9978686205e-03 4.9989343103e-03
1.2496579289e-02 1.0003449645e+00 -2.0003287701e+00 4.0020088452e-01 1.0001571926e+00 9.9965515449e-03 4.9982757725e-03
1.7494381109e-02 1.0005459394e+00 -2.0005122554e+00 4.0031632743e-01 1.0002447456e+00 9.9945435847e-03 4.9972717924e-03
2.2490951938e-02 1.0008437509e+00 -2.0007788692e+00 4.0048639605e-01 1.0003719254e+00 9.9915696040e-03 4.9957848020e-03
2.7485733424e-02 1.0012709381e+00 -2.0011532993e+00 4.0072887205e-01 1.0005505423e+00 9.9873067512e-03 4.9936533756e-03
3.2478003791e-02 1.0018606799e+00 -2.0016589650e+00 4.0106171229e-01 1.0007921269e+00 9.9814277578e-03 4.9907138789e-03
3.7466889306e-02 1.0026385015e+00 -2.0023118554e+00 4.0149886973e-01 1.0011057553e+00 9.9736844189e-03 4.9868422095e-03
4.2451414925e-02 1.0036132089e+00 -2.0031139461e+00 4.0204587162e-01 1.0014960645e+00 9.9639979934e-03 4.9819989967e-03
4.7430587650e-02 1.0047784248e+00 -2.0040507131e+00 4.0269984327e-01 1.0019618090e+00 9.9524429992e-03 4.9762214996e-03
5.2403470645e-02 1.0061364571e+00 -2.0050951529e+00 4.0345711015e-01 1.0024910321e+00 9.9390096931e-03 4.9695048466e-03
5.7369227459e-02 1.0077174241e+00 -2.0062029249e+00 4.0431273511e-01 1.0030409454e+00 9.9234167837e-03 4.9617083919e-03
6.2327418124e-02 1.0094506266e+00 -2.0072378955e+00 4.0518467518e-01 1.0034781902e+00 9.9063785152e-03 4.9531892576e-03
6.7279112812e-02 1.0106765969e+00 -2.0078739350e+00 4.0566874531e-01 1.0034583431e+00 9.8943618867e-03 4.9471809433e-03
7.2229604980e-02 1.0094222833e+00 -2.0071064996e+00 4.0468925417e-01 1.0022793752e+00 9.9066566742e-03 4.9533283371e-03
7.7195868695e-02 1.0024463920e+00 -2.0021523013e+00 4.0054355705e-01 9.9891515458e-01 9.9755957823e-03 4.9877978912e-03
8.2211865601e-02 9.8711204872e-01 -1.9909926394e+00 3.9189849734e-01 9.9253802506e-01 1.0130562192e-02 5.0652810960e-03
8.7338058726e-02 9.6321188569e-01 -1.9722783258e+00 3.7875834836e-01 9.8306082490e-01 1.0381931690e-02 5.1909658449e-03
9.2617516603e-02 9.3260698581e-01 -1.9470728204e+00 3.6218613355e-01 9.7089700984e-01 1.0722630381e-02 5.3613151907e-03
9.8062880789e-02 8.9850783509e-01 -1.9210286757e+00 3.4390709833e-01 9.5688397169e-01 1.1129563493e-02 5.5647817467e-03
1.0377335541e-01 8.6344507433e-01 -1.8915940294e+00 3.2536987737e-01 9.4206883289e-01 1.1581512591e-02 5.7907562955e-03
1.0967796461e-01 8.2845026531e-01 -1.8599531604e+00 3.0702397058e-01 9.2650091210e-01 1.2070730639e-02 6.0353653193e-03
1.1580777671e-01 7.9325996407e-01 -1.8322310441e+00 2.8883370793e-01 9.1027444031e-01 1.2606207867e-02 6.3031039337e-03
1.2236144485e-01 7.5738305477e-01 -1.7965922635e+00 2.7076131448e-01 8.9373967629e-01 1.3203358508e-02 6.6016792540e-03
1.2901020517e-01 7.2187021794e-01 -1.7622626749e+00 2.5294730291e-01 8.7601377862e-01 1.3852905621e-02 6.9264528107e-03
1.3617976571e-01 6.8482557012e-01 -1.7296615638e+00 2.3497651102e-01 8.5779693865e-01 1.4602258497e-02 7.3011292483e-03
1.4379286274e-01 6.4737997878e-01 -1.6842465775e+00 2.1715943871e-01 8.3860887664e-01 1.5446878692e-02 7.7234393461e-03
1.5147618074e-01 6.1065916601e-01 -1.6499433386e+00 1.9978830875e-01 8.1792069894e-01 1.6375746990e-02 8.1878734952e-03
1.6035114296e-01 5.7045638805e-01 -1.6028013901e+00 1.8185310932e-01 7.9696324350e-01 1.7529823856e-02 8.7649119280e-03
1.6908278271e-01 5.3284832794e-01 -1.5526631524e+00 1.6486476150e-01 7.7350698525e-01 1.8767066491e-02 9.3835332454e-03
1.7891601139e-01 4.9277775214e-01 -1.5112227621e+00 1.4785713198e-01 7.5012077623e-01 2.0293123942e-02 1.0146561971e-02
1.9004645438e-01 4.5141112838e-01 -1.4395879516e+00 1.3086704980e-01 7.2476641343e-01 2.2152754709e-02 1.1076377355e-02
2.0040837317e-01 4.1569546653e-01 -1.3981026115e+00 1.1547146525e-01 6.9444746546e-01 2.4056071825e-02 1.2028035912e-02
2.1506227930e-01 3.7117625354e-01 -1.3167964155e+00 9.7828717253e-02 6.5891012908e-01 2.6941378670e-02 1.3470689335e-02
2.2718882587e-01 3.3521069775e-01 -1.2428351407e+00 8.0883132528e-02 6.0322606849e-01 2.9831983487e-02 1.4915991744e-02
2.4611458124e-01 2.7427391714e-01 -1.1423839489e+00 5.8328473976e-02 5.3166260379e-01 3.6459901489e-02 1.8229950744e-02
2.6460104714e-01 2.1515726327e-01 -1.0286635533e+00 4.0120591080e-02 4.6617751208e-01 4.6477631514e-02 2.3238815757e-02
2.9007375678e-01 1.5459818883e-01 -9.3725172111e-01 2.8631014569e-02 4.6299078251e-01 6.4683810823e-02 3.2341905411e-02
3.5584038372e-01 8.8419837584e-02 -4.8144367301e-01 1.9446296921e-02 5.4982845062e-01 1.0000000000e-01 5.6548396114e-02
3.7110804798e-01 7.8107144578e-02 -3.9509202988e-01 1.5427648351e-02 4.9379760438e-01 1.0000000000e-01 6.4014630505e-02
6.2889195202e-01 7.8107144578e-02 3.9509202988e-01 1.5427648351e-02 4.9379760438e-01 1.0000000000e-01 6.4014630505e-02
6.4415961628e-01 8.8419837584e-02 4.8144367301e-01 1.9446296921e-02 5.4982845062e-01 1.0000000000e-01 5.6548396114e-02
7.0992624322e-01 1.5459818883e-01 9.3725172111e-01 2.8631014569e-02 4.6299078251e-01 6.4683810823e-02 3.2341905411e-02
7.3539895286e-01 2.1515726327e-01 1.0286635533e+00 4.0120591080e-02 4.6617751208e-01 4.6477631514e-02 2.3238815757e-02
7.5388541876e-01 2.7427391714e-01 1.1423839489e+00 5.8328473976e-02 5.3166260379e-01 3.6459901489e-02 1.8229950744e-02
7.7281117413e-01 3.3521069775e-01 1.2428351407e+00 8.0883132528e-02 6.0322606849e-01 2.9831983487e-02 1.4915991744e-02
7.8493772070e-01 3.7117625354e-01 1.3167964155e+00 9.7828717253e-02 6.5891012908e-01 2.6941378670e-02 1.3470689335e-02
7.9959162683e-01 4.1569546653e-01 1.3981026115e+00 1.1547146525e-01 6.9444746546e-01 2.4056071825e-02 1.2028035912e-02
8.0995354562e-01 4.5141112838e-01 1.4395879516e+00 1.3086704980e-01 7.2476641343e-01 2.2152754709e-02 1.1076377355e-02
8.2108398861e-01 4.9277775214e-01 1.5112227621e+00 1.4785713198e-01 7.5012077623e-01 2.0293123942e-02 1.0146561971e-02
8.3091721729e-01 5.3284832794e-01 1.5526631524e+00 1.6486476150e-01 7.7350698525e-01 1.8767066491e-02 9.3835332454e-03
8.3964885704e-01 5.7045638805e-01 1.6028013901e+00 1.8185310932e-01 7.9696324350e-01 1.7529823856e-02 8.7649119280e-03
8.4852381926e-01 6.1065916601e-01 1.6499433386e+00 1.9978830875e-01 8.1792069894e-01 1.6375746990e-02 8.1878734952e-03
8.5620713726e-01 6.4737997878e-01 1.6842465775e+00 2.1715943871e-01 8.3860887664e-01 1.5446878692e-02 7.7234393461e-03
8.6382023429e-01 6.8482557012e-01 1.7296615638e+00 2.3497651102e-01 8.5779693865e-01 1.4602258497e-02 7.3011292483e-03
8.7098979483e-01 7.2187021794e-01 1.7622626749e+00 2.5294730291e-01 8.7601377862e-01 1.3852905621e-02 6.9264528107e-03
8.7763855515e-01 7.5738305477e-01 1.7965922635e+00 2.7076131448e-01 8.9373967629e-01 1.3203358508e-02 6.6016792540e-03
8.8419222329e-01 7.9325996407e-01 1.8322310441e+00 2.8883370793e-01 9.1027444031e-01 1.2606207867e-02 6.3031039337e-03
8.9032203539e-01 8.2845026531e-01 1.8599531604e+00 3.0702397058e-01 9.2650091210e-01 1.2070730639e-02 6.0353653193e-03
8.9622664459e-01 8.6344507433e-01 1.8915940294e+00 3.2536987737e-01 9.4206883289e-01 1.1581512591e-02 5.7907562955e-03
9.0193711921e-01 8.9850783509e-01 1.9210286757e+00 3.4390709833e-01 9.5688397169e-01 1.1129563493e-02 5.5647817467e-03
9.0738248340e-01 9.3260698581e-01 1.9470728204e+00 3.6218613355e-01 9.7089700984e-01 1.0722630381e-02 5.3613151907e-03
9.1266194127e-01 9.6321188569e-01 1.9722783258e+00 3.7875834836e-01 9.8306082490e-01 1.0381931690e-02 5.1909658449e-03
9.1778813440e-01 9.8711204872e-01 1.9909926394e+00 3.9189849734e-01 9.9253802506e-01 1.0130562192e-02 5.0652810960e-03
9.2280413130e-01 1.0024463920e+00 2.0021523013e+00 4.0054355705e-01 9.9891515458e-01 9.9755957823e-03 4.9877978912e-03
9.2777039502e-01 1.0094222833e+00 2.0071064996e+00 4.0468925417e-01 1.0022793752e+00 9.9066566742e-03 4.9533283371e-03
9.3272088719e-01 1.0106765969e+00 2.0078739350e+00 4.0566874531e-01 1.0034583431e+00 9.8943618867e-03 4.9471809433e-03
9.3767258188e-01 1.0094506266e+00 2.0072378955e+00 4.0518467518e-01 1.0034781902e+00 9.9063785152e-03 4.9531892576e-03
9.4263077254e-01 1.0077174241e+00 2.0062029249e+00 4.0431273511e-01 1.0030409454e+00 9.9234167837e-03 4.9617083919e-03
9.4759652935e-01 1.0061364571e+00 2.0050951529e+00 4.0345711015e-01 1.0024910321e+00 9.9390096931e-03 4.9695048466e-03
9.5256941235e-01 1.0047784248e+00 2.0040507131e+00 4.0269984327e-01 1.0019618090e+00 9.9524429992e-03 4.9762214996e-03
9.5754858508e-01 1.0036132089e+00 2.0031139461e+00 4.0204587162e-01 1.0014960645e+00 9.9639979934e-03 4.9819989967e-03
9.6253311069e-01 1.0026385015e+00 2.0023118554e+00 4.0149886973e-01 1.0011057553e+00 9.9736844189e-03 4.9868422095e-03
9.6752199621e-01 1.0018606799e+00 2.0016589650e+00 4.0106171229e-01 1.0007921269e+00 9.9814277578e-03 4.9907138789e-03
9.7251426658e-01 1.0012709381e+00 2.0011532993e+00 4.0072887205e-01 1.0005505423e+00 9.9873067512e-03 4.9936533756e-03
9.7750904806e-01 1.0008437509e+00 2.0007788692e+00 4.0048639605e-01 1.0003719254e+00 9.9915696040e-03 4.9957848020e-03
9.8250561889e-01 1.0005459394e+00 2.0005122554e+00 4.0031632743e-01 1.0002447456e+00 9.9945435847e-03 4.9972717924e-03
9.8750342071e-01 1.0003449645e+00 2.0003287701e+00 4.0020088452e-01 1.0001571926e+00 9.9965515449e-03 4.9982757725e-03
9.9250204363e-01 1.0002131834e+00 2.0002062542e+00 4.0012476462e-01 1.0000987071e+00 9.9978686205e-03 4.9989343103e-03
9.9750119928e-01 1.0001290158e+00 2.0001266595e+00 4.0007588374e-01 1.0000606858e+00 9.9987100088e-03 4.9993550044e-03
1.0025006919e+00 1.0000765545e+00 2.0000762348e+00 4.0004525293e-01 1.0000365751e+00 9.9992345141e-03 4.9996172570e-03
1.0075003928e+00 1.0000445903e+00 2.0000450253e+00 4.0002649001e-01 1.0000216337e+00 9.9995541165e-03 4.9997770583e-03
1.0125002196e+00 1.0000255232e+00 2.0000261215e+00 4.0001523803e-01 1.0000125715e+00 9.9997447743e-03 4.9998723871e-03
1.0175001210e+00 1.0000143727e+00 2.0000148986e+00 4.0000862317e-01 1.0000071851e+00 9.9998562753e-03 4.9999281376e-03
1.0225000657e+00 1.0000079734e+00 2.0000083572e+00 4.0000480725e-01 1.0000040447e+00 9.9999202669e-03 4.9999601335e-03
1.0275000351e+00 1.0000043690e+00 2.0000046052e+00 4.0000264712e-01 1.0000022488e+00 9.9999563104e-03 4.9999781552e-03
1.0325000184e+00 1.0000023823e+00 2.0000024764e+00 4.0000145080e-01 1.0000012447e+00 9.9999761768e-03 4.9999880884e-03
1.0375000092e+00 1.0000013256e+00 2.0000012634e+00 4.0000081176e-01 1.0000007038e+00 9.9999867437e-03 4.9999933719e-03
1.0425000038e+00 1.0000008147e+00 2.0000005359e+00 4.0000050181e-01 1.0000004398e+00 9.9999918528e-03 4.9999959264e-03
1.0475000002e+00 1.0000006574e+00 2.0000000183e+00 4.0000040641e-01 1.0000003587e+00 9.9999934264e-03 4.9999967132e-03
1.0524999966e+00 1.0000007947e+00 1.9999995039e+00 4.0000049051e-01 1.0000004316e+00 9.9999920532e-03 4.9999960266e-03
1.0574999914e+00 1.0000012834e+00 1.9999987849e+00 4.0000078829e-01 1.0000006873e+00 9.9999871658e-03 4.9999935829e-03
1.0624999824e+00 1.0000023157e+00 1.9999975818e+00 4.0000141483e-01 1.0000012213e+00 9.9999768426e-03 4.9999884213e-03
1.0674999661e+00 1.0000042817e+00 1.9999954526e+00 4.0000260273e-01 1.0000022251e+00 9.9999571832e-03 4.9999785916e-03
1.0724999359e+00 1.0000078891e+00 1.9999916613e+00 4.0000477202e-01 1.0000040409e+00 9.9999211092e-03 4.9999605546e-03
1.0774998808e+00 1.0000143665e+00 1.9999849775e+00 4.0000864766e-01 1.0000072526e+00 9.9998563374e-03 4.9999281687e-03
1.0824997815e+00 1.0000257858e+00 1.9999733733e+00 4.0001544543e-01 1.0000128274e+00 9.9997421487e-03 4.9998710744e-03
1.0874996052e+00 1.0000455555e+00 1.9999535784e+00 4.0002715313e-01 1.0000223263e+00 9.9995444655e-03 4.9997722328e-03
1.0924992972e+00 1.0000791387e+00 1.9999204515e+00 4.0004693701e-01 1.0000382008e+00 9.9992086752e-03 4.9996043376e-03
1.0974987684e+00 1.0001350485e+00 1.9998661415e+00 4.0007969928e-01 1.0000641910e+00 9.9986496970e-03 4.9993248485e-03
1.1024978771e+00 1.0002261406e+00 1.9997790480e+00 4.0013279368e-01 1.0001058197e+00 9.9977391050e-03 4.9988695525e-03
1.1074964036e+00 1.0003711504e+00 1.9996426696e+00 4.0021686286e-01 1.0001709433e+00 9.9962898729e-03 4.9981449364e-03
1.1124940172e+00 1.0005962845e+00 1.9994345616e+00 4.0034668138e-01 1.0002702578e+00 9.9940407081e-03 4.9970203541e-03
1.1174902363e+00 1.0009364497e+00 1.9991258306e+00 4.0054175819e-01 1.0004175548e+00 9.9906442643e-03 4.9953221322e-03
1.1224843856e+00 1.0014353282e+00 1.9986818718e+00 4.0082625288e-01 1.0006294006e+00 9.9856672902e-03 4.9928336451e-03
1.1274755585e+00 1.0021429204e+00 1.9980653721e+00 4.0122748686e-01 1.0009238171e+00 9.9786166187e-03 4.9893083094e-03
1.1324626029e+00 1.0031085789e+00 1.9972426706e+00 4.0177212570e-01 1.0013176394e+00 9.9690105442e-03 4.9845052721e-03
1.1374441500e+00 1.0043682634e+00 1.9961936535e+00 4.0247958606e-01 1.0018227395e+00 9.9565073533e-03 4.9782536766e-03
1.1424187081e+00 1.0059295159e+00 1.9949226626e+00 4.0335447743e-01 1.0024421966e+00 9.9410543600e-03 4.9705271800e-03
1.1473848156e+00 1.0077674144e+00 1.9934643097e+00 4.0438374402e-01 1.0031673436e+00 9.9229245328e-03 4.9614622664e-03
1.1523412055e+00 1.0098475842e+00 1.9918796658e+00 4.0554361484e-01 1.0039723350e+00 9.9024844505e-03 4.9512422252e-03
1.1572869355e+00 1.0121534763e+00 1.9902562843e+00 4.0680257967e-01 1.0047947006e+00 9.8799245709e-03 4.9399622854e-03
1.1622217352e+00 1.0145670175e+00 1.9887797515e+00 4.0804930282e-01 1.0054764638e+00 9.8564213375e-03 4.9282106688e-03
1.1671471981e+00 1.0163555604e+00 1.9878454014e+00 4.0883402486e-01 1.0056373006e+00 9.8390763919e-03 4.9195381960e-03
1.1720693153e+00 1.0153887926e+00 1.9884183471e+00 4.0799199256e-01 1.0045216067e+00 9.8484443323e-03 4.9242221662e-03
1.1770065087e+00 1.0081604108e+00 1.9934794853e+00 4.0368293581e-01 1.0010384545e+00 9.9190564251e-03 4.9595282125e-03
1.1819961603e+00 9.9179751992e-01 2.0054912216e+00 3.9445823247e-01 9.9430131794e-01 1.0082703172e-02 5.0413515859e-03
1.1870993745e+00 9.6629923073e-01 2.0252069777e+00 3.8044237940e-01 9.8427683501e-01 1.0348761214e-02 5.1743806069e-03
1.1923699538e+00 9.3410134763e-01 2.0517209224e+00 3.6301776152e-01 9.7156952627e-01 1.0705476473e-02 5.3527382363e-03
1.1978120879e+00 8.9878915961e-01 2.0791244978e+00 3.4409030978e-01 9.5709406957e-01 1.1126079897e-02 5.5630399483e-03
1.2035135483e+00 8.6301795989e-01 2.1083829378e+00 3.2516508412e-01 9.4194182286e-01 1.1587244374e-02 5.7936221868e-03
1.2094401882e+00 8.2767600270e-01 2.1406810579e+00 3.0665387940e-01 9.2624975957e-01 1.2082022394e-02 6.0410111972e-03
1.2155619614e+00 7.9245915279e-01 2.1689361423e+00 2.8842548811e-01 9.0990648254e-01 1.2618946939e-02 6.3094734693e-03
1.2221161872e+00 7.5649251407e-01 2.2034349622e+00 2.7031089286e-01 8.9330326419e-01 1.3218901462e-02 6.6094507308e-03
1.2288104816e+00 7.2082520144e-01 2.2392819388e+00 2.5246244822e-01 8.7560218383e-01 1.3872988874e-02 6.9364944372e-03
1.2359303039e+00 6.8403222793e-01 2.2711793094e+00 2.3456302487e-01 8.5728060495e-01 1.4619194230e-02 7.3095971152e-03
1.2436107223e+00 6.4627948823e-01 2.3161281095e+00 2.1666681417e-01 8.3813125015e-01 1.5473181777e-02 7.7365908884e-03
1.2512852957e+00 6.0976341950e-01 2.3519933566e+00 1.9936573314e-01 8.1738969067e-01 1.6399803072e-02 8.1999015358e-03
1.2601300930e+00 5.6973321050e-01 2.3971754288e+00 1.8149769841e-01 7.9641530046e-01 1.7552074928e-02 8.7760374642e-03
1.2689960621e+00 5.3151078432e-01 2.4495112349e+00 1.6433857244e-01 7.7297854198e-01 1.8814293698e-02 9.4071468492e-03
1.2786711367e+00 4.9188886662e-01 2.4895506217e+00 1.4744932412e-01 7.4940364647e-01 2.0329795363e-02 1.0164897682e-02
1.2900285908e+00 4.4977834966e-01 2.5618299907e+00 1.3033441664e-01 7.2443691845e-01 2.2233173312e-02 1.1116586656e-02
1.3003012947e+00 4.1442495855e-01 2.6080525526e+00 1.1505813719e-01 6.9408305905e-01 2.4129820837e-02 1.2064910418e-02
1.3149848347e+00 3.6921935898e-01 2.6877007937e+00 9.6463372825e-02 6.5315760454e-01 2.7084170309e-02 1.3542085154e-02
1.3272687117e+00 3.3301931660e-01 2.7637374490e+00 7.8585436807e-02 5.8994653531e-01 3.0028288155e-02 1.5014144077e-02
1.3465585167e+00 2.7280459112e-01 2.8744409651e+00 5.6388473627e-02 5.1674784316e-01 3.6656274584e-02 1.8328137292e-02
1.3650150644e+00 2.1262907010e-01 2.9885002442e+00 3.8001919970e-02 4.4681002405e-01 4.7030257882e-02 2.3515128941e-02
1.3896635107e+00 1.4946794964e-01 3.0599122812e+00 2.5791178336e-02 4.3138308912e-01 6.6903975227e-02 3.3451987613e-02
1.4555348886e+00 8.3557699300e-02 3.4649966269e+00 1.8596248993e-02 5.5638945151e-01 1.0000000000e-01 5.9838890275e-02
1.4955821798e+00 6.4278001899e-02 3.7761384127e+00 1.4849784902e-02 5.7756092532e-01 1.0000000000e-01 7.7787109933e-02
