# x  rho  v  p  e  w  vol
1.4062500000e-03 1.0000000000e+00 0.0000000000e+00 1.0000000000e+00 2.5000000000e+00 0.0000000000e+00 2.8125000000e-03
4.2187500000e-03 1.0000000000e+00 -4.1908427748e-17 1.0000000000e+00 2.5000000000e+00 0.0000000000e+00 2.8125000000e-03
7.0312500000e-03 1.0000000000e+00 -3.3087929529e-16 1.0000000000e+00 2.5000000000e+00 0.0000000000e+00 2.8125000000e-03
9.8437500000e-03 1.0000000000e+00 -6.2379011729e-16 1.0000000000e+00 2.5000000000e+00 0.0000000000e+00 2.8125000000e-03
1.2656250000e-02 1.0000000000e+00 1.9619358697e-17 1.0000000000e+00 2.5000000000e+00 0.0000000000e+00 2.8125000000e-03
1.5468750000e-02 1.0000000000e+00 3.5395503337e-16 1.0000000000e+00 2.5000000000e+00 0.0000000000e+00 2.8125000000e-03
1.8281250000e-02 1.0000000000e+00 2.1587422126e-16 1.0000000000e+00 2.5000000000e+00 0.0000000000e+00 2.8125000000e-03
2.1093750000e-02 1.0000000000e+00 2.4657004557e-16 1.0000000000e+00 2.5000000000e+00 0.0000000000e+00 2.8125000000e-03
2.3906250000e-02 1.0000000000e+00 -1.4827969397e-16 1.0000000000e+00 2.5000000000e+00 0.0000000000e+00 2.8125000000e-03
2.6718750000e-02 1.0000000000e+00 -1.2750084304e-17 1.0000000000e+00 2.5000000000e+00 0.0000000000e+00 2.8125000000e-03
2.9531250000e-02 1.0000000000e+00 -1.9340360762e-16 1.0000000000e+00 2.5000000000e+00 0.0000000000e+00 2.8125000000e-03
3.2343750000e-02 1.0000000000e+00 -8.7491445461e-16 1.0000000000e+00 2.5000000000e+00 0.0000000000e+00 2.8125000000e-03
3.5156250000e-02 1.0000000000e+00 -1.1916333279e-15 1.0000000000e+00 2.5000000000e+00 0.0000000000e+00 2.8125000000e-03
3.7968750000e-02 1.0000000000e+00 -6.3090219927e-16 1.0000000000e+00 2.5000000000e+00 0.0000000000e+00 2.8125000000e-03
4.0781250000e-02 1.0000000000e+00 2.0723621414e-16 1.0000000000e+00 2.5000000000e+00 0.0000000000e+00 2.8125000000e-03
4.3593750000e-02 1.0000000000e+00 8.9446643049e-16 1.0000000000e+00 2.5000000000e+00 0.0000000000e+00 2.8125000000e-03
4.6406250000e-02 1.0000000000e+00 1.2345174961e-15 1.0000000000e+00 2.5000000000e+00 0.0000000000e+00 2.8125000000e-03
4.9218750000e-02 1.0000000000e+00 9.4521410317e-16 1.0000000000e+00 2.5000000000e+00 0.0000000000e+00 2.8125000000e-03
5.2031250000e-02 1.0000000000e+00 6.5956274224e-16 1.0000000000e+00 2.5000000000e+00 0.0000000000e+00 2.8125000000e-03
5.4843750000e-02 1.0000000000e+00 4.7796653355e-16 1.0000000000e+00 2.5000000000e+00 0.0000000000e+00 2.8125000000e-03
5.7656250000e-02 1.0000000000e+00 2.0599635852e-17 1.0000000000e+00 2.5000000000e+00 0.0000000000e+00 2.8125000000e-03
6.0468750000e-02 1.0000000000e+00 -8.1886558491e-16 1.0000000000e+00 2.5000000000e+00 0.0000000000e+00 2.8125000000e-03
6.3281250000e-02 1.0000000000e+00 -1.1300085767e-15 1.0000000000e+00 2.5000000000e+00 0.0000000000e+00 2.8125000000e-03
6.6093750000e-02 1.0000000000e+00 -8.1959260780e-16 1.0000000000e+00 2.5000000000e+00 0.0000000000e+00 2.8125000000e-03
6.8906250000e-02 1.0000000000e+00 -3.8283006281e-16 1.0000000000e+00 2.5000000000e+00 0.0000000000e+00 2.8125000000e-03
7.1718750000e-02 1.0000000000e+00 1.1250885410e-15 1.0000000000e+00 2.5000000000e+00 0.0000000000e+00 2.8125000000e-03
7.4531250000e-02 1.0000000000e+00 6.5049899999e-15 1.0000000000e+00 2.5000000000e+00 0.0000000000e+00 2.8125000000e-03
7.7343750000e-02 1.0000000000e+00 2.1250992408e-14 1.0000000000e+00 2.5000000000e+00 0.0000000000e+00 2.8125000000e-03
8.0156250000e-02 1.0000000000e+00 6.2209187955e-14 1.0000000000e+00 2.5000000000e+00 0.0000000000e+00 2.8125000000e-03
8.2968750000e-02 1.0000000000e+00 1.4613616929e-13 1.0000000000e+00 2.5000000000e+00 0.0000000000e+00 2.8125000000e-03
8.5781250000e-02 1.0000000000e+00 3.5303629251e-13 1.0000000000e+00 2.5000000000e+00 0.0000000000e+00 2.8125000000e-03
8.8593750000e-02 1.0000000000e+00 8.4187953089e-13 1.0000000000e+00 2.5000000000e+00 0.0000000000e+00 2.8125000000e-03
9.1406250000e-02 1.0000000000e+00 1.9722321476e-12 1.0000000000e+00 2.5000000000e+00 0.0000000000e+00 2.8125000000e-03
9.4218750000e-02 1.0000000000e+00 4.5736035004e-12 9.9999999999e-01 2.5000000000e+00 0.0000000000e+00 2.8125000000e-03
9.7031250000e-02 9.9999999999e-01 1.0517177491e-11 9.9999999999e-01 2.5000000000e+00 0.0000000000e+00 2.8125000000e-03
9.9843750000e-02 9.9999999998e-01 2.3915429139e-11 9.9999999997e-01 2.5000000000e+00 0.0000000000e+00 2.8125000001e-03
1.0265625000e-01 9.9999999995e-01 5.3816427426e-11 9.9999999994e-01 2.5000000000e+00 0.0000000000e+00 2.8125000001e-03
1.0546875000e-01 9.9999999990e-01 1.1986204119e-10 9.9999999986e-01 2.4999999999e+00 0.0000000000e+00 2.8125000003e-03
1.0828125000e-01 9.9999999978e-01 2.6410256199e-10 9.9999999969e-01 2.4999999998e+00 0.0000000000e+00 2.8125000006e-03
1.1109375000e-01 9.9999999951e-01 5.7562280157e-10 9.9999999932e-01 2.4999999995e+00 0.0000000000e+00 2.8125000014e-03
1.1390625000e-01 9.9999999895e-01 1.2407335769e-09 9.9999999853e-01 2.4999999990e+00 0.0000000000e+00 2.8125000029e-03
1.1671875001e-01 9.9999999777e-01 2.6442730378e-09 9.9999999687e-01 2.4999999978e+00 0.0000000000e+00 2.8125000063e-03
1.1953125002e-01 9.9999999529e-01 5.5712083490e-09 9.9999999341e-01 2.4999999953e+00 0.0000000000e+00 2.8125000132e-03
1.2234375003e-01 9.9999999019e-01 1.1601503480e-08 9.9999998627e-01 2.4999999902e+00 0.0000000000e+00 2.8125000276e-03
1.2515625007e-01 9.9999997982e-01 2.3872843953e-08 9.9999997175e-01 2.4999999798e+00 0.0000000000e+00 2.8125000567e-03
1.2796875015e-01 9.9999995898e-01 4.8530995458e-08 9.9999994258e-01 2.4999999590e+00 0.0000000000e+00 2.8125001154e-03
1.3078125030e-01 9.9999991765e-01 9.7443647130e-08 9.9999988470e-01 2.4999999176e+00 0.0000000000e+00 2.8125002316e-03
1.3359375061e-01 9.9999983672e-01 1.9319501371e-07 9.9999977141e-01 2.4999998367e+00 0.0000000000e+00 2.8125004592e-03
1.3640625122e-01 9.9999968043e-01 3.7811908922e-07 9.9999955260e-01 2.4999996804e+00 0.0000000000e+00 2.8125008988e-03
1.3921875241e-01 9.9999938275e-01 7.3034314450e-07 9.9999913585e-01 2.4999993827e+00 0.0000000000e+00 2.8125017360e-03
1.4203125469e-01 9.9999882376e-01 1.3917422354e-06 9.9999835327e-01 2.4999988238e+00 0.0000000000e+00 2.8125033082e-03
1.4484375902e-01 9.9999778935e-01 2.6156740655e-06 9.9999690510e-01 2.4999977894e+00 0.0000000000e+00 2.8125062175e-03
1.4765626713e-01 9.9999590374e-01 4.8467619530e-06 9.9999426525e-01 2.4999959037e+00 0.0000000000e+00 2.8125115208e-03
1.5046878207e-01 9.9999251937e-01 8.8512210418e-06 9.9998952714e-01 2.4999925194e+00 0.0000000000e+00 2.8125210394e-03
1.5328130921e-01 9.9998654136e-01 1.5924553411e-05 9.9998115797e-01 2.4999865413e+00 0.0000000000e+00 2.8125378529e-03
1.5609385777e-01 9.9997615522e-01 2.8213768302e-05 9.9996661750e-01 2.4999761552e+00 0.0000000000e+00 2.8125670651e-03
1.5890644334e-01 9.9995841674e-01 4.9202716410e-05 9.9994178404e-01 2.4999584165e+00 0.0000000000e+00 2.8126169578e-03
1.6171909169e-01 9.9992865443e-01 8.4419403041e-05 9.9990011796e-01 2.4999286537e+00 0.0000000000e+00 2.8127006737e-03
1.6453184468e-01 9.9987963083e-01 1.4242898980e-04 9.9983148810e-01 2.4998796287e+00 0.0000000000e+00 2.8128385790e-03
1.6734476885e-01 9.9980041555e-01 2.3616886999e-04 9.9972059519e-01 2.4998004093e+00 0.0000000000e+00 2.8130614433e-03
1.7015796757e-01 9.9967494737e-01 3.8465382507e-04 9.9954496150e-01 2.4996749297e+00 0.0000000000e+00 2.8134145078e-03
1.7297159786e-01 9.9948031342e-01 6.1502078457e-04 9.9927252765e-01 2.4994802655e+00 0.0000000000e+00 2.8139623785e-03
1.7578589233e-01 9.9918485360e-01 9.6478976090e-04 9.9885901111e-01 2.4991847292e+00 0.0000000000e+00 2.8147944696e-03
1.7860118680e-01 9.9874630057e-01 1.4841004517e-03 9.9824532598e-01 2.4987459914e+00 0.0000000000e+00 2.8160304558e-03
1.8141795324e-01 9.9811028074e-01 2.2376101969e-03 9.9735550834e-01 2.4981094965e+00 0.0000000000e+00 2.8178248980e-03
1.8423683660e-01 9.9720781449e-01 3.3049407103e-03 9.9609429504e-01 2.4972084067e+00 0.0000000000e+00 2.8203750102e-03
1.8705870326e-01 9.9601161200e-01 4.7912079804e-03 9.9439417218e-01 2.4959402084e+00 0.0000000000e+00 2.8237622595e-03
1.8988436112e-01 9.9475180793e-01 6.3875523059e-03 9.9257684003e-01 2.4945338931e+00 0.0000000000e+00 2.8273384151e-03
1.9271338009e-01 9.9378180879e-01 7.5446490769e-03 9.9121942027e-01 2.4935539459e+00 0.0000000000e+00 2.8300980911e-03
1.9554455730e-01 9.9324133699e-01 8.1243752212e-03 9.9049715880e-01 2.4930928716e+00 0.0000000000e+00 2.8316380876e-03
1.9837665626e-01 9.9305836110e-01 8.2443905316e-03 9.9028673605e-01 2.4930225021e+00 0.0000000000e+00 2.8321598308e-03
2.0120887696e-01 9.9320458963e-01 8.0674546541e-03 9.9049755129e-01 2.4931861009e+00 0.0000000000e+00 2.8317428547e-03
2.0404014197e-01 9.9392591631e-01 7.2072810852e-03 9.9150448348e-01 2.4939094233e+00 0.0000000000e+00 2.8296877603e-03
2.0686825248e-01 9.9564733221e-01 5.1605411391e-03 9.9391070826e-01 2.4956394601e+00 0.0000000000e+00 2.8247953959e-03
2.0968973277e-01 9.9883780049e-01 1.3967100737e-03 9.9836601906e-01 2.4988191741e+00 0.0000000000e+00 2.8157724894e-03
2.1249979746e-01 1.0034393153e+00 -4.5086188765e-03 1.0050265830e+00 2.5039545682e+00 0.0000000000e+00 2.8028600803e-03
2.1529545293e-01 1.0080416752e+00 -1.0165987597e-02 1.0116317071e+00 2.5089034807e+00 0.0000000000e+00 2.7900632177e-03
2.1807992389e-01 1.0112148627e+00 -1.3749360373e-02 1.0160264347e+00 2.5118955235e+00 0.0000000000e+00 2.7813080125e-03
2.2085806895e-01 1.0128248079e+00 -1.5398342991e-02 1.0181662414e+00 2.5131844953e+00 0.0000000000e+00 2.7768869582e-03
2.2363369781e-01 1.0133713157e+00 -1.5791189684e-02 1.0188126903e+00 2.5134239408e+00 0.0000000000e+00 2.7753893922e-03
2.2640884774e-01 1.0132767498e+00 -1.5647280526e-02 1.0186508444e+00 2.5132591975e+00 0.0000000000e+00 2.7756484104e-03
2.2918499463e-01 1.0124373948e+00 -1.4658772887e-02 1.0174705601e+00 2.5124283369e+00 0.0000000000e+00 2.7779495447e-03
2.3196474683e-01 1.0105072890e+00 -1.2410157737e-02 1.0147620762e+00 2.5105263647e+00 0.0000000000e+00 2.7832555299e-03
2.3475150569e-01 1.0076011399e+00 -8.7595558656e-03 1.0105719548e+00 2.5073710094e+00 0.0000000000e+00 2.7912830670e-03
2.3754731296e-01 1.0046430459e+00 -5.1582440178e-03 1.0063479696e+00 2.5042426105e+00 0.0000000000e+00 2.7995017846e-03
2.4035050926e-01 1.0023873637e+00 -2.6137850200e-03 1.0032203202e+00 2.5020774317e+00 0.0000000000e+00 2.8058015312e-03
2.4315891602e-01 1.0009799381e+00 -9.1356295508e-04 1.0012853078e+00 2.5007626769e+00 0.0000000000e+00 2.8097466222e-03
2.4597000250e-01 1.0000282007e+00 -3.4292199246e-05 9.9999080032e-01 2.4999065017e+00 0.0000000000e+00 2.8124206878e-03
2.4878375740e-01 9.9965297112e-01 5.8860885309e-04 9.9948582145e-01 2.4995819808e+00 0.0000000000e+00 2.8134763575e-03
2.5159695522e-01 9.9934085140e-01 7.0545897443e-04 9.9907213671e-01 2.4993277702e+00 0.0000000000e+00 2.8143550782e-03
2.5441246755e-01 9.9932589720e-01 8.3871170727e-04 9.9905713610e-01 2.4993276440e+00 0.0000000000e+00 2.8143971930e-03
2.5722574961e-01 9.9929072944e-01 8.3020578989e-04 9.9903047999e-01 2.4993489146e+00 0.0000000000e+00 2.8144962393e-03
2.6004146003e-01 9.9932707670e-01 7.7797703950e-04 9.9906579652e-01 2.4993463597e+00 0.0000000000e+00 2.8143938712e-03
2.6285453735e-01 9.9942049197e-01 6.5446279946e-04 9.9920908199e-01 2.4994711686e+00 0.0000000000e+00 2.8141308114e-03
2.6566972166e-01 9.9960422641e-01 4.4456096678e-04 9.9946133972e-01 2.4996426418e+00 0.0000000000e+00 2.8136135539e-03
2.6848176446e-01 9.9978737167e-01 2.2777155708e-04 9.9973764945e-01 2.4998756680e+00 0.0000000000e+00 2.8130981444e-03
2.7129591794e-01 9.9990755597e-01 4.8278156574e-05 9.9989025281e-01 2.4999567381e+00 0.0000000000e+00 2.8127600229e-03
2.7410728450e-01 1.0000040763e+00 -7.9768936876e-06 1.0000327875e+00 2.5000717778e+00 0.0000000000e+00 2.8124885355e-03
2.7692089502e-01 1.0000363081e+00 -7.2850534968e-05 1.0000658793e+00 2.5000739252e+00 0.0000000000e+00 2.8123978872e-03
2.7973208028e-01 1.0000519033e+00 -9.2299369921e-05 1.0000973655e+00 2.5001136497e+00 0.0000000000e+00 2.8123540296e-03
2.8254560307e-01 1.0000715461e+00 -9.3600488612e-05 1.0001136010e+00 2.5001051298e+00 0.0000000000e+00 2.8122987910e-03
2.8535667786e-01 1.0000599976e+00 -9.6166533163e-05 1.0001089571e+00 2.5001223914e+00 0.0000000000e+00 2.8123312668e-03
2.8817026561e-01 1.0000634792e+00 -9.1765286896e-05 1.0001002718e+00 2.5000919756e+00 0.0000000000e+00 2.8123214759e-03
2.9098132081e-01 1.0000429614e+00 -7.6231218766e-05 1.0000840111e+00 2.5001026199e+00 0.0000000000e+00 2.8123791762e-03
2.9379502396e-01 1.0000323881e+00 -5.1307200780e-05 1.0000582531e+00 2.5000646603e+00 0.0000000000e+00 2.8124089114e-03
2.9660613863e-01 1.0000033998e+00 -2.6857699231e-05 1.0000295095e+00 2.5000652741e+00 0.0000000000e+00 2.8124904380e-03
2.9942000484e-01 9.9999394545e-01 -1.0973463912e-05 1.0000059602e+00 2.5000300372e+00 0.0000000000e+00 2.8125170285e-03
3.0223117269e-01 9.9997672339e-01 3.7921779266e-06 9.9999618150e-01 2.5000486464e+00 0.0000000000e+00 2.8125654670e-03
3.0504513577e-01 9.9997914946e-01 8.4001122022e-06 9.9998533803e-01 2.5000154718e+00 0.0000000000e+00 2.8125586434e-03
3.0785628998e-01 9.9996589836e-01 1.2208851696e-05 9.9998149534e-01 2.5000389938e+00 0.0000000000e+00 2.8125959141e-03
3.1067032760e-01 9.9997488996e-01 1.4115642251e-05 9.9998058646e-01 2.5000142416e+00 0.0000000000e+00 2.8125706238e-03
3.1348143122e-01 9.9996314361e-01 1.3509802951e-05 9.9997992816e-01 2.5000419629e+00 0.0000000000e+00 2.8126036624e-03
3.1629553492e-01 9.9997374078e-01 1.2154928507e-05 9.9998100577e-01 2.5000181630e+00 0.0000000000e+00 2.8125738560e-03
3.1910657894e-01 9.9996553230e-01 9.0508641606e-06 9.9998458622e-01 2.5000476364e+00 0.0000000000e+00 2.8125969437e-03
3.2192072881e-01 9.9998076935e-01 3.6403383242e-06 9.9999076838e-01 2.5000249981e+00 0.0000000000e+00 2.8125540872e-03
3.2473168711e-01 9.9997343914e-01 -4.1962077883e-06 9.9999910911e-01 2.5000641766e+00 0.0000000000e+00 2.8125747044e-03
3.2754587822e-01 9.9999259958e-01 -1.1173509751e-05 1.0000067614e+00 2.5000354049e+00 0.0000000000e+00 2.8125208138e-03
3.3035672874e-01 9.9998191022e-01 -1.4716537062e-05 1.0000127897e+00 2.5000772000e+00 0.0000000000e+00 2.8125508784e-03
3.3317097998e-01 9.9999800295e-01 -1.7155262563e-05 1.0000153439e+00 2.5000433524e+00 0.0000000000e+00 2.8125056167e-03
3.3598173997e-01 9.9998217636e-01 -1.7924694110e-05 1.0000164730e+00 2.5000857430e+00 0.0000000000e+00 2.8125501299e-03
3.3879608024e-01 9.9999638299e-01 -1.8001121960e-05 1.0000166570e+00 2.5000506852e+00 0.0000000000e+00 2.8125101729e-03
3.4160676032e-01 9.9998076711e-01 -1.7581573345e-05 1.0000161843e+00 2.5000885446e+00 0.0000000000e+00 2.8125540936e-03
3.4442118842e-01 9.9999322590e-01 -1.6243279972e-05 1.0000146453e+00 2.5000535489e+00 0.0000000000e+00 2.8125190523e-03
3.4723179842e-01 9.9997693865e-01 -1.4045079112e-05 1.0000121298e+00 2.5000879798e+00 0.0000000000e+00 2.8125648615e-03
3.5004631815e-01 9.9999068701e-01 -1.2201313916e-05 1.0000099340e+00 2.5000481178e+00 0.0000000000e+00 2.8125261930e-03
3.5285685081e-01 9.9997067680e-01 -1.1423277884e-05 1.0000083292e+00 2.5000941338e+00 0.0000000000e+00 2.8125824739e-03
3.5567148309e-01 9.9998684299e-01 -1.1086715776e-05 1.0000077542e+00 2.5000522786e+00 0.0000000000e+00 2.8125370046e-03
3.5848192482e-01 9.9996715601e-01 -1.1152255700e-05 1.0000075612e+00 2.5001010163e+00 0.0000000000e+00 2.8125923768e-03
3.6129666785e-01 9.9998698660e-01 -1.1480795808e-05 1.0000076952e+00 2.5000517723e+00 0.0000000000e+00 2.8125366007e-03
3.6410699802e-01 9.9996559573e-01 -1.2290432096e-05 1.0000083539e+00 2.5001068990e+00 0.0000000000e+00 2.8125967653e-03
3.6692186138e-01 9.9998934402e-01 -1.3486217923e-05 1.0000095215e+00 2.5000504442e+00 0.0000000000e+00 2.8125299703e-03
3.6973205796e-01 9.9996282190e-01 -1.4347632243e-05 1.0000105337e+00 2.5001192839e+00 0.0000000000e+00 2.8126045673e-03
3.7254707051e-01 9.9998663348e-01 -1.4809324700e-05 1.0000110544e+00 2.5000610532e+00 0.0000000000e+00 2.8125375938e-03
3.7535713315e-01 9.9995808586e-01 -1.4944607408e-05 1.0000112314e+00 2.5001328693e+00 0.0000000000e+00 2.8126178885e-03
3.7817230629e-01 9.9998632494e-01 -1.4942943042e-05 1.0000111128e+00 2.5000619705e+00 0.0000000000e+00 2.8125384616e-03
3.8098221007e-01 9.9995345992e-01 -1.4660988364e-05 1.0000107910e+00 2.5001433344e+00 0.0000000000e+00 2.8126309001e-03
3.8379756809e-01 9.9998495489e-01 -1.3971573640e-05 1.0000101732e+00 2.5000630466e+00 0.0000000000e+00 2.8125423150e-03
3.8660729470e-01 9.9994777831e-01 -1.2917903272e-05 1.0000092238e+00 2.5001536218e+00 0.0000000000e+00 2.8126468812e-03
3.8942286185e-01 9.9998128429e-01 -1.1997261931e-05 1.0000083655e+00 2.5000677044e+00 0.0000000000e+00 2.8125526389e-03
3.9223239998e-01 9.9993941658e-01 -1.1372544677e-05 1.0000076495e+00 2.5001705925e+00 0.0000000000e+00 2.8126704012e-03
3.9504820266e-01 9.9998103377e-01 -1.0985770521e-05 1.0000071348e+00 2.5000652538e+00 0.0000000000e+00 2.8125533435e-03
3.9785750667e-01 9.9993566213e-01 -1.0760523630e-05 1.0000068054e+00 2.5001778695e+00 0.0000000000e+00 2.8126809619e-03
4.0067356458e-01 9.9997852121e-01 -1.0734165896e-05 1.0000064042e+00 2.5000697091e+00 0.0000000000e+00 2.8125604104e-03
4.0348262749e-01 9.9992684763e-01 -1.0836945565e-05 1.0000060463e+00 2.5001980112e+00 0.0000000000e+00 2.8127057561e-03
4.0629897609e-01 9.9997252536e-01 -1.1006038201e-05 1.0000057129e+00 2.5000829711e+00 0.0000000000e+00 2.8125772745e-03
4.0910778204e-01 9.9991566327e-01 -1.1129358574e-05 1.0000054535e+00 2.5002244945e+00 0.0000000000e+00 2.8127372171e-03
4.1192445053e-01 9.9997291649e-01 -1.1094889716e-05 1.0000053132e+00 2.5000809940e+00 0.0000000000e+00 2.8125761744e-03
4.1473293438e-01 9.9990547172e-01 -1.0878924863e-05 1.0000051946e+00 2.5002493308e+00 0.0000000000e+00 2.8127658859e-03
4.1754998230e-01 9.9997021562e-01 -1.0452189729e-05 1.0000051068e+00 2.5000872305e+00 0.0000000000e+00 2.8125837711e-03
4.2035810193e-01 9.9989340279e-01 -9.8741353449e-06 1.0000049424e+00 2.5002788789e+00 0.0000000000e+00 2.8127998366e-03
4.2317558197e-01 9.9996679932e-01 -9.3018674302e-06 1.0000046915e+00 2.5000947335e+00 0.0000000000e+00 2.8125933800e-03
4.2598328869e-01 9.9988458119e-01 -8.8738190943e-06 1.0000043528e+00 2.5002994636e+00 0.0000000000e+00 2.8128246529e-03
4.2880123128e-01 9.9996609099e-01 -8.6649510564e-06 1.0000039621e+00 2.5000946810e+00 0.0000000000e+00 2.8125953723e-03
4.3160847943e-01 9.9986239604e-01 -8.6875406192e-06 1.0000034744e+00 2.5003527445e+00 0.0000000000e+00 2.8128870644e-03
4.3442700541e-01 9.9995842989e-01 -8.9152729803e-06 1.0000030823e+00 2.5001116356e+00 0.0000000000e+00 2.8126169208e-03
4.3723371327e-01 9.9983968544e-01 -9.2648716447e-06 1.0000027635e+00 2.5004077606e+00 0.0000000000e+00 2.8129509570e-03
4.4005290732e-01 9.9995793852e-01 -9.7266655844e-06 1.0000025107e+00 2.5001114352e+00 0.0000000000e+00 2.8126183029e-03
4.4285894988e-01 9.9981744185e-01 -1.0105464279e-05 1.0000025472e+00 2.5004628479e+00 0.0000000000e+00 2.8130135386e-03
4.4567893440e-01 9.9995436408e-01 -1.0605212442e-05 1.0000029334e+00 2.5001214288e+00 0.0000000000e+00 2.8126283569e-03
4.4848420659e-01 9.9978842413e-01 -1.1197164570e-05 1.0000036572e+00 2.5005381966e+00 0.0000000000e+00 2.8130951831e-03
4.5130512476e-01 9.9997048836e-01 -1.2012608611e-05 1.0000048189e+00 2.5000858290e+00 0.0000000000e+00 2.8125830039e-03
4.5410937260e-01 9.9973680220e-01 -1.3032989760e-05 1.0000062954e+00 2.5006739104e+00 0.0000000000e+00 2.8132404387e-03
4.5693160564e-01 9.9998021874e-01 -1.4462568307e-05 1.0000082226e+00 2.5000700111e+00 0.0000000000e+00 2.8125556359e-03
4.5973448387e-01 9.9966782955e-01 -1.6439235378e-05 1.0000106886e+00 2.5008574326e+00 0.0000000000e+00 2.8134345398e-03
4.6255847472e-01 1.0000500490e+00 -1.9183014691e-05 1.0000139316e+00 2.4999097111e+00 0.0000000000e+00 2.8123592443e-03
4.6535920236e-01 9.9953072850e-01 -2.2868479048e-05 1.0000181774e+00 2.5012191943e+00 0.0000000000e+00 2.8138204457e-03
4.6818611561e-01 1.0002065862e+00 -2.7706285719e-05 1.0000237269e+00 2.4995429461e+00 0.0000000000e+00 2.8119190963e-03
4.7098304055e-01 9.9925094164e-01 -3.3891026942e-05 1.0000308464e+00 2.5019512236e+00 0.0000000000e+00 2.8146083059e-03
4.7381533222e-01 1.0005128102e+00 -4.1670884837e-05 1.0000398698e+00 2.4988182550e+00 0.0000000000e+00 2.8110584606e-03
4.7660515747e-01 9.9869762568e-01 -5.1267823058e-05 1.0000510311e+00 2.5033879260e+00 0.0000000000e+00 2.8161677045e-03
4.7944766763e-01 1.0012952999e+00 -6.2978115663e-05 1.0000647190e+00 2.4969275274e+00 0.0000000000e+00 2.8088616816e-03
4.8222288084e-01 9.9713399820e-01 -7.7074074576e-05 1.0000811255e+00 2.5073889952e+00 0.0000000000e+00 2.8205837983e-03
4.8508883523e-01 1.0041194927e+00 -9.4146509376e-05 1.0001013265e+00 2.4899957968e+00 0.0000000000e+00 2.8009614598e-03
4.8782480376e-01 9.8721002469e-01 -1.1457171982e-04 1.0001240847e+00 2.5327034261e+00 0.0000000000e+00 2.8489378447e-03
4.9078671092e-01 1.0235179211e+00 -1.3761335053e-04 1.0001542155e+00 2.4429328371e+00 0.0000000000e+00 2.7478756767e-03
4.9332055511e-01 9.1852891083e-01 -1.6766435126e-04 1.0001797707e+00 2.7222326890e+00 0.0000000000e+00 3.0619613241e-03
4.9691063357e-01 1.5011294067e+00 -1.9475573684e-04 1.0002356250e+00 1.6658051273e+00 0.0000000000e+00 1.8735893038e-03
4.9706773372e-01 4.6228473109e-01 -2.2411899784e-04 1.0002586565e+00 5.4093212974e+00 0.0000000000e+00 6.0839128158e-03
5.0907845920e-01 1.4904098483e-01 -3.8600601064e-04 1.0002921905e+00 1.6778810735e+01 0.0000000000e+00 1.8870648253e-02
5.3480903022e-01 1.1900013195e-01 -7.1317661468e-04 1.0003709554e+00 2.1016173238e+01 0.0000000000e+00 2.3634427575e-02
5.5634731435e-01 1.2689398514e-01 -9.1819423277e-04 1.0004244084e+00 1.9709846911e+01 0.0000000000e+00 2.2164171114e-02
5.7913737245e-01 1.2451294817e-01 -1.0157426943e-03 1.0004428456e+00 2.0087124678e+01 0.0000000000e+00 2.2588012261e-02
6.0152333887e-01 1.2522147748e-01 -1.0476433752e-03 1.0004413616e+00 1.9973437899e+01 0.0000000000e+00 2.2460204564e-02
6.2405778158e-01 1.2498552006e-01 -1.0162901157e-03 1.0004240568e+00 2.0010799178e+01 0.0000000000e+00 2.2502606691e-02
6.4652855225e-01 1.2505792511e-01 -8.9263917695e-04 1.0003700714e+00 1.9998134274e+01 0.0000000000e+00 2.2489578309e-02
6.6903693820e-01 1.2501276682e-01 -6.4748264954e-04 1.0002681561e+00 2.0003320092e+01 0.0000000000e+00 2.2497702208e-02
6.9152395667e-01 1.2502071809e-01 -3.5082531543e-04 1.0001436109e+00 1.9999557396e+01 0.0000000000e+00 2.2496271362e-02
7.1402948092e-01 1.2500157120e-01 -1.2027911634e-04 1.0000518807e+00 2.0000786212e+01 0.0000000000e+00 2.2499717187e-02
7.3652339104e-01 1.2500270093e-01 5.3264084496e-06 9.9998817636e-01 1.9999331393e+01 0.0000000000e+00 2.2499513844e-02
7.5902850861e-01 1.2499483125e-01 8.0682189363e-05 9.9996278962e-01 2.0000082796e+01 0.0000000000e+00 2.2500930414e-02
7.8152525187e-01 1.2499759059e-01 9.1679759554e-05 9.9995112737e-01 1.9999408041e+01 0.0000000000e+00 2.2500433702e-02
8.0402937601e-01 1.2499406491e-01 8.5470983498e-05 9.9995393225e-01 2.0000028261e+01 0.0000000000e+00 2.2501068367e-02
8.2652738860e-01 1.2500050392e-01 4.3456483499e-05 9.9997030841e-01 1.9999325544e+01 0.0000000000e+00 2.2499909295e-02
8.4902919460e-01 1.2499871749e-01 -1.9886188943e-05 9.9999474130e-01 2.0000100029e+01 0.0000000000e+00 2.2500230855e-02
8.7152785031e-01 1.2500212047e-01 -6.8084106238e-05 1.0000100342e+00 1.9999861411e+01 0.0000000000e+00 2.2499618321e-02
8.9402843125e-01 1.2499975116e-01 -8.9989349489e-05 1.0000246607e+00 2.0000533031e+01 0.0000000000e+00 2.2500044792e-02
9.1652793990e-01 1.2500292937e-01 -1.1687882412e-04 1.0000322823e+00 2.0000176942e+01 0.0000000000e+00 2.2499472725e-02
9.3902737670e-01 1.2499918758e-01 -1.4220057176e-04 1.0000299781e+00 2.0000729552e+01 0.0000000000e+00 2.2500146236e-02
9.6152823237e-01 1.2500072746e-01 -1.4194703198e-04 1.0000326668e+00 2.0000536939e+01 0.0000000000e+00 2.2499869057e-02
9.8402711481e-01 1.2500620896e-01 -1.3813577583e-04 1.0000334349e+00 1.9999675279e+01 0.0000000000e+00 2.2498882442e-02
