# x  rho  v  p  e  w  vol
1.4062500000e-03 1.0000000000e+00 -1.4535673411e-15 1.0000000000e+00 2.5000000000e+00 0.0000000000e+00 2.8125000000e-03
4.2187500000e-03 1.0000000000e+00 -1.9209547307e-15 1.0000000000e+00 2.5000000000e+00 0.0000000000e+00 2.8125000000e-03
7.0312500000e-03 1.0000000000e+00 -1.8616890009e-15 1.0000000000e+00 2.5000000000e+00 0.0000000000e+00 2.8125000000e-03
9.8437500000e-03 1.0000000000e+00 -1.2563329684e-15 1.0000000000e+00 2.5000000000e+00 0.0000000000e+00 2.8125000000e-03
1.2656250000e-02 1.0000000000e+00 -1.3515069548e-15 1.0000000000e+00 2.5000000000e+00 0.0000000000e+00 2.8125000000e-03
1.5468750000e-02 1.0000000000e+00 -1.2930584893e-15 1.0000000000e+00 2.5000000000e+00 0.0000000000e+00 2.8125000000e-03
1.8281250000e-02 1.0000000000e+00 -2.3879782016e-15 1.0000000000e+00 2.5000000000e+00 0.0000000000e+00 2.8125000000e-03
2.1093750000e-02 1.0000000000e+00 -1.8410786421e-15 1.0000000000e+00 2.5000000000e+00 0.0000000000e+00 2.8125000000e-03
2.3906250000e-02 1.0000000000e+00 -1.8165672406e-15 1.0000000000e+00 2.5000000000e+00 0.0000000000e+00 2.8125000000e-03
2.6718750000e-02 1.0000000000e+00 -2.1658060850e-15 1.0000000000e+00 2.5000000000e+00 0.0000000000e+00 2.8125000000e-03
2.9531250000e-02 1.0000000000e+00 -2.2203357313e-15 1.0000000000e+00 2.5000000000e+00 0.0000000000e+00 2.8125000000e-03
3.2343750000e-02 1.0000000000e+00 -3.2775889743e-15 1.0000000000e+00 2.5000000000e+00 0.0000000000e+00 2.8125000000e-03
3.5156250000e-02 1.0000000000e+00 -1.9705180443e-15 1.0000000000e+00 2.5000000000e+00 0.0000000000e+00 2.8125000000e-03
3.7968750000e-02 1.0000000000e+00 -1.8117895035e-15 1.0000000000e+00 2.5000000000e+00 0.0000000000e+00 2.8125000000e-03
4.0781250000e-02 1.0000000000e+00 -2.1619377102e-15 1.0000000000e+00 2.5000000000e+00 0.0000000000e+00 2.8125000000e-03
4.3593750000e-02 1.0000000000e+00 -3.0513875755e-15 1.0000000000e+00 2.5000000000e+00 0.0000000000e+00 2.8125000000e-03
4.6406250000e-02 1.0000000000e+00 -2.9067472519e-15 1.0000000000e+00 2.5000000000e+00 0.0000000000e+00 2.8125000000e-03
4.9218750000e-02 1.0000000000e+00 5.6454719537e-16 1.0000000000e+00 2.5000000000e+00 0.0000000000e+00 2.8125000000e-03
5.2031250000e-02 1.0000000000e+00 1.2398040667e-14 1.0000000000e+00 2.5000000000e+00 0.0000000000e+00 2.8125000000e-03
5.4843750000e-02 1.0000000000e+00 3.7290794650e-14 1.0000000000e+00 2.5000000000e+00 0.0000000000e+00 2.8125000000e-03
5.7656250000e-02 1.0000000000e+00 9.1507564208e-14 1.0000000000e+00 2.5000000000e+00 0.0000000000e+00 2.8125000000e-03
6.0468750000e-02 1.0000000000e+00 2.0670861863e-13 1.0000000000e+00 2.5000000000e+00 0.0000000000e+00 2.8125000000e-03
6.3281250000e-02 1.0000000000e+00 4.4667037732e-13 1.0000000000e+00 2.5000000000e+00 0.0000000000e+00 2.8125000000e-03
6.6093750000e-02 1.0000000000e+00 9.5730848643e-13 1.0000000000e+00 2.5000000000e+00 0.0000000000e+00 2.8125000000e-03
6.8906250000e-02 1.0000000000e+00 2.0234761806e-12 1.0000000000e+00 2.5000000000e+00 0.0000000000e+00 2.8125000000e-03
7.1718750000e-02 1.0000000000e+00 4.2371733683e-12 1.0000000000e+00 2.5000000000e+00 0.0000000000e+00 2.8125000000e-03
7.4531250000e-02 9.9999999999e-01 8.7944210564e-12 9.9999999999e-01 2.5000000000e+00 0.0000000000e+00 2.8125000000e-03
7.7343750000e-02 9.9999999999e-01 1.8084658020e-11 9.9999999998e-01 2.5000000000e+00 0.0000000000e+00 2.8125000000e-03
8.0156250000e-02 9.9999999997e-01 3.6858443319e-11 9.9999999996e-01 2.5000000000e+00 0.0000000000e+00 2.8125000001e-03
8.2968750000e-02 9.9999999994e-01 7.4416551545e-11 9.9999999991e-01 2.4999999999e+00 0.0000000000e+00 2.8125000002e-03
8.5781250000e-02 9.9999999988e-01 1.4882126583e-10 9.9999999983e-01 2.4999999999e+00 0.0000000000e+00 2.8125000003e-03
8.8593750001e-02 9.9999999977e-01 2.9476973675e-10 9.9999999966e-01 2.4999999997e+00 0.0000000000e+00 2.8125000007e-03
9.1406250002e-02 9.9999999954e-01 5.7817795709e-10 9.9999999933e-01 2.4999999995e+00 0.0000000000e+00 2.8125000013e-03
9.4218750003e-02 9.9999999911e-01 1.1229288815e-09 9.9999999870e-01 2.4999999990e+00 0.0000000000e+00 2.8125000025e-03
9.7031250007e-02 9.9999999829e-01 2.1591677984e-09 9.9999999749e-01 2.4999999980e+00 0.0000000000e+00 2.8125000048e-03
9.9843750013e-02 9.9999999673e-01 4.1095684063e-09 9.9999999523e-01 2.4999999962e+00 0.0000000000e+00 2.8125000092e-03
1.0265625003e-01 9.9999999384e-01 7.7412305491e-09 9.9999999101e-01 2.4999999929e+00 0.0000000000e+00 2.8125000173e-03
1.0546875005e-01 9.9999998851e-01 1.4429551506e-08 9.9999998324e-01 2.4999999868e+00 0.0000000000e+00 2.8125000323e-03
1.0828125009e-01 9.9999997880e-01 2.6610129919e-08 9.9999996908e-01 2.4999999757e+00 0.0000000000e+00 2.8125000596e-03
1.1109375017e-01 9.9999996128e-01 4.8541123633e-08 9.9999994359e-01 2.4999999558e+00 0.0000000000e+00 2.8125001089e-03
1.1390625031e-01 9.9999993009e-01 8.7569822235e-08 9.9999989820e-01 2.4999999203e+00 0.0000000000e+00 2.8125001966e-03
1.1671875056e-01 9.9999987516e-01 1.5620298753e-07 9.9999981835e-01 2.4999998580e+00 0.0000000000e+00 2.8125003511e-03
1.1953125101e-01 9.9999977964e-01 2.7543390972e-07 9.9999967959e-01 2.4999997499e+00 0.0000000000e+00 2.8125006197e-03
1.2234375180e-01 9.9999961558e-01 4.7999390801e-07 9.9999944144e-01 2.4999995646e+00 0.0000000000e+00 2.8125010812e-03
1.2515625317e-01 9.9999933735e-01 8.2648439977e-07 9.9999903790e-01 2.4999992514e+00 0.0000000000e+00 2.8125018637e-03
1.2796875553e-01 9.9999887167e-01 1.4057144723e-06 9.9999836303e-01 2.4999987284e+00 0.0000000000e+00 2.8125031734e-03
1.3078125952e-01 9.9999810268e-01 2.3610087265e-06 9.9999724957e-01 2.4999978672e+00 0.0000000000e+00 2.8125053362e-03
1.3359376620e-01 9.9999685036e-01 3.9147232119e-06 9.9999543787e-01 2.4999964688e+00 0.0000000000e+00 2.8125088584e-03
1.3640627724e-01 9.9999483992e-01 6.4056268550e-06 9.9999253212e-01 2.4999942305e+00 0.0000000000e+00 2.8125145128e-03
1.3921879523e-01 9.9999165996e-01 1.0340010528e-05 9.9998794046e-01 2.4999907012e+00 0.0000000000e+00 2.8125234566e-03
1.4203132415e-01 9.9998670696e-01 1.6459111272e-05 9.9998079583e-01 2.4999852220e+00 0.0000000000e+00 2.8125373872e-03
1.4484387000e-01 9.9997911485e-01 2.5824289778e-05 9.9996985588e-01 2.4999768521e+00 0.0000000000e+00 2.8125587407e-03
1.4765644163e-01 9.9996767037e-01 3.9918837585e-05 9.9995338312e-01 2.4999642807e+00 0.0000000000e+00 2.8125909300e-03
1.5046905186e-01 9.9995071850e-01 6.0760652730e-05 9.9992901193e-01 2.4999457309e+00 0.0000000000e+00 2.8126386111e-03
1.5328171885e-01 9.9992606856e-01 9.1012594299e-05 9.9989361783e-01 2.4999188672e+00 0.0000000000e+00 2.8127079475e-03
1.5609446775e-01 9.9989092003e-01 1.3406649573e-04 9.9984321688e-01 2.4998807291e+00 0.0000000000e+00 2.8128068209e-03
1.5890733249e-01 9.9984183941e-01 1.9406232663e-04 9.9977294043e-01 2.4998277253e+00 0.0000000000e+00 2.8129448970e-03
1.6172035755e-01 9.9977483413e-01 2.7578629671e-04 9.9967715096e-01 2.4997557371e+00 0.0000000000e+00 2.8131334216e-03
1.6453359934e-01 9.9968558536e-01 3.8437237089e-04 9.9954978778e-01 2.4996603993e+00 0.0000000000e+00 2.8133845693e-03
1.6734712669e-01 9.9956991751e-01 5.2471380754e-04 9.9938505223e-01 2.4995376379e+00 0.0000000000e+00 2.8137101275e-03
1.7016101959e-01 9.9942459178e-01 7.0047982006e-04 9.9917855554e-01 2.4993845553e+00 0.0000000000e+00 2.8141192674e-03
1.7297536522e-01 9.9924851152e-01 9.1263395461e-04 9.9892905094e-01 2.4992007479e+00 0.0000000000e+00 2.8146151509e-03
1.7579024989e-01 9.9904440922e-01 1.1573735554e-03 9.9864084429e-01 2.4989901226e+00 0.0000000000e+00 2.8151901698e-03
1.7860574556e-01 9.9882104271e-01 1.4234634628e-03 9.9832691552e-01 2.4987632239e+00 0.0000000000e+00 2.8158197312e-03
1.8142188936e-01 9.9859584988e-01 1.6890314801e-03 9.9801267037e-01 2.4985400012e+00 0.0000000000e+00 2.8164547253e-03
1.8423865501e-01 9.9839787268e-01 1.9180355807e-03 9.9774004636e-01 2.4983527952e+00 0.0000000000e+00 2.8170132138e-03
1.8705591578e-01 9.9827105034e-01 2.0573037875e-03 9.9757195398e-01 2.4982492321e+00 0.0000000000e+00 2.8173710928e-03
1.8987339720e-01 9.9827062443e-01 2.0306770598e-03 9.9758587589e-01 2.4982851630e+00 0.0000000000e+00 2.8173722948e-03
1.9269066037e-01 9.9844539583e-01 1.7850965695e-03 9.9784950284e-01 2.4985079480e+00 0.0000000000e+00 2.8168791320e-03
1.9550715546e-01 9.9883822974e-01 1.2722604426e-03 9.9842292186e-01 2.4989605227e+00 0.0000000000e+00 2.8157712793e-03
1.9832220293e-01 9.9949293929e-01 4.4158025484e-04 9.9936727821e-01 2.4996856879e+00 0.0000000000e+00 2.8139268317e-03
2.0113500913e-01 1.0004426965e+00 -7.4266345246e-04 1.0007279283e+00 2.5007127639e+00 0.0000000000e+00 2.8112554669e-03
2.0394471387e-01 1.0016989779e+00 -2.2876496648e-03 1.0025186892e+00 2.5020458024e+00 0.0000000000e+00 2.8077297292e-03
2.0675046858e-01 1.0032401497e+00 -4.1592773661e-03 1.0047062636e+00 2.5036534471e+00 0.0000000000e+00 2.8034165108e-03
2.0955154689e-01 1.0050030467e+00 -6.2728960501e-03 1.0071981387e+00 2.5054604113e+00 0.0000000000e+00 2.7984989788e-03
2.1234746654e-01 1.0068791859e+00 -8.4909661183e-03 1.0098380043e+00 2.5073465081e+00 0.0000000000e+00 2.7932844768e-03
2.1513811584e-01 1.0087197303e+00 -1.0631284373e-02 1.0124132992e+00 2.5091541009e+00 0.0000000000e+00 2.7881877546e-03
2.1792384205e-01 1.0103506636e+00 -1.2487039199e-02 1.0146772562e+00 2.5107056708e+00 0.0000000000e+00 2.7836869925e-03
2.2070548983e-01 1.0115964140e+00 -1.3856447947e-02 1.0163835192e+00 2.5118305710e+00 0.0000000000e+00 2.7802589661e-03
2.2348435998e-01 1.0123100568e+00 -1.4574288845e-02 1.0173280268e+00 2.5123923743e+00 0.0000000000e+00 2.7782989818e-03
2.2626208779e-01 1.0123809699e+00 -1.4552660821e-02 1.0173557490e+00 2.5122848495e+00 0.0000000000e+00 2.7781043733e-03
2.2904056873e-01 1.0116922171e+00 -1.3647944430e-02 1.0163041636e+00 2.5113966146e+00 0.0000000000e+00 2.7799956869e-03
2.3182207916e-01 1.0101819916e+00 -1.1779705352e-02 1.0140994353e+00 2.5096948961e+00 0.0000000000e+00 2.7841517900e-03
2.3460887231e-01 1.0079387917e+00 -9.0673599414e-03 1.0108829970e+00 2.5073025399e+00 0.0000000000e+00 2.7903480083e-03
2.3740277518e-01 1.0051743160e+00 -5.7674718358e-03 1.0069642277e+00 2.5044517444e+00 0.0000000000e+00 2.7980221491e-03
2.4020491661e-01 1.0021701482e+00 -2.2133439283e-03 1.0027439535e+00 2.5014314069e+00 0.0000000000e+00 2.8064096752e-03
2.4301559453e-01 9.9922687311e-01 1.2415325910e-03 9.9864353834e-01 2.4985405347e+00 0.0000000000e+00 2.8146761018e-03
2.4583426881e-01 9.9662483290e-01 4.2680022533e-03 9.9505120652e-01 2.4960526109e+00 0.0000000000e+00 2.8220248053e-03
2.4865964414e-01 9.9459694815e-01 6.5942815302e-03 9.9228425127e-01 2.4941868491e+00 0.0000000000e+00 2.8277786346e-03
2.5148982608e-01 9.9330737345e-01 8.0296054060e-03 9.9056325064e-01 2.4930934701e+00 0.0000000000e+00 2.8314498363e-03
2.5432254381e-01 9.9283811504e-01 8.4829929469e-03 9.8998973899e-01 2.4928276926e+00 0.0000000000e+00 2.8327881025e-03
2.5715540229e-01 9.9311956968e-01 8.0184901909e-03 9.9044877805e-01 2.4932767622e+00 0.0000000000e+00 2.8319852774e-03
2.5998651437e-01 9.9393788990e-01 6.9652554065e-03 9.9163558152e-01 2.4942091241e+00 0.0000000000e+00 2.8296536721e-03
2.6281470963e-01 9.9507166995e-01 5.5753504171e-03 9.9324369696e-01 2.4954074339e+00 0.0000000000e+00 2.8264295778e-03
2.6563937352e-01 9.9633589585e-01 4.0664929319e-03 9.9501698829e-01 2.4966906051e+00 0.0000000000e+00 2.8228431914e-03
2.6846039601e-01 9.9756859478e-01 2.6251956551e-03 9.9673215145e-01 2.4979037950e+00 0.0000000000e+00 2.8193549945e-03
2.7127808351e-01 9.9864164044e-01 1.3954341515e-03 9.9821336326e-01 2.4989278507e+00 0.0000000000e+00 2.8163255828e-03
2.7409304718e-01 9.9947106563e-01 4.6653644782e-04 9.9934756845e-01 2.4996910936e+00 0.0000000000e+00 2.8139884152e-03
2.7690606034e-01 1.0000222597e+00 -1.3099484376e-04 1.0000912265e+00 2.5001724130e+00 0.0000000000e+00 2.8124373959e-03
2.7971792197e-01 1.0003063491e+00 -4.1867559720e-04 1.0004639934e+00 2.5003939900e+00 0.0000000000e+00 2.8116386571e-03
2.8252933766e-01 1.0003670904e+00 -4.5674172666e-04 1.0005285084e+00 2.5004033970e+00 0.0000000000e+00 2.8114679372e-03
2.8534085784e-01 1.0002521638e+00 -3.0336928155e-04 1.0003521745e+00 2.5002499639e+00 0.0000000000e+00 2.8117909682e-03
2.8815291959e-01 1.0000157269e+00 -1.3733011959e-05 1.0000127319e+00 2.4999925124e+00 0.0000000000e+00 2.8124557687e-03
2.9096576938e-01 9.9973364029e-01 3.1988004580e-04 9.9961774545e-01 2.4997101857e+00 0.0000000000e+00 2.8132493363e-03
2.9377941827e-01 9.9948304149e-01 6.0781503342e-04 9.9927397634e-01 2.4994770668e+00 0.0000000000e+00 2.8139546978e-03
2.9659367878e-01 9.9931907815e-01 7.8819204243e-04 9.9905580963e-01 2.4993413802e+00 0.0000000000e+00 2.8144163976e-03
2.9940825106e-01 9.9926502492e-01 8.3716136597e-04 9.9899167529e-01 2.4993161233e+00 0.0000000000e+00 2.8145686378e-03
3.0222281605e-01 9.9930592968e-01 7.7305735819e-04 9.9905728244e-01 2.4993779502e+00 0.0000000000e+00 2.8144534286e-03
3.0503715792e-01 9.9940315308e-01 6.5015209105e-04 9.9919830189e-01 2.4994875662e+00 0.0000000000e+00 2.8141796345e-03
3.0785117532e-01 9.9952359692e-01 5.0527698703e-04 9.9936855933e-01 2.4996122213e+00 0.0000000000e+00 2.8138405223e-03
3.1066483896e-01 9.9964471954e-01 3.6278490244e-04 9.9953813096e-01 2.4997334338e+00 0.0000000000e+00 2.8134995814e-03
3.1347817448e-01 9.9975275540e-01 2.3732971754e-04 9.9968874752e-01 2.4998399407e+00 0.0000000000e+00 2.8131955474e-03
3.1629123006e-01 9.9984121540e-01 1.3643957001e-04 9.9981082931e-01 2.4999240227e+00 0.0000000000e+00 2.8129466526e-03
3.1910406779e-01 9.9990662965e-01 6.2492748633e-05 9.9990108225e-01 2.4999861302e+00 0.0000000000e+00 2.8127626286e-03
3.2191675532e-01 9.9994994078e-01 1.4334559807e-05 9.9996056829e-01 2.5000265701e+00 0.0000000000e+00 2.8126407986e-03
3.2472934939e-01 9.9997387813e-01 -1.1371378423e-05 9.9999304435e-01 2.5000479168e+00 0.0000000000e+00 2.8125734697e-03
3.2754190226e-01 9.9998186814e-01 -1.9157000132e-05 1.0000037684e+00 2.5000547516e+00 0.0000000000e+00 2.8125509968e-03
3.3035445138e-01 9.9997747069e-01 -1.3699918906e-05 9.9999758025e-01 2.5000502750e+00 0.0000000000e+00 2.8125633651e-03
3.3316702899e-01 9.9996381104e-01 2.4472752299e-06 9.9997862432e-01 2.5000370345e+00 0.0000000000e+00 2.8126017851e-03
3.3597965495e-01 9.9994466095e-01 2.4456269714e-05 9.9995249148e-01 2.5000195774e+00 0.0000000000e+00 2.8126556497e-03
3.3879234028e-01 9.9992455003e-01 4.6524796671e-05 9.9992606047e-01 2.5000037764e+00 0.0000000000e+00 2.8127122191e-03
3.4160507939e-01 9.9990878984e-01 6.3519670731e-05 9.9990545375e-01 2.4999916590e+00 0.0000000000e+00 2.8127565520e-03
3.4441785339e-01 9.9989962856e-01 7.2158789357e-05 9.9989468516e-01 2.4999876402e+00 0.0000000000e+00 2.8127823230e-03
3.4723064403e-01 9.9989784738e-01 7.1326052475e-05 9.9989467812e-01 2.4999920760e+00 0.0000000000e+00 2.8127873336e-03
3.5004342806e-01 9.9990277601e-01 6.3616719020e-05 9.9990297339e-01 2.5000004935e+00 0.0000000000e+00 2.8127734690e-03
3.5285619097e-01 9.9991069884e-01 5.2192873159e-05 9.9991595529e-01 2.5000131423e+00 0.0000000000e+00 2.8127511819e-03
3.5566893042e-01 9.9991991064e-01 3.9328426411e-05 9.9993086185e-01 2.5000273802e+00 0.0000000000e+00 2.8127252694e-03
3.5848164151e-01 9.9992962749e-01 2.6647749840e-05 9.9994570541e-01 2.5000401976e+00 0.0000000000e+00 2.8126979366e-03
3.6129432629e-01 9.9993815953e-01 1.5234531687e-05 9.9995914915e-01 2.5000524773e+00 0.0000000000e+00 2.8126739371e-03
3.6410698939e-01 9.9994457052e-01 5.7282491800e-06 9.9997038920e-01 2.5000645503e+00 0.0000000000e+00 2.8126559041e-03
3.6691963810e-01 9.9994982626e-01 -1.5653449231e-06 9.9997902558e-01 2.5000730020e+00 0.0000000000e+00 2.8126411207e-03
3.6973227163e-01 9.9995290902e-01 -6.5850458428e-06 9.9998495629e-01 2.5000801219e+00 0.0000000000e+00 2.8126324496e-03
3.7254490300e-01 9.9995326715e-01 -9.4549162529e-06 9.9998830614e-01 2.5000876016e+00 0.0000000000e+00 2.8126314423e-03
3.7535753451e-01 9.9995300265e-01 -1.0444524273e-05 9.9998938190e-01 2.5000909524e+00 0.0000000000e+00 2.8126321863e-03
3.7817016737e-01 9.9995069161e-01 -9.9210255102e-06 9.9998852491e-01 2.5000945879e+00 0.0000000000e+00 2.8126386867e-03
3.8098281189e-01 9.9994684211e-01 -8.0591507463e-06 9.9998606243e-01 2.5000980560e+00 0.0000000000e+00 2.8126495145e-03
3.8379546640e-01 9.9994276895e-01 -5.3280132756e-06 9.9998254427e-01 2.5000994440e+00 0.0000000000e+00 2.8126609715e-03
3.8660813383e-01 9.9993764633e-01 -2.3907015429e-06 9.9997875832e-01 2.5001027864e+00 0.0000000000e+00 2.8126753806e-03
3.8942081716e-01 9.9993337101e-01 1.0485136781e-07 9.9997547724e-01 2.5001052726e+00 0.0000000000e+00 2.8126874065e-03
3.9223350864e-01 9.9992916537e-01 1.6833481911e-06 9.9997327117e-01 2.5001102723e+00 0.0000000000e+00 2.8126992365e-03
3.9504621564e-01 9.9992592220e-01 2.1138579335e-06 9.9997240870e-01 2.5001162249e+00 0.0000000000e+00 2.8127083592e-03
3.9785892536e-01 9.9992376978e-01 1.4818307908e-06 9.9997275477e-01 2.5001224718e+00 0.0000000000e+00 2.8127144138e-03
4.0067164446e-01 9.9992093476e-01 1.9332616485e-07 9.9997391358e-01 2.5001324575e+00 0.0000000000e+00 2.8127223886e-03
4.0348437014e-01 9.9991976394e-01 -1.4759527111e-06 9.9997553602e-01 2.5001394414e+00 0.0000000000e+00 2.8127256820e-03
4.0629709583e-01 9.9991750705e-01 -3.3263857423e-06 9.9997737875e-01 2.5001496916e+00 0.0000000000e+00 2.8127320306e-03
4.0910983420e-01 9.9991492662e-01 -5.2123686760e-06 9.9997926456e-01 2.5001608585e+00 0.0000000000e+00 2.8127392892e-03
4.1192257441e-01 9.9991316512e-01 -7.0291675946e-06 9.9998106678e-01 2.5001697689e+00 0.0000000000e+00 2.8127442443e-03
4.1473532269e-01 9.9990940442e-01 -8.7065479249e-06 9.9998270125e-01 2.5001832587e+00 0.0000000000e+00 2.8127548231e-03
4.1754808405e-01 9.9990706471e-01 -1.0206807611e-05 9.9998412350e-01 2.5001926649e+00 0.0000000000e+00 2.8127614048e-03
4.2036084550e-01 9.9990149106e-01 -1.1527871786e-05 9.9998533075e-01 2.5002096199e+00 0.0000000000e+00 2.8127770837e-03
4.2317363822e-01 9.9989907108e-01 -1.2707356134e-05 9.9998636575e-01 2.5002182587e+00 0.0000000000e+00 2.8127838912e-03
4.2598641328e-01 9.9989226215e-01 -1.3822372156e-05 9.9998731555e-01 2.5002376591e+00 0.0000000000e+00 2.8128030454e-03
4.2879924431e-01 9.9988900465e-01 -1.4984918227e-05 9.9998830629e-01 2.5002482816e+00 0.0000000000e+00 2.8128122091e-03
4.3161203770e-01 9.9987974155e-01 -1.6332434001e-05 9.9998949359e-01 2.5002744131e+00 0.0000000000e+00 2.8128382676e-03
4.3442492085e-01 9.9987893232e-01 -1.8016066148e-05 9.9999105060e-01 2.5002803296e+00 0.0000000000e+00 2.8128405441e-03
4.3723771879e-01 9.9986461838e-01 -2.0189885380e-05 9.9999315660e-01 2.5003213891e+00 0.0000000000e+00 2.8128808124e-03
4.4005068247e-01 9.9986987895e-01 -2.3004667363e-05 9.9999598914e-01 2.5003153165e+00 0.0000000000e+00 2.8128660131e-03
4.4286345081e-01 9.9984360538e-01 -2.6604631307e-05 9.9999972055e-01 2.5003903490e+00 0.0000000000e+00 2.8129399287e-03
4.4567656233e-01 9.9986725115e-01 -3.1130348598e-05 1.0000045176e+00 2.5003432118e+00 0.0000000000e+00 2.8128734057e-03
4.4848919762e-01 9.9981143871e-01 -3.6718399818e-05 1.0000105466e+00 2.5004978637e+00 0.0000000000e+00 2.8130304286e-03
4.5130262319e-01 9.9987949301e-01 -4.3512398536e-05 1.0000179743e+00 2.5003462450e+00 0.0000000000e+00 2.8128389668e-03
4.5411487556e-01 9.9975093520e-01 -5.1653905734e-05 1.0000269801e+00 2.5006902841e+00 0.0000000000e+00 2.8132006693e-03
4.5692902452e-01 9.9993300956e-01 -6.1311480242e-05 1.0000377460e+00 2.5002618585e+00 0.0000000000e+00 2.8126884232e-03
4.5974025240e-01 9.9962099588e-01 -7.2636284320e-05 1.0000504850e+00 2.5010741299e+00 0.0000000000e+00 2.8135663532e-03
4.6255615723e-01 1.0000914964e+00 -8.5849547649e-05 1.0000653939e+00 2.4999347496e+00 0.0000000000e+00 2.8122426898e-03
4.6536473778e-01 9.9931537571e-01 -1.0108097371e-04 1.0000827353e+00 2.5019197134e+00 0.0000000000e+00 2.8144268250e-03
4.6818501088e-01 1.0005232324e+00 -1.1865387629e-04 1.0001026854e+00 2.4989491825e+00 0.0000000000e+00 2.8110291785e-03
4.7098679614e-01 9.9855554414e-01 -1.3855418489e-04 1.0001255820e+00 2.5039307725e+00 0.0000000000e+00 2.8165684087e-03
4.7381814770e-01 1.0016785210e+00 -1.6136197707e-04 1.0001514829e+00 2.4961888019e+00 0.0000000000e+00 2.8077870705e-03
4.7660237028e-01 9.9660419529e-01 -1.8656325134e-04 1.0001808717e+00 2.5089721587e+00 0.0000000000e+00 2.8220832436e-03
4.7946231418e-01 1.0047906275e+00 -2.1551283449e-04 1.0002134825e+00 2.4886116946e+00 0.0000000000e+00 2.7990905997e-03
4.8220055148e-01 9.9148695670e-01 -2.4618111789e-04 1.0002501032e+00 2.5220959702e+00 0.0000000000e+00 2.8366485116e-03
4.8513561121e-01 1.0134008354e+00 -2.8231295767e-04 1.0002898337e+00 2.4676559334e+00 0.0000000000e+00 2.7753085470e-03
4.8775116857e-01 9.7781745757e-01 -3.1746480789e-04 1.0003338876e+00 2.5575680815e+00 0.0000000000e+00 2.8763037295e-03
4.9088821867e-01 1.0389481402e+00 -3.6255175164e-04 1.0003807934e+00 2.4071961695e+00 0.0000000000e+00 2.7070648584e-03
4.9316529829e-01 9.4087297211e-01 -3.9844907714e-04 1.0004309779e+00 2.6582519840e+00 0.0000000000e+00 2.9892451833e-03
4.9686670903e-01 1.1997822077e+00 -4.5724703269e-04 1.0004859618e+00 2.0847241177e+00 0.0000000000e+00 2.3441754528e-03
4.9785364920e-01 5.4249285736e-01 -4.7976917935e-04 1.0005172446e+00 4.6107392521e+00 0.0000000000e+00 5.1844000558e-03
5.0723550915e-01 1.4436431736e-01 -6.2868153617e-04 1.0005686848e+00 1.7327146747e+01 0.0000000000e+00 1.9481960996e-02
5.3681757119e-01 1.1804489127e-01 -1.1473199194e-03 1.0006385205e+00 2.1191906521e+01 0.0000000000e+00 2.3825681651e-02
5.5488687245e-01 1.3000328358e-01 -1.4333481398e-03 1.0007210268e+00 1.9244149055e+01 0.0000000000e+00 2.1634068944e-02
5.8008570908e-01 1.2233214529e-01 -1.7229963355e-03 1.0007773958e+00 2.0452052759e+01 0.0000000000e+00 2.2990686490e-02
6.0086824543e-01 1.2684663361e-01 -1.8124923290e-03 1.0007848440e+00 1.9724308315e+01 0.0000000000e+00 2.2172444943e-02
6.2443059896e-01 1.2399939973e-01 -1.6786618777e-03 1.0007091126e+00 2.0175684614e+01 0.0000000000e+00 2.2681561411e-02
6.4623136825e-01 1.2573151271e-01 -1.2048627787e-03 1.0004928762e+00 1.9893439095e+01 0.0000000000e+00 2.2369093788e-02
6.6916878654e-01 1.2458175213e-01 -3.1160215144e-04 1.0001216498e+00 2.0069585487e+01 0.0000000000e+00 2.2575537363e-02
6.9138244297e-01 1.2524533524e-01 9.3817526049e-04 9.9958109891e-01 1.9952461643e+01 0.0000000000e+00 2.2455926160e-02
7.1408063886e-01 1.2472876807e-01 2.4679697620e-03 9.9893943304e-01 2.0022234015e+01 0.0000000000e+00 2.2548927915e-02
7.3648029880e-01 1.2496658972e-01 4.0420626699e-03 9.9827249467e-01 1.9970787730e+01 0.0000000000e+00 2.2506015458e-02
7.5909266978e-01 1.2472193937e-01 5.4310038002e-03 9.9771002558e-01 1.9998687293e+01 0.0000000000e+00 2.2550162500e-02
7.8158062380e-01 1.2481188149e-01 6.3043857448e-03 9.9732706841e-01 1.9976605122e+01 0.0000000000e+00 2.2533912369e-02
8.0416049451e-01 1.2471797238e-01 6.5424840474e-03 9.9720189682e-01 1.9989137848e+01 0.0000000000e+00 2.2550879767e-02
8.2668238334e-01 1.2477571273e-01 6.1779848628e-03 9.9727758023e-01 1.9981404201e+01 0.0000000000e+00 2.2540444277e-02
8.4924138307e-01 1.2476183113e-01 5.6188400939e-03 9.9750476756e-01 1.9988179849e+01 0.0000000000e+00 2.2542952236e-02
8.7176828781e-01 1.2480773732e-01 5.1978505946e-03 9.9777589999e-01 1.9986258893e+01 0.0000000000e+00 2.2534660593e-02
8.9431070425e-01 1.2480851420e-01 4.9149194988e-03 9.9793685789e-01 1.9989358585e+01 0.0000000000e+00 2.2534520326e-02
9.1683732846e-01 1.2482362097e-01 4.8507347110e-03 9.9798695192e-01 1.9987942670e+01 0.0000000000e+00 2.2531793086e-02
9.3937429043e-01 1.2480787524e-01 4.7342365708e-03 9.9780270108e-01 1.9986773655e+01 0.0000000000e+00 2.2534635693e-02
9.6190659985e-01 1.2477647718e-01 4.5708339711e-03 9.9759023952e-01 1.9987546172e+01 0.0000000000e+00 2.2540306183e-02
9.8445490279e-01 1.2473222515e-01 4.8333589230e-03 9.9753431732e-01 1.9993516433e+01 0.0000000000e+00 2.2548302947e-02
