# x  rho  v  p  e  w  vol
1.4062500000e-03 1.0000000000e+00 -2.4566590315e-14 1.0000000000e+00 2.5000000000e+00 0.0000000000e+00 2.8125000000e-03
4.2187500000e-03 1.0000000000e+00 -2.4809841921e-14 1.0000000000e+00 2.5000000000e+00 0.0000000000e+00 2.8125000000e-03
7.0312500000e-03 1.0000000000e+00 -2.5105567374e-14 1.0000000000e+00 2.5000000000e+00 0.0000000000e+00 2.8125000000e-03
9.8437500000e-03 1.0000000000e+00 -2.5485320936e-14 1.0000000000e+00 2.5000000000e+00 0.0000000000e+00 2.8125000000e-03
1.2656250000e-02 1.0000000000e+00 -2.5971716788e-14 1.0000000000e+00 2.5000000000e+00 0.0000000000e+00 2.8125000000e-03
1.5468750000e-02 1.0000000000e+00 -2.6278959917e-14 1.0000000000e+00 2.5000000000e+00 0.0000000000e+00 2.8125000000e-03
1.8281250000e-02 1.0000000000e+00 -2.6402679386e-14 1.0000000000e+00 2.5000000000e+00 0.0000000000e+00 2.8125000000e-03
2.1093750000e-02 1.0000000000e+00 -2.6398366037e-14 1.0000000000e+00 2.5000000000e+00 0.0000000000e+00 2.8125000000e-03
2.3906250000e-02 1.0000000000e+00 -2.6000221366e-14 1.0000000000e+00 2.5000000000e+00 0.0000000000e+00 2.8125000000e-03
2.6718750000e-02 1.0000000000e+00 -2.5833873469e-14 1.0000000000e+00 2.5000000000e+00 0.0000000000e+00 2.8125000000e-03
2.9531250000e-02 1.0000000000e+00 -2.5730402968e-14 1.0000000000e+00 2.5000000000e+00 0.0000000000e+00 2.8125000000e-03
3.2343750000e-02 1.0000000000e+00 -2.5012028701e-14 1.0000000000e+00 2.5000000000e+00 0.0000000000e+00 2.8125000000e-03
3.5156250000e-02 1.0000000000e+00 -2.4482025840e-14 1.0000000000e+00 2.5000000000e+00 0.0000000000e+00 2.8125000000e-03
3.7968750000e-02 1.0000000000e+00 -2.4230137746e-14 1.0000000000e+00 2.5000000000e+00 0.0000000000e+00 2.8125000000e-03
4.0781250000e-02 1.0000000000e+00 -2.4647055040e-14 1.0000000000e+00 2.5000000000e+00 0.0000000000e+00 2.8125000000e-03
4.3593750000e-02 1.0000000000e+00 -2.5813961657e-14 1.0000000000e+00 2.5000000000e+00 0.0000000000e+00 2.8125000000e-03
4.6406250000e-02 1.0000000000e+00 -2.5965948550e-14 1.0000000000e+00 2.5000000000e+00 0.0000000000e+00 2.8125000000e-03
4.9218750000e-02 1.0000000000e+00 -2.6102337680e-14 1.0000000000e+00 2.5000000000e+00 0.0000000000e+00 2.8125000000e-03
5.2031250000e-02 1.0000000000e+00 -2.6674836276e-14 1.0000000000e+00 2.5000000000e+00 0.0000000000e+00 2.8125000000e-03
5.4843750000e-02 1.0000000000e+00 -2.7303523563e-14 1.0000000000e+00 2.5000000000e+00 0.0000000000e+00 2.8125000000e-03
5.7656250000e-02 1.0000000000e+00 -2.4899907874e-14 1.0000000000e+00 2.5000000000e+00 0.0000000000e+00 2.8125000000e-03
6.0468750000e-02 1.0000000000e+00 -2.3254495350e-14 1.0000000000e+00 2.5000000000e+00 0.0000000000e+00 2.8125000000e-03
6.3281250000e-02 1.0000000000e+00 -2.5666696405e-14 1.0000000000e+00 2.5000000000e+00 0.0000000000e+00 2.8125000000e-03
6.6093750000e-02 1.0000000000e+00 -2.6208212530e-14 1.0000000000e+00 2.5000000000e+00 0.0000000000e+00 2.8125000000e-03
6.8906250000e-02 1.0000000000e+00 -2.2200487233e-14 1.0000000000e+00 2.5000000000e+00 0.0000000000e+00 2.8125000000e-03
7.1718750000e-02 1.0000000000e+00 -2.2834343169e-14 1.0000000000e+00 2.5000000000e+00 0.0000000000e+00 2.8125000000e-03
7.4531250000e-02 1.0000000000e+00 -2.3982372166e-14 1.0000000000e+00 2.5000000000e+00 0.0000000000e+00 2.8125000000e-03
7.7343750000e-02 1.0000000000e+00 -2.5730831955e-14 1.0000000000e+00 2.5000000000e+00 0.0000000000e+00 2.8125000000e-03
8.0156250000e-02 1.0000000000e+00 -2.5434498714e-14 1.0000000000e+00 2.5000000000e+00 0.0000000000e+00 2.8125000000e-03
8.2968750000e-02 1.0000000000e+00 -1.9576173770e-14 1.0000000000e+00 2.5000000000e+00 0.0000000000e+00 2.8125000000e-03
8.5781250000e-02 1.0000000000e+00 3.2725191945e-14 1.0000000000e+00 2.5000000000e+00 0.0000000000e+00 2.8125000000e-03
8.8593750000e-02 1.0000000000e+00 6.9420739540e-14 1.0000000000e+00 2.5000000000e+00 0.0000000000e+00 2.8125000000e-03
9.1406250000e-02 1.0000000000e+00 4.6090563100e-13 1.0000000000e+00 2.5000000000e+00 0.0000000000e+00 2.8125000000e-03
9.4218750000e-02 1.0000000000e+00 4.6220873991e-13 1.0000000000e+00 2.5000000000e+00 0.0000000000e+00 2.8125000000e-03
9.7031250000e-02 1.0000000000e+00 2.5131053893e-12 1.0000000000e+00 2.5000000000e+00 0.0000000000e+00 2.8125000000e-03
9.9843750000e-02 1.0000000000e+00 2.5431609083e-12 9.9999999999e-01 2.5000000000e+00 0.0000000000e+00 2.8125000000e-03
1.0265625000e-01 1.0000000000e+00 1.2674206961e-11 9.9999999999e-01 2.5000000000e+00 0.0000000000e+00 2.8125000000e-03
1.0546875000e-01 9.9999999998e-01 1.2684418324e-11 9.9999999997e-01 2.5000000000e+00 0.0000000000e+00 2.8125000001e-03
1.0828125000e-01 9.9999999998e-01 5.9434084603e-11 9.9999999997e-01 2.5000000000e+00 0.0000000000e+00 2.8125000001e-03
1.1109375000e-01 9.9999999989e-01 5.9445339814e-11 9.9999999985e-01 2.4999999999e+00 0.0000000000e+00 2.8125000003e-03
1.1390625000e-01 9.9999999989e-01 2.6060834788e-10 9.9999999985e-01 2.4999999999e+00 0.0000000000e+00 2.8125000003e-03
1.1671875000e-01 9.9999999955e-01 2.6060671602e-10 9.9999999937e-01 2.4999999996e+00 0.0000000000e+00 2.8125000013e-03
1.1953125000e-01 9.9999999955e-01 1.0468069675e-09 9.9999999937e-01 2.4999999996e+00 0.0000000000e+00 2.8125000013e-03
1.2234375000e-01 9.9999999831e-01 1.0466327839e-09 9.9999999763e-01 2.4999999983e+00 0.0000000000e+00 2.8125000048e-03
1.2515625001e-01 9.9999999831e-01 3.6350780044e-09 9.9999999764e-01 2.4999999983e+00 0.0000000000e+00 2.8125000047e-03
1.2796875001e-01 9.9999999483e-01 3.6237769344e-09 9.9999999276e-01 2.4999999948e+00 0.0000000000e+00 2.8125000145e-03
1.3078125004e-01 9.9999999497e-01 8.8056856348e-09 9.9999999294e-01 2.4999999949e+00 0.0000000000e+00 2.8125000141e-03
1.3359375004e-01 9.9999999185e-01 7.4768855986e-09 9.9999998849e-01 2.4999999916e+00 0.0000000000e+00 2.8125000229e-03
1.3640625009e-01 9.9999999784e-01 -3.5506815631e-11 9.9999999603e-01 2.4999999955e+00 0.0000000000e+00 2.8125000061e-03
1.3921875005e-01 1.0000000161e+00 -2.5810814245e-08 1.0000000204e+00 2.5000000106e+00 0.0000000000e+00 2.8124999546e-03
1.4203125000e-01 1.0000000742e+00 -1.0141628120e-07 1.0000000989e+00 2.5000000617e+00 0.0000000000e+00 2.8124997913e-03
1.4484374964e-01 1.0000002111e+00 -2.8258225530e-07 1.0000002838e+00 2.5000001818e+00 0.0000000000e+00 2.8124994064e-03
1.4765624881e-01 1.0000005245e+00 -6.8539404058e-07 1.0000007117e+00 2.5000004680e+00 0.0000000000e+00 2.8124985247e-03
1.5046874669e-01 1.0000011782e+00 -1.5214050282e-06 1.0000016028e+00 2.5000010614e+00 0.0000000000e+00 2.8124966863e-03
1.5328124218e-01 1.0000024961e+00 -3.1902076686e-06 1.0000034098e+00 2.5000022841e+00 0.0000000000e+00 2.8124929797e-03
1.5609373264e-01 1.0000050314e+00 -6.3863109603e-06 1.0000068836e+00 2.5000046303e+00 0.0000000000e+00 2.8124858492e-03
1.5890621388e-01 1.0000097708e+00 -1.2326490767e-05 1.0000134006e+00 2.5000090744e+00 0.0000000000e+00 2.8124725198e-03
1.6171867768e-01 1.0000183556e+00 -2.3040024945e-05 1.0000252051e+00 2.5000171234e+00 0.0000000000e+00 2.8124483757e-03
1.6453111063e-01 1.0000335243e+00 -4.1892262840e-05 1.0000461130e+00 2.5000314706e+00 0.0000000000e+00 2.8124057161e-03
1.6734348912e-01 1.0000596669e+00 -7.4262964473e-05 1.0000821585e+00 2.5000562256e+00 0.0000000000e+00 2.8123321968e-03
1.7015577503e-01 1.0001037367e+00 -1.2864905839e-04 1.0001430296e+00 2.5000982221e+00 0.0000000000e+00 2.8122082708e-03
1.7296790566e-01 1.0001764358e+00 -2.1806953397e-04 1.0002434969e+00 2.5001676231e+00 0.0000000000e+00 2.8120038618e-03
1.7577978275e-01 1.0002939330e+00 -3.6215886193e-04 1.0004061059e+00 2.5002803499e+00 0.0000000000e+00 2.8116735564e-03
1.7859125277e-01 1.0004800570e+00 -5.8970133371e-04 1.0006638603e+00 2.5004592877e+00 0.0000000000e+00 2.8111504875e-03
1.8140208372e-01 1.0007691320e+00 -9.4207436000e-04 1.0010647046e+00 2.5007383638e+00 0.0000000000e+00 2.8103384789e-03
1.8421192973e-01 1.0012093469e+00 -1.4770019405e-03 1.0016756331e+00 2.5011643075e+00 0.0000000000e+00 2.8091028203e-03
1.8702028936e-01 1.0018664425e+00 -2.2729538547e-03 1.0025887754e+00 2.5018024679e+00 0.0000000000e+00 2.8072604098e-03
1.8982645055e-01 1.0028272710e+00 -3.4326754061e-03 1.0039254992e+00 2.5027378299e+00 0.0000000000e+00 2.8045707186e-03
1.9262943080e-01 1.0042019280e+00 -5.0854484446e-03 1.0058410829e+00 2.5040807402e+00 0.0000000000e+00 2.8007315277e-03
1.9542791360e-01 1.0061228300e+00 -7.3844065367e-03 1.0085222750e+00 2.5059621075e+00 0.0000000000e+00 2.7953843370e-03
1.9822019948e-01 1.0087397606e+00 -1.0492248818e-02 1.0121827550e+00 2.5085329104e+00 0.0000000000e+00 2.7881323905e-03
2.0100417838e-01 1.0120121694e+00 -1.4550572545e-02 1.0168519026e+00 2.5119557190e+00 0.0000000000e+00 2.7791167786e-03
2.0377843303e-01 1.0153647078e+00 -1.8636253760e-02 1.0216696912e+00 2.5155239377e+00 0.0000000000e+00 2.7699406709e-03
2.0654405973e-01 1.0180958989e+00 -2.1798261438e-02 1.0255146261e+00 2.5182171620e+00 0.0000000000e+00 2.7625099002e-03
2.0930345283e-01 1.0199850721e+00 -2.3892895490e-02 1.0281664632e+00 2.5200527226e+00 0.0000000000e+00 2.7573932961e-03
2.1205884632e-01 1.0211189678e+00 -2.5092610839e-02 1.0297334644e+00 2.5210908250e+00 0.0000000000e+00 2.7543313645e-03
2.1481211556e-01 1.0217313080e+00 -2.5601946211e-02 1.0306088163e+00 2.5217217290e+00 0.0000000000e+00 2.7526806489e-03
2.1756420762e-01 1.0217993114e+00 -2.5840737444e-02 1.0306204048e+00 2.5215822551e+00 0.0000000000e+00 2.7524974508e-03
2.2031711046e-01 1.0219696557e+00 -2.5069561683e-02 1.0309520583e+00 2.5219732616e+00 0.0000000000e+00 2.7520386582e-03
2.2306828493e-01 1.0198633273e+00 -2.5059771137e-02 1.0278802830e+00 2.5196520345e+00 0.0000000000e+00 2.7577224563e-03
2.2583255538e-01 1.0199143187e+00 -2.0276925676e-02 1.0280452996e+00 2.5199305491e+00 0.0000000000e+00 2.7575845819e-03
2.2858345410e-01 1.0131765122e+00 -2.0207863940e-02 1.0184505642e+00 2.5130136553e+00 0.0000000000e+00 2.7759230164e-03
2.3138440141e-01 1.0132430609e+00 -9.5249561056e-03 1.0186508919e+00 2.5133428770e+00 0.0000000000e+00 2.7757406969e-03
2.3413493549e-01 1.0020683482e+00 -9.5246103806e-03 1.0028414356e+00 2.5019287292e+00 0.0000000000e+00 2.8066947780e-03
2.3699779097e-01 1.0021716902e+00 4.7944200453e-03 1.0031139023e+00 2.5023504257e+00 0.0000000000e+00 2.8064053569e-03
2.3974774620e-01 9.9003831079e-01 4.7928258963e-03 9.8602218838e-01 2.4898586692e+00 0.0000000000e+00 2.8407991583e-03
2.4267938928e-01 9.9014341445e-01 1.7572039724e-02 9.8630414823e-01 2.4903062875e+00 0.0000000000e+00 2.8404976077e-03
2.4542874142e-01 9.8187484344e-01 1.7554399861e-02 9.7465414714e-01 2.4816150288e+00 0.0000000000e+00 2.8644180252e-03
2.4840822533e-01 9.8214735398e-01 2.2779559115e-02 9.7514375946e-01 2.4821727501e+00 0.0000000000e+00 2.8636232522e-03
2.5115598792e-01 9.8154182043e-01 2.1991378814e-02 9.7410014129e-01 2.4810459448e+00 0.0000000000e+00 2.8653898810e-03
2.5413900509e-01 9.8346087303e-01 1.9099214376e-02 9.7688822196e-01 2.4832920372e+00 0.0000000000e+00 2.8597985717e-03
2.5687558507e-01 9.8668847127e-01 1.4774796127e-02 9.8113276945e-01 2.4859233639e+00 0.0000000000e+00 2.8504437641e-03
2.5983989262e-01 9.9113040389e-01 9.9614195885e-03 9.8795263836e-01 2.4919844919e+00 0.0000000000e+00 2.8376689777e-03
2.6255092302e-01 9.9425012554e-01 5.8260129431e-03 9.9181013588e-01 2.4938647489e+00 0.0000000000e+00 2.8287650439e-03
2.6549742271e-01 9.9698214241e-01 3.4924929116e-03 9.9622003341e-01 2.4980889603e+00 0.0000000000e+00 2.8210134168e-03
2.6819294986e-01 9.9797928312e-01 1.6743305670e-03 9.9681859338e-01 2.4970924002e+00 0.0000000000e+00 2.8181947738e-03
2.7113381226e-01 9.9919525205e-01 9.0141401202e-04 9.9938668842e-01 2.5004789764e+00 0.0000000000e+00 2.8147651765e-03
2.7382248021e-01 9.9932952713e-01 5.2762126548e-04 9.9862727185e-01 2.4982431839e+00 0.0000000000e+00 2.8143869701e-03
2.7676258620e-01 9.9976231808e-01 4.8105016698e-04 1.0001737002e+00 2.5010286999e+00 0.0000000000e+00 2.8131686393e-03
2.7944881749e-01 9.9899858564e-01 4.5365964813e-04 9.9812686880e-01 2.4978185233e+00 0.0000000000e+00 2.8153193012e-03
2.8239322480e-01 9.9933608834e-01 1.9546679517e-03 9.9959468215e-01 2.5006469140e+00 0.0000000000e+00 2.8143684921e-03
2.8507755447e-01 9.9692178646e-01 1.9469997007e-03 9.9520392697e-01 2.4956920906e+00 0.0000000000e+00 2.8211842074e-03
2.8803559322e-01 9.9727729240e-01 4.7667587173e-03 9.9673519314e-01 2.4986410518e+00 0.0000000000e+00 2.8201785215e-03
2.9071791152e-01 9.9505493292e-01 4.7369552810e-03 9.9257635893e-01 2.4937727710e+00 0.0000000000e+00 2.8264771190e-03
2.9368854745e-01 9.9560185301e-01 5.3706087391e-03 9.9437653464e-01 2.4969231717e+00 0.0000000000e+00 2.8249244329e-03
2.9636776038e-01 9.9559801178e-01 4.9040292373e-03 9.9328505467e-01 2.4941920406e+00 0.0000000000e+00 2.8249353321e-03
2.9933841812e-01 9.9685165506e-01 3.8310675185e-03 9.9614224373e-01 2.4982208704e+00 0.0000000000e+00 2.8213826859e-03
3.0201052575e-01 9.9760183578e-01 2.2485170915e-03 9.9608278352e-01 2.4961932401e+00 0.0000000000e+00 2.8192610510e-03
3.0497694022e-01 9.9935928060e-01 6.7679312723e-04 9.9974435435e-01 2.5009633016e+00 0.0000000000e+00 2.8143031787e-03
3.0763913211e-01 9.9995977589e-01 -4.4942304070e-04 9.9942638858e-01 2.4986664781e+00 0.0000000000e+00 2.8126131349e-03
3.1060216649e-01 1.0010523653e+00 -1.1376310638e-03 1.0021245873e+00 2.5026777369e+00 0.0000000000e+00 2.8095433340e-03
3.1325821878e-01 1.0009258620e+00 -1.5168645334e-03 1.0007231710e+00 2.4994937413e+00 0.0000000000e+00 2.8098984218e-03
3.1622196333e-01 1.0015640689e+00 -1.6704749169e-03 1.0028604204e+00 2.5032358176e+00 0.0000000000e+00 2.8081079256e-03
3.1887443463e-01 1.0011258002e+00 -1.7284277679e-03 1.0009562458e+00 2.4995765908e+00 0.0000000000e+00 2.8093372476e-03
3.2184063783e-01 1.0016553778e+00 -1.6224925013e-03 1.0030222033e+00 2.5034114164e+00 0.0000000000e+00 2.8078519442e-03
3.2449013852e-01 1.0007915510e+00 -1.6339997997e-03 1.0004533965e+00 2.4991552824e+00 0.0000000000e+00 2.8102755235e-03
3.2746118887e-01 1.0013273245e+00 -7.9231627205e-04 1.0025965409e+00 2.5031688349e+00 0.0000000000e+00 2.8087718483e-03
3.3010768221e-01 9.9968387580e-01 -8.0622962954e-04 9.9887047362e-01 2.4979658515e+00 0.0000000000e+00 2.8133893805e-03
3.3308796764e-01 1.0002404897e+00 8.7013611678e-04 1.0011124152e+00 2.5021792895e+00 0.0000000000e+00 2.8118237853e-03
3.3573132978e-01 9.9815659387e-01 8.5532604087e-04 9.9670047648e-01 2.4963529836e+00 0.0000000000e+00 2.8176941547e-03
3.3872335595e-01 9.9874124383e-01 2.4321801084e-03 9.9904909732e-01 2.5007706037e+00 0.0000000000e+00 2.8160447137e-03
3.4136341921e-01 9.9732129697e-01 2.4045906702e-03 9.9549809322e-01 2.4954297483e+00 0.0000000000e+00 2.8200540874e-03
3.4436346412e-01 9.9803126224e-01 2.5328333720e-03 9.9807153450e-01 2.5001008792e+00 0.0000000000e+00 2.8180479975e-03
3.4699951521e-01 9.9766117005e-01 2.2922173574e-03 9.9593002785e-01 2.4956619986e+00 0.0000000000e+00 2.8190933800e-03
3.5000165088e-01 9.9872771261e-01 1.7920407693e-03 9.9908836252e-01 2.5009027734e+00 0.0000000000e+00 2.8160828667e-03
3.5263168094e-01 9.9862414216e-01 1.0460629094e-03 9.9724914469e-01 2.4965577703e+00 0.0000000000e+00 2.8163749315e-03
3.5563440074e-01 9.9992338094e-01 2.8046116793e-04 1.0008265986e+00 2.5022582173e+00 0.0000000000e+00 2.8127155076e-03
3.5825711196e-01 9.9976632877e-01 -3.1666487413e-04 9.9884131729e-01 2.4976869308e+00 0.0000000000e+00 2.8131573539e-03
3.6126071545e-01 1.0008305729e+00 -6.9677461309e-04 1.0021470936e+00 2.5032885703e+00 0.0000000000e+00 2.8101659522e-03
3.6387744386e-01 1.0003020287e+00 -9.3839410394e-04 9.9952603976e-01 2.4980606134e+00 0.0000000000e+00 2.8116508008e-03
3.6688401705e-01 1.0011630442e+00 -1.0367356659e-03 1.0026683035e+00 2.5037587765e+00 0.0000000000e+00 2.8092327380e-03
3.6949590934e-01 1.0004012943e+00 -1.0987570544e-03 9.9959695023e-01 2.4979899464e+00 0.0000000000e+00 2.8113718124e-03
3.7250676068e-01 1.0012322921e+00 -9.2604894773e-04 1.0028319392e+00 2.5039941957e+00 0.0000000000e+00 2.8090384442e-03
3.7511398622e-01 9.9999323921e-01 -9.5271298125e-04 9.9896329140e-01 2.4974251131e+00 0.0000000000e+00 2.8125190149e-03
3.7813179871e-01 1.0008640986e+00 -9.5355276863e-05 1.0023881656e+00 2.5038068780e+00 0.0000000000e+00 2.8100718209e-03
3.8073412987e-01 9.9900337923e-01 -1.2747793928e-04 9.9750396045e-01 2.4962477134e+00 0.0000000000e+00 2.8153057922e-03
3.8376241029e-01 9.9991987726e-01 1.1694184864e-03 1.0011566238e+00 2.5030921141e+00 0.0000000000e+00 2.8127253633e-03
3.8635958059e-01 9.9802253474e-01 1.1330597835e-03 9.9604166937e-01 2.4950380244e+00 0.0000000000e+00 2.8180726407e-03
3.8939855557e-01 9.9898519691e-01 1.9281569580e-03 9.9995436677e-01 2.5024253860e+00 0.0000000000e+00 2.8153570330e-03
3.9199029466e-01 9.9777948452e-01 1.8533836698e-03 9.9560001280e-01 2.4945391949e+00 0.0000000000e+00 2.8187590982e-03
3.9503607377e-01 9.9886519103e-01 1.7257744635e-03 9.9988191266e-01 2.5025446918e+00 0.0000000000e+00 2.8156952762e-03
3.9762168521e-01 9.9807839070e-01 1.5010437753e-03 9.9591084120e-01 2.4945706932e+00 0.0000000000e+00 2.8179149315e-03
4.0067190363e-01 9.9939435078e-01 1.2072494049e-03 1.0007401141e+00 2.5033664473e+00 0.0000000000e+00 2.8142044207e-03
4.0325009405e-01 9.9869945480e-01 7.4172405805e-04 9.9669667273e-01 2.4949865246e+00 0.0000000000e+00 2.8161625467e-03
4.0630422873e-01 1.0002044912e+00 2.4410945990e-04 1.0019786869e+00 2.5044345823e+00 0.0000000000e+00 2.8119249860e-03
4.0887394403e-01 9.9941699041e-01 -2.2237010360e-04 9.9763244427e-01 2.4955360321e+00 0.0000000000e+00 2.8141406710e-03
4.1193251007e-01 1.0009878123e+00 -5.4500390735e-04 1.0031845816e+00 2.5054865037e+00 0.0000000000e+00 2.8097245197e-03
4.1449339306e-01 9.9983547002e-01 -8.5920545364e-04 9.9811795749e-01 2.4957055121e+00 0.0000000000e+00 2.8129628167e-03
4.1755843570e-01 1.0014836248e+00 -1.0075403663e-03 1.0039961193e+00 2.5062719311e+00 0.0000000000e+00 2.8083334868e-03
4.2011006004e-01 9.9979902507e-01 -1.1785288938e-03 9.9797287803e-01 2.4954337147e+00 0.0000000000e+00 2.8130653556e-03
4.2318456641e-01 1.0017261911e+00 -5.5657902144e-04 1.0044235188e+00 2.5067316992e+00 0.0000000000e+00 2.8076534536e-03
4.2572536695e-01 9.9846930425e-01 -6.9113071623e-04 9.9605402456e-01 2.4939525440e+00 0.0000000000e+00 2.8168116817e-03
4.2881818978e-01 1.0009935199e+00 8.7189822797e-04 1.0034685846e+00 2.5061815205e+00 0.0000000000e+00 2.8097084988e-03
4.3134478394e-01 9.9751799072e-01 6.2075629648e-04 9.9464180509e-01 2.4927916447e+00 0.0000000000e+00 2.8194980203e-03
4.3445718582e-01 1.0010702086e+00 4.8998073948e-04 1.0036165225e+00 2.5063589792e+00 0.0000000000e+00 2.8094932561e-03
4.3696377046e-01 9.9675193893e-01 1.4749728124e-04 9.9351197712e-01 2.4918737008e+00 0.0000000000e+00 2.8216649401e-03
4.4010051570e-01 1.0017727710e+00 2.1930478243e-03 1.0046935895e+00 2.5072891245e+00 0.0000000000e+00 2.8075229049e-03
4.4257881627e-01 9.9407704118e-01 1.7000244647e-03 9.8972409003e-01 2.4890527822e+00 0.0000000000e+00 2.8292575761e-03
4.4575903085e-01 1.0016204406e+00 1.4789843187e-03 1.0043388850e+00 2.5067851161e+00 0.0000000000e+00 2.8079498840e-03
4.4819471603e-01 9.9489590658e-01 6.3844151128e-04 9.9100751486e-01 2.4902291494e+00 0.0000000000e+00 2.8269289092e-03
4.5141288867e-01 1.0052528888e+00 6.3371196595e-04 1.0096846105e+00 2.5110214100e+00 0.0000000000e+00 2.7978034497e-03
4.5379032293e-01 9.9163126328e-01 -3.2373675240e-04 9.8623717463e-01 2.4864009717e+00 0.0000000000e+00 2.8362357099e-03
4.5708536009e-01 1.0055768927e+00 1.5059136353e-03 1.0100286612e+00 2.5110676981e+00 0.0000000000e+00 2.7969019779e-03
4.5938412689e-01 9.9188114071e-01 -2.1406836152e-04 9.8669577003e-01 2.4869304636e+00 0.0000000000e+00 2.8355211976e-03
4.6275640248e-01 1.0104646628e+00 -1.2221767008e-03 1.0175196178e+00 2.5174547298e+00 0.0000000000e+00 2.7833729408e-03
4.6495087277e-01 9.8782963745e-01 -3.0561932470e-03 9.8048299922e-01 2.4814071224e+00 0.0000000000e+00 2.8471508582e-03
4.6845070420e-01 1.0110154646e+00 1.9926301010e-03 1.0190289464e+00 2.5198154283e+00 0.0000000000e+00 2.7818565575e-03
4.7051458588e-01 9.8555695996e-01 7.6513000336e-05 9.7670097976e-01 2.4775355952e+00 0.0000000000e+00 2.8537163394e-03
4.7415813688e-01 1.0147662053e+00 -8.4339624720e-04 1.0254092797e+00 2.5262205085e+00 0.0000000000e+00 2.7715743638e-03
4.7605773461e-01 9.8172302703e-01 -2.8772561451e-03 9.7004388934e-01 2.4702585725e+00 0.0000000000e+00 2.8648609868e-03
4.7988785885e-01 1.0169232694e+00 2.5865634387e-03 1.0294511081e+00 2.5307983874e+00 0.0000000000e+00 2.7656953918e-03
4.8158912540e-01 9.7793257207e-01 9.1772583986e-04 9.6388483123e-01 2.4640881661e+00 0.0000000000e+00 2.8759651537e-03
4.8563978916e-01 1.0192659011e+00 5.2713280511e-04 1.0342533234e+00 2.5367603348e+00 0.0000000000e+00 2.7593388506e-03
4.8710780310e-01 9.7332952214e-01 -9.2977424883e-04 9.5891401133e-01 2.4629737142e+00 0.0000000000e+00 2.8895661089e-03
4.9141892138e-01 1.0228857445e+00 2.5099624286e-03 1.0384896132e+00 2.5381368808e+00 0.0000000000e+00 2.7495739530e-03
4.9260695100e-01 9.6463327587e-01 1.5491415960e-03 9.5544914204e-01 2.4761978618e+00 0.0000000000e+00 2.9156157789e-03
4.9725015293e-01 1.1056086518e+00 1.2081406096e-03 1.0410221362e+00 2.3539571043e+00 0.0000000000e+00 2.5438476766e-03
4.9769464636e-01 6.0189461645e-01 7.0445084872e-04 9.5424679558e-01 3.9635127541e+00 0.0000000000e+00 4.6727449011e-03
5.0659564274e-01 1.3968541780e-01 1.0725239594e-03 1.0424539673e+00 1.8657172374e+01 0.0000000000e+00 2.0134528315e-02
5.3796370299e-01 1.2124931735e-01 9.1145984679e-04 9.5496395224e-01 1.9690089254e+01 0.0000000000e+00 2.3196006885e-02
5.5298765651e-01 1.2790209770e-01 -3.8091307735e-03 1.0362333219e+00 2.0254423902e+01 0.0000000000e+00 2.1989475158e-02
5.8194265330e-01 1.2170602903e-01 2.0456443401e-02 9.5990972345e-01 1.9717793175e+01 0.0000000000e+00 2.3108961999e-02
5.9920558050e-01 1.2652842379e-01 1.2912019781e-02 1.0212488501e+00 2.0178249667e+01 0.0000000000e+00 2.2228207036e-02
6.2639906738e-01 1.2194839899e-01 1.4845710439e-02 9.6338008157e-01 1.9749748451e+01 0.0000000000e+00 2.3063033409e-02
6.4533164732e-01 1.2528286065e-01 7.4447707071e-03 1.0056527497e+00 2.0067644220e+01 0.0000000000e+00 2.2449200037e-02
6.7129746745e-01 1.2213234502e-01 6.2893953200e-02 9.6626127515e-01 1.9778979823e+01 0.0000000000e+00 2.3028297701e-02
6.9138824272e-01 1.2335658979e-01 5.7308940177e-02 9.8326477401e-01 1.9927285111e+01 0.0000000000e+00 2.2799754799e-02
7.1689697705e-01 1.2126754041e-01 9.6633487049e-02 9.5708086240e-01 1.9730771713e+01 0.0000000000e+00 2.3192521185e-02
7.3777328509e-01 1.2083229915e-01 9.8607301368e-02 9.5643148966e-01 1.9788407081e+01 0.0000000000e+00 2.3276061283e-02
7.6344909961e-01 1.1853693878e-01 1.4566067862e-01 9.2554264794e-01 1.9520131393e+01 0.0000000000e+00 2.3726781112e-02
7.8522684732e-01 1.1945800246e-01 1.7593346383e-01 9.4072984402e-01 1.9687459707e+01 0.0000000000e+00 2.3543839191e-02
8.1053677800e-01 1.1736016417e-01 2.0762083968e-01 9.1286447151e-01 1.9445790612e+01 0.0000000000e+00 2.3964690402e-02
8.3315622812e-01 1.1760248135e-01 2.0627884008e-01 9.2128548461e-01 1.9584737372e+01 0.0000000000e+00 2.3915311716e-02
8.5836740143e-01 1.1714180369e-01 2.0397304979e-01 9.0887044325e-01 1.9396799747e+01 0.0000000000e+00 2.4009362256e-02
8.8117495263e-01 1.1702916724e-01 2.0227570041e-01 9.1606449177e-01 1.9569149157e+01 0.0000000000e+00 2.4032470420e-02
9.0643234227e-01 1.1645874189e-01 2.3212475386e-01 9.0261915697e-01 1.9376371888e+01 0.0000000000e+00 2.4150183613e-02
9.2947531986e-01 1.1640438394e-01 2.4031367421e-01 9.0740535580e-01 1.9488212665e+01 0.0000000000e+00 2.4161461147e-02
9.5475526456e-01 1.1511789407e-01 2.7349667862e-01 8.9080057129e-01 1.9345397570e+01 0.0000000000e+00 2.4431475425e-02
9.7833827071e-01 1.1563094697e-01 2.7275826744e-01 8.9181370224e-01 1.9281466718e+01 0.0000000000e+00 2.4323073309e-02
1.0034014112e+00 1.1221658368e-01 2.8435894393e-01 8.8218152829e-01 1.9653546279e+01 0.0000000000e+00 2.5063140471e-02
