# x  rho  v  p  e  w  vol
1.4062500000e-03 1.0000000000e+00 -1.0811164234e-14 1.0000000000e+00 2.5000000000e+00 0.0000000000e+00 2.8125000000e-03
4.2187500000e-03 1.0000000000e+00 -1.0545266567e-14 1.0000000000e+00 2.5000000000e+00 0.0000000000e+00 2.8125000000e-03
7.0312500000e-03 1.0000000000e+00 -1.0816859981e-14 1.0000000000e+00 2.5000000000e+00 0.0000000000e+00 2.8125000000e-03
9.8437500000e-03 1.0000000000e+00 -1.1435380149e-14 1.0000000000e+00 2.5000000000e+00 0.0000000000e+00 2.8125000000e-03
1.2656250000e-02 1.0000000000e+00 -1.1853794625e-14 1.0000000000e+00 2.5000000000e+00 0.0000000000e+00 2.8125000000e-03
1.5468750000e-02 1.0000000000e+00 -1.2001042163e-14 1.0000000000e+00 2.5000000000e+00 0.0000000000e+00 2.8125000000e-03
1.8281250000e-02 1.0000000000e+00 -1.2290374594e-14 1.0000000000e+00 2.5000000000e+00 0.0000000000e+00 2.8125000000e-03
2.1093750000e-02 1.0000000000e+00 -1.2500890429e-14 1.0000000000e+00 2.5000000000e+00 0.0000000000e+00 2.8125000000e-03
2.3906250000e-02 1.0000000000e+00 -1.2889216034e-14 1.0000000000e+00 2.5000000000e+00 0.0000000000e+00 2.8125000000e-03
2.6718750000e-02 1.0000000000e+00 -1.3213604869e-14 1.0000000000e+00 2.5000000000e+00 0.0000000000e+00 2.8125000000e-03
2.9531250000e-02 1.0000000000e+00 -1.1230373098e-14 1.0000000000e+00 2.5000000000e+00 0.0000000000e+00 2.8125000000e-03
3.2343750000e-02 1.0000000000e+00 -1.0081667872e-14 1.0000000000e+00 2.5000000000e+00 0.0000000000e+00 2.8125000000e-03
3.5156250000e-02 1.0000000000e+00 -9.4187486352e-15 1.0000000000e+00 2.5000000000e+00 0.0000000000e+00 2.8125000000e-03
3.7968750000e-02 1.0000000000e+00 -1.1858299696e-14 1.0000000000e+00 2.5000000000e+00 0.0000000000e+00 2.8125000000e-03
4.0781250000e-02 1.0000000000e+00 -1.9279787955e-14 1.0000000000e+00 2.5000000000e+00 0.0000000000e+00 2.8125000000e-03
4.3593750000e-02 1.0000000000e+00 -3.7940927979e-14 1.0000000000e+00 2.5000000000e+00 0.0000000000e+00 2.8125000000e-03
4.6406250000e-02 1.0000000000e+00 -8.3447431564e-14 1.0000000000e+00 2.5000000000e+00 0.0000000000e+00 2.8125000000e-03
4.9218750000e-02 1.0000000000e+00 -1.9393147631e-13 1.0000000000e+00 2.5000000000e+00 0.0000000000e+00 2.8125000000e-03
5.2031250000e-02 1.0000000000e+00 -4.5388294188e-13 1.0000000000e+00 2.5000000000e+00 0.0000000000e+00 2.8125000000e-03
5.4843750000e-02 1.0000000000e+00 -1.0510547114e-12 1.0000000000e+00 2.5000000000e+00 0.0000000000e+00 2.8125000000e-03
5.7656250000e-02 1.0000000000e+00 -2.4017227585e-12 1.0000000000e+00 2.5000000000e+00 0.0000000000e+00 2.8125000000e-03
6.0468750000e-02 1.0000000000e+00 -5.3969219658e-12 1.0000000000e+00 2.5000000000e+00 0.0000000000e+00 2.8125000000e-03
6.3281250000e-02 1.0000000000e+00 -1.1899802747e-11 1.0000000000e+00 2.5000000000e+00 0.0000000000e+00 2.8125000000e-03
6.6093750000e-02 1.0000000000e+00 -2.5747942876e-11 1.0000000000e+00 2.5000000000e+00 0.0000000000e+00 2.8125000000e-03
6.8906250000e-02 1.0000000000e+00 -5.4688411539e-11 1.0000000001e+00 2.5000000000e+00 0.0000000000e+00 2.8124999999e-03
7.1718750000e-02 1.0000000001e+00 -1.1404420726e-10 1.0000000001e+00 2.5000000001e+00 0.0000000000e+00 2.8124999998e-03
7.4531249999e-02 1.0000000001e+00 -2.3356525580e-10 1.0000000002e+00 2.5000000002e+00 0.0000000000e+00 2.8124999996e-03
7.7343749999e-02 1.0000000003e+00 -4.6994058082e-10 1.0000000005e+00 2.5000000004e+00 0.0000000000e+00 2.8124999992e-03
8.0156249998e-02 1.0000000006e+00 -9.2921645196e-10 1.0000000009e+00 2.5000000008e+00 0.0000000000e+00 2.8124999983e-03
8.2968749996e-02 1.0000000012e+00 -1.8062051864e-09 1.0000000018e+00 2.5000000015e+00 0.0000000000e+00 2.8124999967e-03
8.5781249991e-02 1.0000000022e+00 -3.4524250778e-09 1.0000000034e+00 2.5000000028e+00 0.0000000000e+00 2.8124999937e-03
8.8593749983e-02 1.0000000043e+00 -6.4910227107e-09 1.0000000064e+00 2.5000000053e+00 0.0000000000e+00 2.8124999880e-03
9.1406249967e-02 1.0000000079e+00 -1.2007523111e-08 1.0000000119e+00 2.5000000099e+00 0.0000000000e+00 2.8124999777e-03
9.4218749938e-02 1.0000000145e+00 -2.1860536363e-08 1.0000000217e+00 2.5000000181e+00 0.0000000000e+00 2.8124999592e-03
9.7031249886e-02 1.0000000261e+00 -3.9178362556e-08 1.0000000391e+00 2.5000000324e+00 0.0000000000e+00 2.8124999265e-03
9.9843749791e-02 1.0000000464e+00 -6.9137929984e-08 1.0000000693e+00 2.5000000573e+00 0.0000000000e+00 2.8124998696e-03
1.0265624962e-01 1.0000000810e+00 -1.2016379598e-07 1.0000001209e+00 2.5000000997e+00 0.0000000000e+00 2.8124997721e-03
1.0546874934e-01 1.0000001395e+00 -2.0573910270e-07 1.0000002079e+00 2.5000001710e+00 0.0000000000e+00 2.8124996077e-03
1.0828124884e-01 1.0000002366e+00 -3.4708921044e-07 1.0000003522e+00 2.5000002888e+00 0.0000000000e+00 2.8124993345e-03
1.1109374800e-01 1.0000003956e+00 -5.7708279272e-07 1.0000005879e+00 2.5000004809e+00 0.0000000000e+00 2.8124988875e-03
1.1390624662e-01 1.0000006518e+00 -9.4579322937e-07 1.0000009675e+00 2.5000007891e+00 0.0000000000e+00 2.8124981668e-03
1.1671874434e-01 1.0000010589e+00 -1.5282711490e-06 1.0000015696e+00 2.5000012767e+00 0.0000000000e+00 2.8124970219e-03
1.1953124066e-01 1.0000016963e+00 -2.4351888181e-06 1.0000025110e+00 2.5000020368e+00 0.0000000000e+00 2.8124952292e-03
1.2234373480e-01 1.0000026800e+00 -3.8271156903e-06 1.0000039618e+00 2.5000032046e+00 0.0000000000e+00 2.8124924626e-03
1.2515622558e-01 1.0000041766e+00 -5.9332523548e-06 1.0000061661e+00 2.5000049737e+00 0.0000000000e+00 2.8124882533e-03
1.2796871130e-01 1.0000064219e+00 -9.0754613168e-06 1.0000094683e+00 2.5000076159e+00 0.0000000000e+00 2.8124819384e-03
1.3078118946e-01 1.0000097435e+00 -1.3698355116e-05 1.0000143463e+00 2.5000115070e+00 0.0000000000e+00 2.8124725967e-03
1.3359365650e-01 1.0000145895e+00 -2.0405997073e-05 1.0000214529e+00 2.5000171582e+00 0.0000000000e+00 2.8124589677e-03
1.3640610740e-01 1.0000215628e+00 -3.0005397200e-05 1.0000316643e+00 2.5000252532e+00 0.0000000000e+00 2.8124393560e-03
1.3921853521e-01 1.0000314608e+00 -4.3556406714e-05 1.0000461375e+00 2.5000366905e+00 0.0000000000e+00 2.8124115193e-03
1.4203093044e-01 1.0000453201e+00 -6.2426798210e-05 1.0000663733e+00 2.5000526306e+00 0.0000000000e+00 2.8123725429e-03
1.4484328029e-01 1.0000644646e+00 -8.8350250069e-05 1.0000942849e+00 2.5000745458e+00 0.0000000000e+00 2.8123187049e-03
1.4765556784e-01 1.0000905544e+00 -1.2348364285e-04 1.0001322659e+00 2.5001042692e+00 0.0000000000e+00 2.8122453388e-03
1.5046777097e-01 1.0001256319e+00 -1.7045856761e-04 1.0001832547e+00 2.5001440389e+00 0.0000000000e+00 2.8121467046e-03
1.5327986125e-01 1.0001721602e+00 -2.3242033075e-04 1.0002507864e+00 2.5001965318e+00 0.0000000000e+00 2.8120158828e-03
1.5609180274e-01 1.0002330469e+00 -3.1304616019e-04 1.0003390235e+00 2.5002648799e+00 0.0000000000e+00 2.8118447084e-03
1.5890355067e-01 1.0003116461e+00 -4.1653297303e-04 1.0004527542e+00 2.5003526603e+00 0.0000000000e+00 2.8116237683e-03
1.6171505027e-01 1.0004117304e+00 -5.4754421294e-04 1.0005973469e+00 2.5004638503e+00 0.0000000000e+00 2.8113424848e-03
1.6452623564e-01 1.0005374227e+00 -7.1110521102e-04 1.0007786479e+00 2.5006027392e+00 0.0000000000e+00 2.8109893106e-03
1.6733702890e-01 1.0006930807e+00 -9.1243759852e-04 1.0010028098e+00 2.5007737867e+00 0.0000000000e+00 2.8105520607e-03
1.7014733976e-01 1.0008831267e+00 -1.1567258293e-03 1.0012760430e+00 2.5009814241e+00 0.0000000000e+00 2.8100183977e-03
1.7295706569e-01 1.0011118184e+00 -1.4488131170e-03 1.0016042832e+00 2.5012297947e+00 0.0000000000e+00 2.8093764836e-03
1.7576609273e-01 1.0013829608e+00 -1.7928301902e-03 1.0019927770e+00 2.5015224350e+00 0.0000000000e+00 2.8086157945e-03
1.7857429728e-01 1.0016995665e+00 -2.1917681297e-03 1.0024455959e+00 2.5018619093e+00 0.0000000000e+00 2.8077280795e-03
1.8138154889e-01 1.0020634763e+00 -2.6470157820e-03 1.0029650975e+00 2.5022494114e+00 0.0000000000e+00 2.8067084236e-03
1.8418771413e-01 1.0024749634e+00 -3.1578920595e-03 1.0035513659e+00 2.5026843626e+00 0.0000000000e+00 2.8055563508e-03
1.8699266159e-01 1.0029323482e+00 -3.7212126422e-03 1.0042016746e+00 2.5031640378e+00 0.0000000000e+00 2.8042768836e-03
1.8979626789e-01 1.0034316641e+00 -4.3309376297e-03 1.0049100244e+00 2.5036832609e+00 0.0000000000e+00 2.8028814523e-03
1.9259842449e-01 1.0039664110e+00 -4.9779498048e-03 1.0056668140e+00 2.5042342128e+00 0.0000000000e+00 2.8013885417e-03
1.9539904498e-01 1.0045274414e+00 -5.6500106914e-03 1.0064587027e+00 2.5048063927e+00 0.0000000000e+00 2.7998239611e-03
1.9819807242e-01 1.0051030144e+00 -6.3319323822e-03 1.0072687164e+00 2.5053867664e+00 0.0000000000e+00 2.7982206399e-03
2.0099548626e-01 1.0056790436e+00 -7.0059869224e-03 1.0080766310e+00 2.5059601207e+00 0.0000000000e+00 2.7966178851e-03
2.0379130819e-01 1.0062395499e+00 -7.6525529174e-03 1.0088596462e+00 2.5065096238e+00 0.0000000000e+00 2.7950600833e-03
2.0658560642e-01 1.0067673071e+00 -8.2509733896e-03 1.0095933307e+00 2.5070175691e+00 0.0000000000e+00 2.7935948855e-03
2.0937849796e-01 1.0072446493e+00 -8.7805732670e-03 1.0102527883e+00 2.5074662570e+00 0.0000000000e+00 2.7922709760e-03
2.1217014838e-01 1.0076543844e+00 -9.2217622489e-03 1.0108139653e+00 2.5078389499e+00 0.0000000000e+00 2.7911355754e-03
2.1496076911e-01 1.0079807432e+00 -9.5571241544e-03 1.0112549927e+00 2.5081208136e+00 0.0000000000e+00 2.7902318760e-03
2.1775061213e-01 1.0082101795e+00 -9.7724032601e-03 1.0115573694e+00 2.5082998317e+00 0.0000000000e+00 2.7895969086e-03
2.2053996293e-01 1.0083346449e+00 -9.8578115261e-03 1.0117071468e+00 2.5083615641e+00 0.0000000000e+00 2.7892525703e-03
2.2332911727e-01 1.0083122988e+00 -9.8061069313e-03 1.0116308933e+00 2.5082280918e+00 0.0000000000e+00 2.7893143854e-03
2.2611859170e-01 1.0080148769e+00 -9.4254556807e-03 1.0111385609e+00 2.5077471179e+00 0.0000000000e+00 2.7901373923e-03
2.2890939205e-01 1.0073034587e+00 -8.5497193014e-03 1.0100454727e+00 2.5068053326e+00 0.0000000000e+00 2.7921079549e-03
2.3170280761e-01 1.0061187772e+00 -7.1156174795e-03 1.0082870546e+00 2.5053877271e+00 0.0000000000e+00 2.7953955971e-03
2.3450018325e-01 1.0044873428e+00 -5.1596406004e-03 1.0059179090e+00 2.5035604385e+00 0.0000000000e+00 2.7999357285e-03
2.3730267906e-01 1.0025133019e+00 -2.8083688601e-03 1.0030988351e+00 2.5014601632e+00 0.0000000000e+00 2.8054490595e-03
2.4011108137e-01 1.0003614312e+00 -2.5921939904e-04 1.0000719372e+00 2.4992765265e+00 0.0000000000e+00 2.8114838420e-03
2.4292564675e-01 9.9823552314e-01 2.2455877993e-03 9.9712701045e-01 2.4972238198e+00 0.0000000000e+00 2.8174713630e-03
2.4574602409e-01 9.9634972269e-01 4.4518535211e-03 9.9456224447e-01 2.4955149327e+00 0.0000000000e+00 2.8228040175e-03
2.4857125478e-01 9.9490109009e-01 6.1268091778e-03 9.9264561645e-01 2.4943324174e+00 0.0000000000e+00 2.8269141807e-03
2.5139985245e-01 9.9404450907e-01 7.0967144987e-03 9.9157868703e-01 2.4937985120e+00 0.0000000000e+00 2.8293501693e-03
2.5422995512e-01 9.9383411333e-01 7.2262300008e-03 9.9138986657e-01 2.4938514720e+00 0.0000000000e+00 2.8299491457e-03
2.5705975075e-01 9.9403228695e-01 6.8949683143e-03 9.9171261170e-01 2.4941659962e+00 0.0000000000e+00 2.8293849575e-03
2.5988872504e-01 9.9435560921e-01 6.4726489988e-03 9.9217934708e-01 2.4945284612e+00 0.0000000000e+00 2.8284649616e-03
2.6271668067e-01 9.9473660462e-01 5.9963580144e-03 9.9272234176e-01 2.4949376979e+00 0.0000000000e+00 2.8273816274e-03
2.6554348829e-01 9.9515542165e-01 5.4836331756e-03 9.9331479678e-01 2.4953760367e+00 0.0000000000e+00 2.8261917072e-03
2.6836906408e-01 9.9559648400e-01 4.9531836893e-03 9.9393465105e-01 2.4958270419e+00 0.0000000000e+00 2.8249396670e-03
2.7119336762e-01 9.9604408282e-01 4.4218057078e-03 9.9456173750e-01 2.4962794184e+00 0.0000000000e+00 2.8236702055e-03
2.7401640449e-01 9.9648617013e-01 3.9039426628e-03 9.9517809756e-01 2.4967182872e+00 0.0000000000e+00 2.8224174949e-03
2.7683820261e-01 9.9691156509e-01 3.4113952807e-03 9.9576879320e-01 2.4971342195e+00 0.0000000000e+00 2.8212131331e-03
2.7965883076e-01 9.9731050569e-01 2.9530973954e-03 9.9632222723e-01 2.4975226410e+00 0.0000000000e+00 2.8200846015e-03
2.8247837182e-01 9.9767843491e-01 2.5350985173e-03 9.9683019202e-01 2.4978744582e+00 0.0000000000e+00 2.8190445955e-03
2.8529691995e-01 9.9801082150e-01 2.1607507258e-03 9.9728772612e-01 2.4981886585e+00 0.0000000000e+00 2.8181057153e-03
2.8811458325e-01 9.9830515699e-01 1.8310564313e-03 9.9769277228e-01 2.4984664391e+00 0.0000000000e+00 2.8172748386e-03
2.9093146963e-01 9.9856287862e-01 1.5450981657e-03 9.9804571127e-01 2.4987052209e+00 0.0000000000e+00 2.8165477209e-03
2.9374767869e-01 9.9878473649e-01 1.3004985889e-03 9.9834884261e-01 2.4989089394e+00 0.0000000000e+00 2.8159220874e-03
2.9656331380e-01 9.9897258753e-01 1.0938700655e-03 9.9860583816e-01 2.4990821836e+00 0.0000000000e+00 2.8153925694e-03
2.9937846383e-01 9.9913058529e-01 9.2122206195e-04 9.9882123286e-01 2.4992259459e+00 0.0000000000e+00 2.8149473566e-03
3.0219320852e-01 9.9926200646e-01 7.7830593586e-04 9.9899998423e-01 2.4993444606e+00 0.0000000000e+00 2.8145771398e-03
3.0500761811e-01 9.9937013005e-01 6.6089075510e-04 9.9914711726e-01 2.4994421166e+00 0.0000000000e+00 2.8142726258e-03
3.0782175377e-01 9.9945854597e-01 5.6496638711e-04 9.9926746017e-01 2.4995220267e+00 0.0000000000e+00 2.8140236645e-03
3.1063566544e-01 9.9953089854e-01 4.8687760966e-04 9.9936546434e-01 2.4995862204e+00 0.0000000000e+00 2.8138199671e-03
3.1344939370e-01 9.9958946379e-01 4.2339739495e-04 9.9944509758e-01 2.4996389362e+00 0.0000000000e+00 2.8136551073e-03
3.1626297565e-01 9.9963714405e-01 3.7175164796e-04 9.9950979779e-01 2.4996815188e+00 0.0000000000e+00 2.8135209028e-03
3.1907643551e-01 9.9967552115e-01 3.2960914770e-04 9.9956247245e-01 2.4997172865e+00 0.0000000000e+00 2.8134128930e-03
3.2188980144e-01 9.9970691917e-01 2.9504813210e-04 9.9960553090e-01 2.4997464550e+00 0.0000000000e+00 2.8133245315e-03
3.2470308457e-01 9.9973341207e-01 2.6651064830e-04 9.9964093586e-01 2.4997687478e+00 0.0000000000e+00 2.8132499785e-03
3.2751630139e-01 9.9975442386e-01 2.4275084614e-04 9.9967026442e-01 2.4997895497e+00 0.0000000000e+00 2.8131908525e-03
3.3032946628e-01 9.9977163474e-01 2.2278350909e-04 9.9969476993e-01 2.4998077941e+00 0.0000000000e+00 2.8131424240e-03
3.3314258624e-01 9.9978761532e-01 2.0583574826e-04 9.9971544023e-01 2.4998195239e+00 0.0000000000e+00 2.8130974588e-03
3.3595566119e-01 9.9980019888e-01 1.9130411626e-04 9.9973304918e-01 2.4998320922e+00 0.0000000000e+00 2.8130620529e-03
3.3876871035e-01 9.9981027830e-01 1.7871809990e-04 9.9974820078e-01 2.4998447767e+00 0.0000000000e+00 2.8130336935e-03
3.4158172858e-01 9.9982017013e-01 1.6771060665e-04 9.9976136568e-01 2.4998529624e+00 0.0000000000e+00 2.8130058625e-03
3.4439472207e-01 9.9982816851e-01 1.5799417333e-04 9.9977291091e-01 2.4998618323e+00 0.0000000000e+00 2.8129833591e-03
3.4720769530e-01 9.9983532198e-01 1.4934266704e-04 9.9978312338e-01 2.4998694820e+00 0.0000000000e+00 2.8129632332e-03
3.5002064854e-01 9.9984184762e-01 1.4157716680e-04 9.9979222827e-01 2.4998759320e+00 0.0000000000e+00 2.8129448739e-03
3.5283358505e-01 9.9984725904e-01 1.3455518855e-04 9.9980040331e-01 2.4998828428e+00 0.0000000000e+00 2.8129296496e-03
3.5564650784e-01 9.9985200176e-01 1.2816255069e-04 9.9980778965e-01 2.4998894534e+00 0.0000000000e+00 2.8129163067e-03
3.5845941766e-01 9.9985742313e-01 1.2230725169e-04 9.9981450027e-01 2.4998926775e+00 0.0000000000e+00 2.8129010546e-03
3.6127230995e-01 9.9986133866e-01 1.1691488467e-04 9.9982062635e-01 2.4998982051e+00 0.0000000000e+00 2.8128900391e-03
3.6408519774e-01 9.9986440689e-01 1.1192513354e-04 9.9982624220e-01 2.4999045753e+00 0.0000000000e+00 2.8128814073e-03
3.6689807276e-01 9.9986826408e-01 1.0728918827e-04 9.9983140888e-01 2.4999078499e+00 0.0000000000e+00 2.8128705561e-03
3.6971093885e-01 9.9987095084e-01 1.0296758328e-04 9.9983617684e-01 2.4999130538e+00 0.0000000000e+00 2.8128629976e-03
3.7252379876e-01 9.9987376637e-01 9.8928520398e-05 9.9984058784e-01 2.4999170432e+00 0.0000000000e+00 2.8128550769e-03
3.7533664900e-01 9.9987688250e-01 9.5146482605e-05 9.9984467623e-01 2.4999194744e+00 0.0000000000e+00 2.8128463106e-03
3.7814949138e-01 9.9987849437e-01 9.1601102675e-05 9.9984846997e-01 2.4999249299e+00 0.0000000000e+00 2.8128417761e-03
3.8096233256e-01 9.9988045100e-01 8.8276300792e-05 9.9985199125e-01 2.4999288421e+00 0.0000000000e+00 2.8128362718e-03
3.8377516392e-01 9.9988258838e-01 8.5159672361e-05 9.9985525712e-01 2.4999316638e+00 0.0000000000e+00 2.8128302590e-03
3.8658799307e-01 9.9988414355e-01 8.2242005105e-05 9.9985827985e-01 2.4999353333e+00 0.0000000000e+00 2.8128258840e-03
3.8940081569e-01 9.9988505627e-01 7.9517005115e-05 9.9986106744e-01 2.4999400210e+00 0.0000000000e+00 2.8128233164e-03
3.9221363971e-01 9.9988754340e-01 7.6981052081e-05 9.9986362386e-01 2.4999401944e+00 0.0000000000e+00 2.8128163198e-03
3.9502644833e-01 9.9988743619e-01 7.4633052739e-05 9.9986594953e-01 2.4999462773e+00 0.0000000000e+00 2.8128166214e-03
3.9783927295e-01 9.9988809941e-01 7.2474178097e-05 9.9986804173e-01 2.4999498502e+00 0.0000000000e+00 2.8128147556e-03
4.0065207784e-01 9.9988897821e-01 7.0507690210e-05 9.9986989512e-01 2.4999522870e+00 0.0000000000e+00 2.8128122834e-03
4.0346489752e-01 9.9988986145e-01 6.8738441995e-05 9.9987150244e-01 2.4999540974e+00 0.0000000000e+00 2.8128097988e-03
4.0627769744e-01 9.9988761286e-01 6.7172403857e-05 9.9987285540e-01 2.4999631022e+00 0.0000000000e+00 2.8128161244e-03
4.0909052976e-01 9.9989064085e-01 6.5815769726e-05 9.9987394564e-01 2.4999582574e+00 0.0000000000e+00 2.8128076063e-03
4.1190331265e-01 9.9988736314e-01 6.4674054214e-05 9.9987476600e-01 2.4999685036e+00 0.0000000000e+00 2.8128168269e-03
4.1471616342e-01 9.9988779380e-01 6.3750722369e-05 9.9987531183e-01 2.4999687916e+00 0.0000000000e+00 2.8128156153e-03
4.1752894388e-01 9.9988600758e-01 6.3046074383e-05 9.9987558230e-01 2.4999739338e+00 0.0000000000e+00 2.8128206402e-03
4.2034180470e-01 9.9988624285e-01 6.2555863979e-05 9.9987558180e-01 2.4999733443e+00 0.0000000000e+00 2.8128199784e-03
4.2315458384e-01 9.9988093823e-01 6.2270580439e-05 9.9987532067e-01 2.4999859544e+00 0.0000000000e+00 2.8128349011e-03
4.2596747450e-01 9.9988380233e-01 6.2173333091e-05 9.9987481377e-01 2.4999775260e+00 0.0000000000e+00 2.8128268439e-03
4.2878023753e-01 9.9987478846e-01 6.2259399591e-05 9.9987399590e-01 2.4999980184e+00 0.0000000000e+00 2.8128522016e-03
4.3159317890e-01 9.9988015678e-01 6.2739668732e-05 9.9987267946e-01 2.4999813045e+00 0.0000000000e+00 2.8128370994e-03
4.3440591173e-01 9.9986491810e-01 6.3757621334e-05 9.9987070686e-01 2.5000144739e+00 0.0000000000e+00 2.8128799692e-03
4.3721893884e-01 9.9987424128e-01 6.5366448985e-05 9.9986802161e-01 2.4999844489e+00 0.0000000000e+00 2.8128537409e-03
4.4003161921e-01 9.9985346782e-01 6.7581675622e-05 9.9986460295e-01 2.5000278419e+00 0.0000000000e+00 2.8129121822e-03
4.4284476321e-01 9.9986384866e-01 7.0416475334e-05 9.9986043609e-01 2.4999914674e+00 0.0000000000e+00 2.8128829778e-03
4.4565738516e-01 9.9983753828e-01 7.3900105115e-05 9.9985547802e-01 2.5000448566e+00 0.0000000000e+00 2.8129569978e-03
4.4847067720e-01 9.9984963950e-01 7.8109853722e-05 9.9984963191e-01 2.4999999810e+00 0.0000000000e+00 2.8129229525e-03
4.5128323107e-01 9.9981810980e-01 8.3181288368e-05 9.9984273983e-01 2.5000615863e+00 0.0000000000e+00 2.8130116592e-03
4.5409670052e-01 9.9982784082e-01 8.9274966766e-05 9.9983457000e-01 2.5000168258e+00 0.0000000000e+00 2.8129842811e-03
4.5690919963e-01 9.9979314875e-01 9.6628352000e-05 9.9982493475e-01 2.5000794814e+00 0.0000000000e+00 2.8130818895e-03
4.5972286430e-01 9.9979382417e-01 1.0532698589e-04 9.9981353393e-01 2.5000492846e+00 0.0000000000e+00 2.8130799891e-03
4.6253535961e-01 9.9976900430e-01 1.1572076094e-04 9.9980032888e-01 2.5000783296e+00 0.0000000000e+00 2.8131498255e-03
4.6534916395e-01 9.9973099722e-01 1.2762497590e-04 9.9978489210e-01 2.5001347735e+00 0.0000000000e+00 2.8132567739e-03
4.6816187316e-01 9.9976156003e-01 1.4174869998e-04 9.9976743642e-01 2.5000146945e+00 0.0000000000e+00 2.8131707723e-03
4.7097550550e-01 9.9960330174e-01 1.5738818383e-04 9.9974714843e-01 2.5003597594e+00 0.0000000000e+00 2.8136161566e-03
4.7378910547e-01 9.9982040111e-01 1.7609889072e-04 9.9972468107e-01 2.4997606569e+00 0.0000000000e+00 2.8130052126e-03
4.7660151592e-01 9.9930414209e-01 1.9602863229e-04 9.9969853475e-01 2.5009866682e+00 0.0000000000e+00 2.8144584632e-03
4.7941802240e-01 1.0000978783e+00 2.2036626229e-04 9.9967030747e-01 2.4989311775e+00 0.0000000000e+00 2.8122247442e-03
4.8222596541e-01 9.9856404187e-01 2.4491117608e-04 9.9963729443e-01 2.5026869898e+00 0.0000000000e+00 2.8165444399e-03
4.8505111128e-01 1.0010844633e+00 2.7608241741e-04 9.9960271360e-01 2.4962996388e+00 0.0000000000e+00 2.8094532512e-03
4.8784487191e-01 9.9664505125e-01 3.0526762785e-04 9.9956169104e-01 2.5073161448e+00 0.0000000000e+00 2.8219675565e-03
4.9069504639e-01 1.0034526196e+00 3.4502780136e-04 9.9952014571e-01 2.4902026418e+00 0.0000000000e+00 2.8028229186e-03
4.9345051775e-01 9.9576017074e-01 3.7843844850e-04 9.9946967427e-01 2.5093132454e+00 0.0000000000e+00 2.8244752930e-03
4.9634399698e-01 1.2223987800e+00 4.2981486661e-04 9.9942057262e-01 2.0439740879e+00 0.0000000000e+00 2.3008039978e-03
4.9805212574e-01 4.8629735445e-01 4.4927679476e-04 9.9935867531e-01 5.1375905409e+00 0.0000000000e+00 5.7834984589e-03
5.0791099389e-01 1.4868139731e-01 6.3103983659e-04 9.9930513428e-01 1.6802793631e+01 0.0000000000e+00 1.8916287114e-02
5.3588469997e-01 1.1712364490e-01 1.1353998211e-03 9.9920384984e-01 2.1327970340e+01 0.0000000000e+00 2.4013084653e-02
5.5593716320e-01 1.2880928720e-01 1.6423200851e-03 9.9903896847e-01 1.9389886207e+01 0.0000000000e+00 2.1834605728e-02
5.7955391143e-01 1.2382147015e-01 2.2649317206e-03 9.9882064383e-01 2.0166547905e+01 0.0000000000e+00 2.2714154472e-02
6.0136547214e-01 1.2549084295e-01 3.0913952108e-03 9.9849511264e-01 1.9891792284e+01 0.0000000000e+00 2.2411993846e-02
6.2437789912e-01 1.2447477356e-01 4.1831336170e-03 9.9805011721e-01 2.0045228616e+01 0.0000000000e+00 2.2594939677e-02
6.4655535150e-01 1.2503589724e-01 5.6896368871e-03 9.9741177560e-01 1.9942508463e+01 0.0000000000e+00 2.2493540351e-02
6.6936497982e-01 1.2452366039e-01 7.7447016183e-03 9.9654770822e-01 2.0007195923e+01 0.0000000000e+00 2.2586069115e-02
6.9172748973e-01 1.2473843135e-01 1.0446467661e-02 9.9538422594e-01 1.9949429682e+01 0.0000000000e+00 2.2547181086e-02
7.1445934199e-01 1.2438066997e-01 1.3910635164e-02 9.9394856492e-01 1.9977954878e+01 0.0000000000e+00 2.2612034496e-02
7.3695155872e-01 1.2440039568e-01 1.7844934623e-02 9.9222993043e-01 1.9940248683e+01 0.0000000000e+00 2.2608448990e-02
7.5967623997e-01 1.2411909620e-01 2.2267386465e-02 9.9049068030e-01 1.9950408734e+01 0.0000000000e+00 2.2659688043e-02
7.8227093481e-01 1.2405272064e-01 2.5999318940e-02 9.8879326764e-01 1.9926875899e+01 0.0000000000e+00 2.2671812319e-02
8.0501986461e-01 1.2388140648e-01 2.9351264897e-02 9.8762314164e-01 1.9930818710e+01 0.0000000000e+00 2.2703164905e-02
8.2767726462e-01 1.2384276309e-01 3.0790808096e-02 9.8688590868e-01 1.9922155402e+01 0.0000000000e+00 2.2710249108e-02
8.5044036283e-01 1.2379723515e-01 3.1586491141e-02 9.8662254734e-01 1.9924163617e+01 0.0000000000e+00 2.2718601079e-02
8.7311446678e-01 1.2379834241e-01 3.1650944683e-02 9.8660875746e-01 1.9923706939e+01 0.0000000000e+00 2.2718397883e-02
8.9587715859e-01 1.2378631421e-01 3.2029909782e-02 9.8639983616e-01 1.9921423513e+01 0.0000000000e+00 2.2720605408e-02
9.1855567759e-01 1.2376611231e-01 3.2393992007e-02 9.8616737356e-01 1.9919979613e+01 0.0000000000e+00 2.2724314011e-02
9.4132578662e-01 1.2379719764e-01 3.2989459050e-02 9.8600950974e-01 1.9911789776e+01 0.0000000000e+00 2.2718607962e-02
9.6399289351e-01 1.2369645578e-01 3.3017998977e-02 9.8595269343e-01 1.9926858196e+01 0.0000000000e+00 2.2737110634e-02
9.8680000788e-01 1.2331678416e-01 3.2888177676e-02 9.8564356592e-01 1.9981942698e+01 0.0000000000e+00 2.2807114370e-02
