# x  rho  v  p  e  w  vol
1.6657301928e-02 1.4913015283e-01 2.4947371243e-01 7.3092012363e+01 1.2253057309e+03 2.6822207951e-03 3.3527760183e-02
5.0385408749e-02 1.5382042321e-01 7.0721204947e-01 7.2717402636e+01 1.1818554571e+03 2.6004349306e-03 3.2505436505e-02
8.1672411904e-02 1.5696480351e-01 1.0311722725e+00 7.3520633126e+01 1.1709732291e+03 2.5483420046e-03 3.1854274897e-02
1.1410432277e-01 1.5626730194e-01 1.4120359597e+00 7.4519916822e+01 1.1921866555e+03 2.5597165496e-03 3.1996456956e-02
1.4565786432e-01 1.5844547596e-01 1.7692785225e+00 7.5813766695e+01 1.1962122339e+03 2.5245277462e-03 3.1556596803e-02
1.7721806368e-01 1.6049422111e-01 2.1269220686e+00 7.7250847312e+01 1.2033275525e+03 2.4923015747e-03 3.1153769683e-02
2.0796493312e-01 1.6276318929e-01 2.4800146840e+00 7.8784973892e+01 1.2101165846e+03 2.4575581367e-03 3.0719476693e-02
2.3865656307e-01 1.6532324885e-01 2.8350846699e+00 8.0371568462e+01 1.2153700254e+03 2.4195024176e-03 3.0243780198e-02
2.6845355131e-01 1.6746341543e-01 3.1993060141e+00 8.1974341531e+01 1.2237649238e+03 2.3885814053e-03 2.9857267554e-02
2.9837094493e-01 1.6976814315e-01 3.5811602811e+00 8.3537488091e+01 1.2301702566e+03 2.3561546509e-03 2.9451933131e-02
3.2735779343e-01 1.7192118260e-01 3.9841134561e+00 8.5042430291e+01 1.2366485183e+03 2.3266475599e-03 2.9083094499e-02
3.5653764985e-01 1.7392541371e-01 4.4078131503e+00 8.6469608691e+01 1.2429122180e+03 2.2998364151e-03 2.8747955191e-02
3.8485425051e-01 1.7567605310e-01 4.8529077244e+00 8.7819793312e+01 1.2497405276e+03 2.2769181852e-03 2.8461477315e-02
4.1346014371e-01 1.7773016184e-01 5.3151018159e+00 8.9085245414e+01 1.2530968926e+03 2.2506028006e-03 2.8132535008e-02
4.4112064828e-01 1.7912322990e-01 5.8012218586e+00 9.0273769850e+01 1.2599394548e+03 2.2330995271e-03 2.7913744089e-02
4.6928640806e-01 1.8121357860e-01 6.3001396277e+00 9.1349230052e+01 1.2602426203e+03 2.2073401063e-03 2.7591751339e-02
4.9630705517e-01 1.8179769043e-01 6.8278114866e+00 9.2364059303e+01 1.2701489646e+03 2.2002479541e-03 2.7503099672e-02
5.2427986817e-01 1.8956828167e-01 7.3510874352e+00 9.3250470726e+01 1.2297741730e+03 2.1100659369e-03 2.6375720432e-02
5.4911686646e-01 1.6961300649e-01 7.8795747009e+00 9.4112418400e+01 1.3871639379e+03 2.3573263061e-03 2.9478871365e-02
5.8305517030e-01 2.3805155385e-01 8.5552417094e+00 9.7081998951e+01 1.0195480494e+03 9.3522531760e-04 2.1003853658e-02
5.9117253520e-01 1.0424941619e+00 8.6945173677e+00 9.0925522518e+01 2.1804803769e+02 3.7953164368e-04 4.7961899288e-03
5.9264005223e-01 1.2956691732e+00 8.7352522658e+00 9.9676839251e+01 1.9232694833e+02 3.0940098907e-05 3.8590097714e-03
5.9900405628e-01 1.2477225665e+00 8.8408212485e+00 9.5622761575e+01 1.9159459831e+02 3.2058304275e-04 4.0073010894e-03
6.0057338654e-01 1.6530672353e+00 8.8898689404e+00 1.0054817145e+02 1.5206303970e+02 1.8566447644e-05 3.0246803598e-03
6.0513291852e-01 1.5660623084e+00 8.9954248154e+00 9.7890115904e+01 1.5626791377e+02 2.5541714122e-04 3.1927209877e-03
6.0690792877e-01 2.0136889752e+00 9.0199599301e+00 1.0103216183e+02 1.2543168666e+02 1.2371146333e-05 2.4830051024e-03
6.1014986930e-01 1.8563685839e+00 9.0931287672e+00 1.0015690195e+02 1.3488283364e+02 2.1546714554e-04 2.6934306276e-03
6.1225856451e-01 2.0949415965e+00 9.1409306736e+00 1.0250580427e+02 1.2232537227e+02 1.1638608800e-05 2.3867013803e-03
6.1496010064e-01 1.9918859596e+00 9.1963158161e+00 1.0196732779e+02 1.2797837058e+02 2.0080926228e-04 2.5101838667e-03
6.1726263278e-01 2.0781862503e+00 9.2381957277e+00 1.0310412151e+02 1.2403137772e+02 1.9247735512e-04 2.4059441253e-03
6.1977384362e-01 2.0484195236e+00 9.2870768750e+00 1.0382705683e+02 1.2671605551e+02 1.9527248595e-04 2.4409062413e-03
6.2214349773e-01 2.0820704420e+00 9.3321913097e+00 1.0458125667e+02 1.2557362920e+02 1.9211645895e-04 2.4014557332e-03
6.2457733433e-01 2.0777391186e+00 9.3782265935e+00 1.0533073813e+02 1.2673720341e+02 1.9251695077e-04 2.4064618870e-03
6.2695608818e-01 2.0959816870e+00 9.4216796787e+00 1.0604594419e+02 1.2648720268e+02 1.9084136216e-04 2.3855170257e-03
6.2934855780e-01 2.1015536938e+00 9.4651091800e+00 1.0677957366e+02 1.2702456041e+02 1.9033537007e-04 2.3791921257e-03
6.3171435697e-01 2.1151388612e+00 9.5064404073e+00 1.0746303606e+02 1.2701652600e+02 1.8911287942e-04 2.3639109904e-03
6.3407644349e-01 2.1244419852e+00 9.5482749968e+00 1.0816841398e+02 1.2729038347e+02 1.8828442722e-04 2.3535592098e-03
6.3642143936e-01 2.1358760694e+00 9.5892632100e+00 1.0880289516e+02 1.2735160143e+02 1.8723282047e-04 2.3409597924e-03
6.3875849836e-01 2.1387306353e+00 9.6290173103e+00 1.0908375342e+02 1.2750992531e+02 1.8702601565e-04 2.3378353111e-03
6.4108214143e-01 2.1727172813e+00 9.6500815229e+00 1.1130689236e+02 1.2807337305e+02 1.0964462362e-05 2.3012658126e-03
6.4339067617e-01 2.1716117149e+00 9.5977334551e+00 1.1140502327e+02 1.2825154528e+02 1.8419452527e-04 2.3024373859e-03
6.4565744034e-01 2.3051918462e+00 9.1848614812e+00 1.2078105324e+02 1.3098807095e+02 9.0451354366e-06 2.1690168687e-03
6.4775408856e-01 2.6976632182e+00 7.2056622742e+00 1.5615411069e+02 1.4471238443e+02 1.4827730117e-04 1.8534559712e-03
6.4934006434e-01 3.7981221242e+00 2.9454551400e+00 2.8284842433e+02 1.8617649399e+02 5.9366571009e-06 1.3164400292e-03
6.5040693311e-01 4.9352223604e+00 9.4315066368e-01 3.9406967551e+02 1.9962103363e+02 8.1046867486e-05 1.0131255767e-03
6.5135944620e-01 5.2260536352e+00 9.1780692803e-01 4.1386848823e+02 1.9798327625e+02 7.6541205425e-05 9.5674486888e-04
6.5232133070e-01 5.1576276463e+00 1.1115239508e+00 4.0503997473e+02 1.9633056247e+02 7.7555010486e-05 9.6943795537e-04
6.5329825698e-01 5.1173576106e+00 1.1758853456e+00 4.0195335327e+02 1.9636762948e+02 7.8165354919e-05 9.7706675603e-04
6.5427537573e-01 5.1137567873e+00 1.2132339536e+00 4.0180517514e+02 1.9643345971e+02 7.8220383340e-05 9.7775475213e-04
6.5525379001e-01 5.1005880428e+00 1.2690570771e+00 4.0050032309e+02 1.9630105379e+02 7.8422327658e-05 9.8027912822e-04
6.5623594741e-01 5.0820526309e+00 1.3293785309e+00 3.9868116118e+02 1.9612211351e+02 7.8708354018e-05 9.8385443110e-04
6.5722148873e-01 5.0677150057e+00 1.3817259591e+00 3.9728602961e+02 1.9598873909e+02 7.8931038117e-05 9.8663796096e-04
6.5820922472e-01 5.0529149586e+00 1.4340481118e+00 3.9583628273e+02 1.9584550996e+02 7.9162226982e-05 9.8952783511e-04
6.5920055335e-01 5.0346477643e+00 1.4909057460e+00 3.9410038773e+02 1.9569412111e+02 7.9449450312e-05 9.9311813539e-04
6.6019546233e-01 5.0159872076e+00 1.5493653863e+00 3.9220605940e+02 1.9547800022e+02 7.9745020030e-05 9.9681274952e-04
6.6119418169e-01 4.9963579875e+00 1.6070850419e+00 3.9026536005e+02 1.9527491877e+02 8.0058315229e-05 1.0007289335e-03
6.6219692513e-01 4.9749757443e+00 1.6670871746e+00 3.8814921351e+02 1.9505080701e+02 8.0402402163e-05 1.0050300257e-03
6.6320424881e-01 4.9510674027e+00 1.7318717534e+00 3.8573441916e+02 1.9477336289e+02 8.0790659023e-05 1.0098832420e-03
6.6421669514e-01 4.9260463578e+00 1.7999253935e+00 3.8311876525e+02 1.9443522118e+02 8.1201022296e-05 1.0150127784e-03
6.6523427798e-01 4.8999243176e+00 1.8692971425e+00 3.8042147131e+02 1.9409558528e+02 8.1633914301e-05 1.0204239241e-03
6.6625754887e-01 4.8718944394e+00 1.9421628995e+00 3.7754244093e+02 1.9373492469e+02 8.2103585134e-05 1.0262948145e-03
6.6728687259e-01 4.8423575089e+00 2.0200101511e+00 3.7440987503e+02 1.9329937656e+02 8.2604392092e-05 1.0325549055e-03
6.6832266365e-01 4.8113771594e+00 2.1009713817e+00 3.7111648514e+02 1.9283277575e+02 8.3136280165e-05 1.0392035034e-03
6.6936528032e-01 4.7805257533e+00 2.1833036179e+00 3.6774526931e+02 1.9231423921e+02 8.3672805312e-05 1.0459100647e-03
6.7041448409e-01 4.7499625158e+00 2.2676876148e+00 3.6426145034e+02 1.9171806574e+02 8.4211190858e-05 1.0526398858e-03
6.7147056358e-01 4.7185765034e+00 2.3547884364e+00 3.6063822618e+02 1.9107363520e+02 8.4771328625e-05 1.0596416094e-03
6.7253376769e-01 4.6874690290e+00 2.4438369701e+00 3.5692063972e+02 1.9035893224e+02 8.5333897088e-05 1.0666737143e-03
6.7360390836e-01 4.6576649281e+00 2.5343215959e+00 3.5313606699e+02 1.8954565884e+02 8.5879943355e-05 1.0734992914e-03
6.7468076635e-01 4.6282163436e+00 2.6261941630e+00 3.4928355211e+02 1.8867071360e+02 8.6426383370e-05 1.0803297920e-03
6.7576456935e-01 4.5986723102e+00 2.7199073040e+00 3.4533491063e+02 1.8773620261e+02 8.6981626978e-05 1.0872703386e-03
6.7685530334e-01 4.5707004767e+00 2.8150510695e+00 3.4130259134e+02 1.8667958723e+02 8.7513938241e-05 1.0939242301e-03
6.7795241406e-01 4.5442793950e+00 2.9109390769e+00 3.3721781790e+02 1.8551776233e+02 8.8022756661e-05 1.1002844600e-03
6.7905586507e-01 4.5204508302e+00 3.0066237367e+00 3.3312441970e+02 1.8423185663e+02 8.8486749417e-05 1.1060843681e-03
6.8016457247e-01 4.5001383805e+00 3.1017909281e+00 3.2903438538e+02 1.8279125971e+02 8.8886155519e-05 1.1110769441e-03
6.8127800557e-01 4.4842076521e+00 3.1965992597e+00 3.2494870994e+02 1.8116283586e+02 8.9201935098e-05 1.1150241889e-03
6.8239461432e-01 4.4704341402e+00 3.2909556337e+00 3.2086219363e+02 1.7943570108e+02 8.9476768359e-05 1.1184596044e-03
6.8351492016e-01 4.4581752354e+00 3.3849304062e+00 3.1677832945e+02 1.7763900740e+02 8.9722807835e-05 1.1215350981e-03
6.8463767129e-01 4.4500750729e+00 3.4785795246e+00 3.1269918203e+02 1.7567073415e+02 8.9886124075e-05 1.1235765505e-03
6.8576208048e-01 4.4397852720e+00 3.5718842517e+00 3.0862305471e+02 1.7378264702e+02 9.0094447292e-05 1.1261805906e-03
6.8689003885e-01 4.4275817016e+00 3.6651126612e+00 3.0455489138e+02 1.7196458016e+02 9.0342771091e-05 1.1292846382e-03
6.8802065104e-01 4.4150601067e+00 3.7583200016e+00 3.0049202953e+02 1.7015172063e+02 9.0598993141e-05 1.1324874134e-03
6.8915503656e-01 4.3956968935e+00 3.8517782525e+00 2.9643629998e+02 1.6859459783e+02 9.0998085092e-05 1.1374760638e-03
6.9029559397e-01 4.3792317419e+00 3.9456650684e+00 2.9238407266e+02 1.6691516337e+02 9.1340222046e-05 1.1417527764e-03
6.9143850744e-01 4.3732385618e+00 4.0398090785e+00 2.8833624977e+02 1.6482993421e+02 9.1465396734e-05 1.1433174590e-03
6.9258223307e-01 4.3660202832e+00 4.1341218551e+00 2.8429944369e+02 1.6279095449e+02 9.1616615223e-05 1.1452076893e-03
6.9372895593e-01 4.3490239389e+00 4.2288038270e+00 2.8027539416e+02 1.6111396378e+02 9.1974660440e-05 1.1496832554e-03
6.9488160350e-01 4.3309928332e+00 4.3240160580e+00 2.7626203379e+02 1.5946807373e+02 9.2357576008e-05 1.1544697007e-03
6.9603787144e-01 4.3200730540e+00 4.4196130411e+00 2.7226055806e+02 1.5755552896e+02 9.2591026812e-05 1.1573878352e-03
6.9719637816e-01 4.3095076088e+00 4.5155353273e+00 2.6827762291e+02 1.5563125028e+02 9.2818028508e-05 1.1602253561e-03
6.9835833255e-01 4.2959898818e+00 4.6117905473e+00 2.6431529625e+02 1.5381512965e+02 9.3110088963e-05 1.1638761118e-03
6.9952414348e-01 4.2788105764e+00 4.7084428693e+00 2.6037703693e+02 1.5213166854e+02 9.3483923337e-05 1.1685490420e-03
7.0069542604e-01 4.2630585839e+00 4.8054427300e+00 2.5646526972e+02 1.5039980373e+02 9.3829346245e-05 1.1728668283e-03
7.0186987320e-01 4.2485458815e+00 4.9026575442e+00 2.5258462137e+02 1.4863004215e+02 9.4149860019e-05 1.1768732502e-03
7.0304917799e-01 4.2325991123e+00 5.0001069963e+00 2.4873940968e+02 1.4691883349e+02 9.4504579671e-05 1.1813072458e-03
7.0423248390e-01 4.2178279442e+00 5.0977618065e+00 2.4492950299e+02 1.4517513885e+02 9.4835542235e-05 1.1854442775e-03
7.0542007262e-01 4.2014827941e+00 5.1957674026e+00 2.4115738730e+02 1.4349540336e+02 9.5204483689e-05 1.1900560457e-03
7.0661259362e-01 4.1859084807e+00 5.2942494744e+00 2.3742009790e+02 1.4179723410e+02 9.5558706573e-05 1.1944838314e-03
7.0780904827e-01 4.1682931268e+00 5.3934583398e+00 2.3371663180e+02 1.4017526161e+02 9.5962541017e-05 1.1995317623e-03
7.0901165399e-01 4.1516572439e+00 5.4936351369e+00 2.3004170606e+02 1.3852402339e+02 9.6347067374e-05 1.2043383416e-03
7.1021772406e-01 4.1354090057e+00 5.5949324112e+00 2.2639118674e+02 1.3686142437e+02 9.6725620056e-05 1.2090702499e-03
7.1142980779e-01 4.1157529997e+00 5.6976718459e+00 2.2276322846e+02 1.3531134429e+02 9.7187562056e-05 1.2148445255e-03
7.1264740856e-01 4.0974788665e+00 5.8019854582e+00 2.1915416360e+02 1.3371280899e+02 9.7621003805e-05 1.2202625475e-03
7.1387033805e-01 4.0780278168e+00 5.9079456800e+00 2.1557015900e+02 1.3215343830e+02 9.8086628583e-05 1.2260828578e-03
7.1509957484e-01 4.0586078059e+00 6.0154442913e+00 2.1202092046e+02 1.3059953720e+02 9.8555962735e-05 1.2319495352e-03
7.1633423658e-01 4.0395162545e+00 6.1241213761e+00 2.0852391340e+02 1.2905252774e+02 9.9021757670e-05 1.2377719719e-03
7.1757512209e-01 4.0197640777e+00 6.2335159426e+00 2.0510064045e+02 1.2755763552e+02 9.9508327353e-05 1.2438540928e-03
7.1882194352e-01 4.0005178139e+00 6.3431779905e+00 2.0176874241e+02 1.2608914133e+02 9.9987056316e-05 1.2498382041e-03
7.2007479546e-01 3.9822055856e+00 6.4528980408e+00 1.9853746211e+02 1.2464038950e+02 1.0044684826e-04 1.2555856026e-03
7.2133311192e-01 3.9647507109e+00 6.5628151827e+00 1.9540413242e+02 1.2321337876e+02 1.0088906706e-04 1.2611133371e-03
7.2259702275e-01 3.9472977528e+00 6.6733190535e+00 1.9235771952e+02 1.2182873675e+02 1.0133514758e-04 1.2666893437e-03
7.2386649070e-01 3.9299773783e+00 6.7848713537e+00 1.8938599134e+02 1.2047524267e+02 1.0178175642e-04 1.2722719544e-03
7.2514156542e-01 3.9131034755e+00 6.8978071871e+00 1.8647966206e+02 1.1913795740e+02 1.0222065497e-04 1.2777581864e-03
7.2642200721e-01 3.8963427946e+00 7.0124093617e+00 1.8363174178e+02 1.1782314304e+02 1.0266037189e-04 1.2832546476e-03
7.2770807303e-01 3.8801198156e+00 7.1290341744e+00 1.8083548668e+02 1.1651411250e+02 1.0308960015e-04 1.2886200008e-03
7.2899925139e-01 3.8630629427e+00 7.2480978594e+00 1.7808242724e+02 1.1524691021e+02 1.0354477943e-04 1.2943097418e-03
7.3029669683e-01 3.8451517053e+00 7.3699385564e+00 1.7535818036e+02 1.1401252396e+02 1.0402710503e-04 1.3003388119e-03
7.3159992920e-01 3.8273657753e+00 7.4950310975e+00 1.7264837452e+02 1.1277232479e+02 1.0451052341e-04 1.3063815411e-03
7.3290946085e-01 3.8095277367e+00 7.6236756098e+00 1.6993730428e+02 1.1152124097e+02 1.0499989194e-04 1.3124986470e-03
7.3422493580e-01 3.7897727971e+00 7.7567409576e+00 1.6719325648e+02 1.1029240104e+02 1.0554722416e-04 1.3193403055e-03
7.3554814928e-01 3.7684760872e+00 7.8950333552e+00 1.6439832534e+02 1.0906154208e+02 1.0614370057e-04 1.3267962657e-03
7.3687853340e-01 3.7463129349e+00 8.0347126373e+00 1.6162325832e+02 1.0785488367e+02 1.0677164542e-04 1.3346455800e-03
7.3821743244e-01 3.7261298234e+00 8.1725453672e+00 1.5903448282e+02 1.0670218857e+02 1.0734999022e-04 1.3418748774e-03
7.3956227823e-01 3.7072378761e+00 8.3020160726e+00 1.5659403574e+02 1.0560020760e+02 1.0789704143e-04 1.3487130222e-03
7.4091483301e-01 3.6939406277e+00 8.4300815845e+00 1.5453577412e+02 1.0458734296e+02 1.0828544410e-04 1.3535680467e-03
7.4226941756e-01 3.6800815106e+00 8.5467407311e+00 1.5252544303e+02 1.0361553310e+02 1.0869324551e-04 1.3586655582e-03
7.4363214187e-01 3.6709737586e+00 8.6657122664e+00 1.5077921865e+02 1.0268339449e+02 1.0896291421e-04 1.3620364320e-03
7.4499350339e-01 3.6592375605e+00 8.7822128628e+00 1.4903978763e+02 1.0182434535e+02 1.0931238952e-04 1.3664048637e-03
7.4636494826e-01 3.6482214822e+00 8.8973730820e+00 1.4728649271e+02 1.0093033923e+02 1.0964246662e-04 1.3705308256e-03
7.4773457246e-01 3.6357914585e+00 9.0144305884e+00 1.4551090916e+02 1.0005449351e+02 1.1001731150e-04 1.3752163888e-03
7.4911537810e-01 3.6239909331e+00 9.1357674327e+00 1.4366250782e+02 9.9105178839e+01 1.1037555243e-04 1.3796944011e-03
7.5049398416e-01 3.6076812706e+00 9.2630663246e+00 1.4167309887e+02 9.8174622595e+01 1.1087453886e-04 1.3859317454e-03
7.5188723086e-01 3.5935873127e+00 9.3976349230e+00 1.3954506981e+02 9.7079225904e+01 1.1130938596e-04 1.3913673343e-03
7.5327666695e-01 3.5900722147e+00 9.5305969087e+00 1.3740872527e+02 9.5686602561e+01 1.1141837009e-04 1.3927296447e-03
7.5467264793e-01 3.5950773240e+00 9.6636277823e+00 1.3559213228e+02 9.4290136250e+01 1.1126325282e-04 1.3907906700e-03
7.5605809236e-01 3.6319843689e+00 9.7806661626e+00 1.3378278804e+02 9.2086566495e+01 1.1013263361e-04 1.3766579071e-03
7.5742620081e-01 3.6204879003e+00 9.8919510426e+00 1.3238179319e+02 9.1411569954e+01 1.1048234476e-04 1.3810293357e-03
7.5881963881e-01 3.7185296481e+00 9.9948333268e+00 1.3135386949e+02 8.8310355112e+01 1.0756939832e-04 1.3446174895e-03
7.6011786246e-01 3.3650586934e+00 1.0075261725e+01 1.3044325788e+02 9.6910091152e+01 1.1886867311e-04 1.4858581842e-03
7.6178734036e-01 3.8638061869e+00 1.0173779173e+01 1.3014355318e+02 8.4206833159e+01 1.0352480060e-04 1.2940607676e-03
7.6269623911e-01 6.6786313585e+00 1.0221905184e+01 1.2988128874e+02 4.8618227960e+01 1.5813673355e-06 7.4865638356e-04
7.6330112747e-01 7.5102327051e+00 1.0243755716e+01 1.2837499854e+02 4.2733362460e+01 5.3260567406e-05 6.6575833217e-04
7.6401912126e-01 6.8016543237e+00 1.0280314833e+01 1.2993948124e+02 4.7760248853e+01 1.1395428339e-06 7.3511527668e-04
7.6478020188e-01 6.5523965079e+00 1.0305375002e+01 1.2785307704e+02 4.8781036408e+01 6.1046289001e-05 7.6307958378e-04
7.6553545314e-01 6.6385246247e+00 1.0333749277e+01 1.2955751259e+02 4.8790024860e+01 1.1828454272e-06 7.5317940095e-04
7.6629647308e-01 6.4963562814e+00 1.0361152216e+01 1.2722229184e+02 4.8959095811e+01 6.1572896957e-05 7.6966222039e-04
7.6706486571e-01 6.4820180113e+00 1.0389310582e+01 1.2888425643e+02 4.9708384105e+01 1.2434658130e-06 7.7136471871e-04
7.6784918871e-01 6.3518325000e+00 1.0419035846e+01 1.2643738184e+02 4.9764135720e+01 6.2973870021e-05 7.8717440990e-04
7.6862907737e-01 6.4256740189e+00 1.0450440637e+01 1.2791292732e+02 4.9766346280e+01 1.2651421452e-06 7.7812848665e-04
7.6941555540e-01 6.3603680848e+00 1.0482937260e+01 1.2531664356e+02 4.9256836195e+01 6.2889358074e-05 7.8611802545e-04
7.7019118947e-01 6.4674202987e+00 1.0515991215e+01 1.2668638474e+02 4.8970988002e+01 1.2469018617e-06 7.7310577774e-04
7.7097192023e-01 6.3652278373e+00 1.0548391676e+01 1.2414945283e+02 4.8760804797e+01 6.2841343738e-05 7.8551783656e-04
7.7175210939e-01 6.4501180118e+00 1.0579939310e+01 1.2569479680e+02 4.8718022125e+01 1.2544474263e-06 7.7517961545e-04
7.7253238178e-01 6.3755598873e+00 1.0611202596e+01 1.2342224614e+02 4.8396630384e+01 6.2739505177e-05 7.8424484883e-04
7.7331049972e-01 6.4670637099e+00 1.0642152026e+01 1.2513479870e+02 4.8373885086e+01 1.2474970568e-06 7.7314840618e-04
7.7408879334e-01 6.3739549598e+00 1.0672381605e+01 1.2294576124e+02 4.8221928934e+01 6.2755303130e-05 7.8444231745e-04
7.7486928245e-01 6.4467344180e+00 1.0701801596e+01 1.2463194343e+02 4.8331424621e+01 1.2559379997e-06 7.7558647151e-04
7.7565007328e-01 6.3605466014e+00 1.0730574479e+01 1.2238849180e+02 4.8104549605e+01 6.2887595095e-05 7.8609596209e-04
7.7643135122e-01 6.4294669915e+00 1.0758709658e+01 1.2398042148e+02 4.8207892521e+01 1.2622295746e-06 7.7766944081e-04
7.7721556583e-01 6.3276043847e+00 1.0786187938e+01 1.2165859176e+02 4.8066607980e+01 6.3214995902e-05 7.9018846565e-04
7.7800155230e-01 6.4014444305e+00 1.0813101925e+01 1.2314824895e+02 4.8093930318e+01 1.2730810268e-06 7.8107371770e-04
7.7878791094e-01 6.3054662623e+00 1.0839663939e+01 1.2077548679e+02 4.7885232341e+01 6.3436940389e-05 7.9296277103e-04
7.7957726628e-01 6.3751441151e+00 1.0865939837e+01 1.2220071022e+02 4.7920763837e+01 1.2835237305e-06 7.8429599547e-04
7.8036673894e-01 6.2780263248e+00 1.0892466016e+01 1.1981752502e+02 4.7713054557e+01 6.3714209485e-05 7.9642864514e-04
7.8115986745e-01 6.3096545090e+00 1.0919465437e+01 1.2120974899e+02 4.8025509487e+01 1.3107883845e-06 7.9243641516e-04
7.8196192489e-01 6.1943155848e+00 1.0947395497e+01 1.1884957125e+02 4.7967192511e+01 6.4575250894e-05 8.0719167946e-04
7.8276385619e-01 6.2473056670e+00 1.0976508870e+01 1.2022093122e+02 4.8109112003e+01 1.3372660575e-06 8.0034502336e-04
7.8357303507e-01 6.1518733832e+00 1.1007128518e+01 1.1787788190e+02 4.7903246116e+01 6.5020758286e-05 8.1276055091e-04
7.8437891107e-01 6.1705935308e+00 1.1038671486e+01 1.1921296583e+02 4.8298824593e+01 1.3722680873e-06 8.1029482416e-04
7.8520409949e-01 6.0868873151e+00 1.1070939818e+01 1.1684893475e+02 4.7992072425e+01 6.5714945179e-05 8.2143791090e-04
7.8601120781e-01 6.0904318791e+00 1.1104200084e+01 1.1809748673e+02 4.8476647090e+01 1.4071631302e-06 8.2095984312e-04
7.8685673833e-01 5.9342952132e+00 1.1137111683e+01 1.1564080418e+02 4.8717160181e+01 6.7404715651e-05 8.4256003794e-04
7.8768547690e-01 6.0723675640e+00 1.1171934930e+01 1.1675803845e+02 4.8069405062e+01 1.4101258975e-06 8.2340206638e-04
7.8851465039e-01 5.8541843151e+00 1.1206842379e+01 1.1416476466e+02 4.8753489177e+01 6.8327107105e-05 8.5408995188e-04
7.8938265270e-01 5.9509277354e+00 1.1245148276e+01 1.1522160350e+02 4.8404891062e+01 1.4649021374e-06 8.4020512807e-04
7.9020666417e-01 5.5827348743e+00 1.1280184781e+01 1.1252265335e+02 5.0388678616e+01 7.1649380796e-05 8.9561838643e-04
7.9116229242e-01 5.7988424090e+00 1.1321616251e+01 1.1382199296e+02 4.9070997682e+01 1.5123884764e-06 8.6224105561e-04
7.9194567656e-01 4.7210507896e+00 1.1355853346e+01 1.1096234553e+02 5.8759347480e+01 8.4726701042e-05 1.0590862549e-03
7.9326587469e-01 4.1510647129e+00 1.1386034298e+01 1.1231363350e+02 6.7641461451e+01 3.2419885562e-06 1.2045102512e-03
7.9437668221e-01 2.9487885378e+00 1.1454239202e+01 1.1032272877e+02 9.3532248379e+01 1.3564873052e-04 1.6956115828e-03
7.9665041149e-01 1.9793136825e+00 1.1536479225e+01 1.0967106682e+02 1.3852158426e+02 2.0209034403e-04 2.5261281444e-03
7.9944790428e-01 1.1475211825e+00 1.1659751460e+01 1.0935298994e+02 2.3823741037e+02 3.4857741714e-04 4.3572180421e-03
8.0534705724e-01 9.2583566074e-01 1.1846437295e+01 1.0866054153e+02 2.9341206583e+02 4.3204210889e-04 5.4005264779e-03
8.1024158440e-01 8.8424574927e-01 1.2043826226e+01 1.0790489864e+02 3.0507610224e+02 4.5236293149e-04 5.6545366536e-03
8.1665382785e-01 8.6586704792e-01 1.2237959637e+01 1.0728733129e+02 3.0976849030e+02 4.6196468615e-04 5.7745585907e-03
8.2178721507e-01 8.8879669635e-01 1.2450126712e+01 1.0690794336e+02 3.0070977930e+02 4.5004667366e-04 5.6255834664e-03
8.2790759579e-01 8.8237250825e-01 1.2663398175e+01 1.0687651541e+02 3.0281007853e+02 4.5332328282e-04 5.6665410054e-03
8.3311854036e-01 8.9696914519e-01 1.2843047839e+01 1.0663379040e+02 2.9720584863e+02 4.4594618965e-04 5.5743277535e-03
8.3905720312e-01 9.0130466515e-01 1.3059631301e+01 1.0766873267e+02 2.9864688610e+02 4.4380184189e-04 5.5475137246e-03
8.4421225619e-01 9.2120029839e-01 1.3472573802e+01 1.1055371597e+02 3.0002627051e+02 4.3421473942e-04 5.4277012380e-03
8.4988169063e-01 9.0380834174e-01 1.3534099487e+01 1.0825064443e+02 2.9942920261e+02 6.3360200125e-05 5.5321463291e-03
8.5537012375e-01 6.8704839109e-01 1.2231819398e+01 8.1137511311e+01 2.9523943423e+02 5.8220046684e-04 7.2775077634e-03
8.6434140274e-01 4.5585060001e-01 6.3857350353e+00 3.9260882238e+01 2.1531660941e+02 1.7735415444e-04 1.0968505909e-02
8.7744349927e-01 3.4186387100e-01 1.3064641149e+00 2.1895390787e+01 1.6011775917e+02 1.1700480603e-03 1.4625704628e-02
8.9341696731e-01 3.2654807128e-01 1.3866723244e-01 1.9605703981e+01 1.5009814561e+02 4.3686569551e-04 1.5311681310e-02
9.0823384817e-01 3.1835994611e-01 2.7106221169e-02 1.9065620111e+01 1.4971748444e+02 1.2538793905e-03 1.5705493298e-02
9.2465717266e-01 2.9607880374e-01 2.4890003196e-02 1.9154381979e+01 1.6173381661e+02 5.4639425436e-04 1.6887395980e-02
9.4217824890e-01 2.8881880194e-01 -5.8339742178e-03 1.9067439208e+01 1.6504672722e+02 1.3825609795e-03 1.7311892323e-02
9.5917240010e-01 3.1320416465e-01 -2.1486682868e-02 1.9294671610e+01 1.5401033725e+02 1.2771290292e-03 1.5964027827e-02
9.7412121724e-01 3.1545768913e-01 -6.6848892611e-02 1.9033969589e+01 1.5084407708e+02 1.2678007275e-03 1.5849986138e-02
9.9089501838e-01 2.8567492533e-01 -8.4200425934e-02 1.9329021762e+01 1.6915224306e+02 1.4001928687e-03 1.7502411155e-02
