# x  rho  v  p  e  w  vol
1.6661350442e-02 1.4908990275e-01 2.6162577881e-01 7.3060824842e+01 1.2251135639e+03 0.0000000000e+00 3.3536811733e-02
5.0412273025e-02 1.5360905720e-01 7.4134499447e-01 7.2567319661e+01 1.1810390771e+03 0.0000000000e+00 3.2550163975e-02
8.1761678392e-02 1.5662595991e-01 1.0902290157e+00 7.3314688490e+01 1.1702193004e+03 0.0000000000e+00 3.1923188230e-02
1.1425864949e-01 1.5602655266e-01 1.4625437416e+00 7.4359608696e+01 1.1914575985e+03 0.0000000000e+00 3.2045827551e-02
1.4585333349e-01 1.5824496324e-01 1.8056691250e+00 7.5682684419e+01 1.1956570824e+03 0.0000000000e+00 3.1596582272e-02
1.7745181403e-01 1.6035322051e-01 2.1462540301e+00 7.7158555095e+01 1.2029467642e+03 0.0000000000e+00 3.1181163585e-02
2.0821566067e-01 1.6267508642e-01 2.4891582845e+00 7.8727934795e+01 1.2098953891e+03 0.0000000000e+00 3.0736113993e-02
2.3892404202e-01 1.6527432978e-01 2.8390295227e+00 8.0341620760e+01 1.2152767594e+03 0.0000000000e+00 3.0252731968e-02
2.6872112460e-01 1.6748447001e-01 3.1986768690e+00 8.1974033264e+01 1.2236064821e+03 0.0000000000e+00 2.9853514178e-02
2.9863107037e-01 1.6984011548e-01 3.5721177961e+00 8.3584494996e+01 1.2303408821e+03 0.0000000000e+00 2.9439452428e-02
3.2760002946e-01 1.7209832791e-01 3.9628845066e+00 8.5150526099e+01 1.2369458660e+03 0.0000000000e+00 2.9053158510e-02
3.5673738739e-01 1.7412462718e-01 4.3769258167e+00 8.6634215121e+01 1.2438535623e+03 0.0000000000e+00 2.8715065072e-02
3.8503015960e-01 1.7609073782e-01 4.8176245797e+00 8.8005721019e+01 1.2494371099e+03 0.0000000000e+00 2.8394451984e-02
4.1352629136e-01 1.7777979483e-01 5.2837744200e+00 8.9255404989e+01 1.2551398919e+03 0.0000000000e+00 2.8124680899e-02
4.4127952140e-01 1.7946221163e-01 5.7763044843e+00 9.0396886972e+01 1.2592746706e+03 0.0000000000e+00 2.7861018510e-02
4.6924832838e-01 1.8093103934e-01 6.2831442425e+00 9.1430124664e+01 1.2633283515e+03 0.0000000000e+00 2.7634838214e-02
4.9654919783e-01 1.8205767204e-01 6.8189487311e+00 9.2404281667e+01 1.2688874991e+03 0.0000000000e+00 2.7463824753e-02
5.2417597788e-01 1.8856912546e-01 7.3477553166e+00 9.3254765818e+01 1.2363472227e+03 0.0000000000e+00 2.6515475362e-02
5.4958014855e-01 1.7808956198e-01 7.8872101046e+00 9.4244745313e+01 1.3229964781e+03 0.0000000000e+00 2.8075761120e-02
5.8032750013e-01 2.1989852828e-01 8.4669611641e+00 9.5495793257e+01 1.0856802226e+03 0.0000000000e+00 2.2737760180e-02
5.9505566891e-01 6.0188902411e-01 8.7805832192e+00 9.6097671982e+01 3.9915029238e+02 0.0000000000e+00 8.3071792302e-03
5.9694185859e-01 2.4229011985e+00 8.8422314778e+00 9.6516041535e+01 9.9587265047e+01 0.0000000000e+00 2.0636417214e-03
5.9918295235e-01 1.8970009935e+00 8.8798220224e+00 9.7687450495e+01 1.2873932437e+02 0.0000000000e+00 2.6357392627e-03
6.0221333711e-01 1.7883623018e+00 8.9409176610e+00 9.8345148882e+01 1.3747934183e+02 0.0000000000e+00 2.7958540588e-03
6.0477466047e-01 1.9349466046e+00 8.9924018775e+00 9.9130347169e+01 1.2807891822e+02 0.0000000000e+00 2.5840506338e-03
6.0738143838e-01 1.9666412689e+00 9.0443364316e+00 9.9938149799e+01 1.2704166156e+02 0.0000000000e+00 2.5424057143e-03
6.0985947190e-01 2.0143809286e+00 9.0946365629e+00 1.0073805630e+02 1.2502359269e+02 0.0000000000e+00 2.4821521734e-03
6.1234574273e-01 2.0222992909e+00 9.1439992258e+00 1.0154422115e+02 1.2553065414e+02 0.0000000000e+00 2.4724332459e-03
6.1480433839e-01 2.0363495264e+00 9.1928734993e+00 1.0233907728e+02 1.2564036277e+02 0.0000000000e+00 2.4553741562e-03
6.1725649104e-01 2.0517290661e+00 9.2408823289e+00 1.0312596326e+02 1.2565738449e+02 0.0000000000e+00 2.4369689364e-03
6.1967827626e-01 2.0650314087e+00 9.2880735546e+00 1.0390364276e+02 1.2578942181e+02 0.0000000000e+00 2.4212706785e-03
6.2209903239e-01 2.0758953228e+00 9.3344207212e+00 1.0467072239e+02 1.2605491380e+02 0.0000000000e+00 2.4085992897e-03
6.2449547484e-01 2.0853157775e+00 9.3798859662e+00 1.0542518893e+02 1.2638995741e+02 0.0000000000e+00 2.3977183954e-03
6.2689446919e-01 2.0947947598e+00 9.4244627937e+00 1.0616657046e+02 1.2670283086e+02 0.0000000000e+00 2.3868686785e-03
6.2926921220e-01 2.1050016500e+00 9.4680032055e+00 1.0689441885e+02 1.2695289200e+02 0.0000000000e+00 2.3752950503e-03
6.3164505929e-01 2.1159486965e+00 9.5103812802e+00 1.0760921970e+02 1.2714062950e+02 0.0000000000e+00 2.3630062526e-03
6.3399522470e-01 2.1272400361e+00 9.5516754375e+00 1.0830392114e+02 1.2728220523e+02 0.0000000000e+00 2.3504634715e-03
6.3634598623e-01 2.1381061345e+00 9.5928453808e+00 1.0896570496e+02 1.2740913934e+02 0.0000000000e+00 2.3385181490e-03
6.3867226100e-01 2.1482590448e+00 9.6345445739e+00 1.0959247686e+02 1.2753638478e+02 0.0000000000e+00 2.3274660531e-03
6.4100091834e-01 2.1589140345e+00 9.6693540974e+00 1.1031173537e+02 1.2773984236e+02 0.0000000000e+00 2.3159792007e-03
6.4330421940e-01 2.1765721256e+00 9.6681482342e+00 1.1157308837e+02 1.2815229859e+02 0.0000000000e+00 2.2971901281e-03
6.4559529859e-01 2.2434829722e+00 9.4613277666e+00 1.1647390318e+02 1.2979138312e+02 0.0000000000e+00 2.2286774903e-03
6.4776157438e-01 2.5925475889e+00 8.0013289186e+00 1.4595552928e+02 1.4074527494e+02 0.0000000000e+00 1.9286049064e-03
6.4945250840e-01 3.6846472135e+00 3.1449452325e+00 2.7826304667e+02 1.8879897487e+02 0.0000000000e+00 1.3569820149e-03
6.5047553841e-01 5.1566072715e+00 5.3962706631e-01 4.2099194488e+02 2.0410316450e+02 0.0000000000e+00 9.6962978500e-04
6.5139176797e-01 5.3358250737e+00 8.3966833116e-01 4.2268358246e+02 1.9804040454e+02 0.0000000000e+00 9.3706220330e-04
6.5234966282e-01 5.1429539959e+00 1.1929722703e+00 4.0294117346e+02 1.9587049280e+02 0.0000000000e+00 9.7220391316e-04
6.5333617580e-01 5.1183093674e+00 1.1901586388e+00 4.0264565922e+02 1.9666926631e+02 0.0000000000e+00 9.7688506910e-04
6.5430343296e-01 5.1344522313e+00 1.1969019673e+00 4.0433952998e+02 1.9687568983e+02 0.0000000000e+00 9.7381371463e-04
6.5528380323e-01 5.1164420479e+00 1.2692832571e+00 4.0208030589e+02 1.9646480021e+02 0.0000000000e+00 9.7724159743e-04
6.5625791615e-01 5.0896359290e+00 1.3421686675e+00 3.9951043930e+02 1.9623723822e+02 0.0000000000e+00 9.8238853816e-04
6.5724858031e-01 5.0734952664e+00 1.3947423805e+00 3.9808416978e+02 1.9615873716e+02 0.0000000000e+00 9.8551387898e-04
6.5822894391e-01 5.0574198325e+00 1.4494788993e+00 3.9647523713e+02 1.9598691144e+02 0.0000000000e+00 9.8864641767e-04
6.5922587314e-01 5.0368527637e+00 1.5154178244e+00 3.9431652999e+02 1.9571573187e+02 0.0000000000e+00 9.9268337483e-04
6.6021431066e-01 5.0161760203e+00 1.5774552658e+00 3.9223108665e+02 1.9548311556e+02 0.0000000000e+00 9.9677522874e-04
6.6121942360e-01 4.9979078545e+00 1.6323210570e+00 3.9052460800e+02 1.9534404163e+02 0.0000000000e+00 1.0004186042e-03
6.6221514787e-01 4.9838839038e+00 1.6785455227e+00 3.8918525396e+02 1.9522186987e+02 0.0000000000e+00 1.0032336420e-03
6.6322589088e-01 4.9740859590e+00 1.7144121023e+00 3.8829064288e+02 1.9515678161e+02 0.0000000000e+00 1.0052098097e-03
6.6422556749e-01 4.9673702652e+00 1.7400548659e+00 3.8779354177e+02 1.9517044285e+02 0.0000000000e+00 1.0065688147e-03
6.6523902851e-01 4.9635093092e+00 1.7594371771e+00 3.8764477831e+02 1.9524733115e+02 0.0000000000e+00 1.0073517926e-03
6.6624027107e-01 4.9622516999e+00 1.7747937332e+00 3.8763788816e+02 1.9529334242e+02 0.0000000000e+00 1.0076070910e-03
6.6725424269e-01 4.9613422249e+00 1.7888271399e+00 3.8767836643e+02 1.9534953892e+02 0.0000000000e+00 1.0077917977e-03
6.6825585467e-01 4.9592779840e+00 1.8031210938e+00 3.8764145300e+02 1.9541224259e+02 0.0000000000e+00 1.0082112792e-03
6.6927066525e-01 4.9565154235e+00 1.8210112782e+00 3.8736863694e+02 1.9538355268e+02 0.0000000000e+00 1.0087732152e-03
6.7027340110e-01 4.9509885226e+00 1.8471464865e+00 3.8661744340e+02 1.9522234885e+02 0.0000000000e+00 1.0098993317e-03
6.7129046392e-01 4.9386177077e+00 1.8872978093e+00 3.8509856222e+02 1.9494248442e+02 0.0000000000e+00 1.0124290431e-03
6.7229825919e-01 4.9202576448e+00 1.9466725065e+00 3.8255231754e+02 1.9437616135e+02 0.0000000000e+00 1.0162069471e-03
6.7332287781e-01 4.8901768523e+00 2.0279339874e+00 3.7885624128e+02 1.9368228017e+02 0.0000000000e+00 1.0224579092e-03
6.7434317500e-01 4.8573521018e+00 2.1300898394e+00 3.7408023878e+02 1.9253300509e+02 0.0000000000e+00 1.0293674198e-03
6.7538161265e-01 4.8137077789e+00 2.2489919577e+00 3.6847615333e+02 1.9136815644e+02 0.0000000000e+00 1.0387003594e-03
6.7642057572e-01 4.7722438033e+00 2.3778001714e+00 3.6244318959e+02 1.8987042811e+02 0.0000000000e+00 1.0477251804e-03
6.7747706301e-01 4.7289920954e+00 2.5035823484e+00 3.5657564175e+02 1.8850509503e+02 0.0000000000e+00 1.0573077516e-03
6.7853519123e-01 4.6976686355e+00 2.6235850666e+00 3.5097160440e+02 1.8677967287e+02 0.0000000000e+00 1.0643577459e-03
6.7960577850e-01 4.6643860975e+00 2.7404575158e+00 3.4564292650e+02 1.8525638705e+02 0.0000000000e+00 1.0719524275e-03
6.8067909608e-01 4.6379944849e+00 2.8539909359e+00 3.4044968636e+02 1.8351126088e+02 0.0000000000e+00 1.0780521659e-03
6.8176188283e-01 4.6107816690e+00 2.9660783784e+00 3.3540630836e+02 1.8185978671e+02 0.0000000000e+00 1.0844148257e-03
6.8284792573e-01 4.5895167633e+00 3.0763382148e+00 3.3043214088e+02 1.7999288265e+02 0.0000000000e+00 1.0894393153e-03
6.8394076147e-01 4.5667061925e+00 3.1859131988e+00 3.2554027273e+02 1.7821393528e+02 0.0000000000e+00 1.0948810344e-03
6.8503768780e-01 4.5467168937e+00 3.2945495356e+00 3.2068526222e+02 1.7632792503e+02 0.0000000000e+00 1.0996945965e-03
6.8614015066e-01 4.5273247507e+00 3.4029817293e+00 3.1588203217e+02 1.7443084469e+02 0.0000000000e+00 1.1044049798e-03
6.8724649776e-01 4.5092593605e+00 3.5110828292e+00 3.1111056449e+02 1.7248429266e+02 0.0000000000e+00 1.1088295439e-03
6.8835780975e-01 4.4908212498e+00 3.6191836246e+00 3.0637662911e+02 1.7055712756e+02 0.0000000000e+00 1.1133821014e-03
6.8947326196e-01 4.4728168733e+00 3.7273245958e+00 3.0167375976e+02 1.6861508547e+02 0.0000000000e+00 1.1178637851e-03
6.9059353732e-01 4.4547765042e+00 3.8352581601e+00 2.9698566174e+02 1.6666698176e+02 0.0000000000e+00 1.1223907631e-03
6.9171804349e-01 4.4368256395e+00 3.9429661571e+00 2.9230731114e+02 1.6470520530e+02 0.0000000000e+00 1.1269318216e-03
6.9284740096e-01 4.4176264350e+00 4.0506549347e+00 2.8764598728e+02 1.6278310961e+02 0.0000000000e+00 1.1318295183e-03
6.9398170253e-01 4.3986815116e+00 4.1584404908e+00 2.8300518463e+02 1.6084659908e+02 0.0000000000e+00 1.1367042571e-03
6.9512080947e-01 4.3796174818e+00 4.2664467232e+00 2.7839076411e+02 1.5891271628e+02 0.0000000000e+00 1.1416522152e-03
6.9626500696e-01 4.3601676568e+00 4.3747390498e+00 2.7380552261e+02 1.5699254258e+02 0.0000000000e+00 1.1467448946e-03
6.9741429926e-01 4.3406118151e+00 4.4832690680e+00 2.6924791424e+02 1.5507486370e+02 0.0000000000e+00 1.1519113464e-03
6.9856882965e-01 4.3201827915e+00 4.5920101334e+00 2.6471626945e+02 1.5318580383e+02 0.0000000000e+00 1.1573584363e-03
6.9972901614e-01 4.2998349978e+00 4.7009639817e+00 2.6020968155e+02 1.5129050398e+02 0.0000000000e+00 1.1628353187e-03
7.0089450029e-01 4.2785388825e+00 4.8102246914e+00 2.5573110415e+02 1.4942665661e+02 0.0000000000e+00 1.1686232467e-03
7.0206626263e-01 4.2561609356e+00 4.9199566984e+00 2.5128417065e+02 1.4760025199e+02 0.0000000000e+00 1.1747676076e-03
7.0324403550e-01 4.2333998193e+00 5.0302785121e+00 2.4687160471e+02 1.4578802809e+02 0.0000000000e+00 1.1810838129e-03
7.0442843025e-01 4.2098854911e+00 5.1412501591e+00 2.4249481203e+02 1.4400321134e+02 0.0000000000e+00 1.1876807601e-03
7.0561939702e-01 4.1863484112e+00 5.2528887212e+00 2.3815378578e+02 1.4222047617e+02 0.0000000000e+00 1.1943583068e-03
7.0681714687e-01 4.1623828404e+00 5.3652578328e+00 2.3385111886e+02 1.4045507575e+02 0.0000000000e+00 1.2012350117e-03
7.0802186705e-01 4.1365265806e+00 5.4785849732e+00 2.2959274046e+02 1.3875937697e+02 0.0000000000e+00 1.2087435926e-03
7.0923463405e-01 4.1114331024e+00 5.5930744736e+00 2.2538320594e+02 1.3704662117e+02 0.0000000000e+00 1.2161209669e-03
7.1045410898e-01 4.0880988963e+00 5.7087490770e+00 2.2122561929e+02 1.3528636715e+02 0.0000000000e+00 1.2230623884e-03
7.1168075883e-01 4.0630343569e+00 5.8256687776e+00 2.1712217368e+02 1.3359607292e+02 0.0000000000e+00 1.2306073640e-03
7.1291532371e-01 4.0371763438e+00 5.9438923115e+00 2.1307130340e+02 1.3194327251e+02 0.0000000000e+00 1.2384893733e-03
7.1415773758e-01 4.0112793887e+00 6.0634415789e+00 2.0907283341e+02 1.3030308609e+02 0.0000000000e+00 1.2464851025e-03
7.1540829391e-01 3.9848803397e+00 6.1844423282e+00 2.0512914472e+02 1.2869216089e+02 0.0000000000e+00 1.2547428213e-03
7.1666722322e-01 3.9588140606e+00 6.3070673963e+00 2.0124403365e+02 1.2708606073e+02 0.0000000000e+00 1.2630045068e-03
7.1793430293e-01 3.9316352390e+00 6.4316378350e+00 1.9742481342e+02 1.2553606923e+02 0.0000000000e+00 1.2717354729e-03
7.1921069417e-01 3.9051066625e+00 6.5584047538e+00 1.9367564812e+02 1.2398870560e+02 0.0000000000e+00 1.2803747585e-03
7.2049505244e-01 3.8786952299e+00 6.6874788537e+00 1.8999868560e+02 1.2246301548e+02 0.0000000000e+00 1.2890932913e-03
7.2178888075e-01 3.8517773749e+00 6.8188719895e+00 1.8639143084e+02 1.2097754666e+02 0.0000000000e+00 1.2981020224e-03
7.2309125649e-01 3.8254307478e+00 6.9524398326e+00 1.8284772870e+02 1.1949486264e+02 0.0000000000e+00 1.3070423515e-03
7.2440296545e-01 3.7984981418e+00 7.0880610486e+00 1.7936313146e+02 1.1804871608e+02 0.0000000000e+00 1.3163097133e-03
7.2572387592e-01 3.7712235101e+00 7.2257175327e+00 1.7593463887e+02 1.1662968159e+02 0.0000000000e+00 1.3258296642e-03
7.2705462478e-01 3.7445123394e+00 7.3654073156e+00 1.7256181850e+02 1.1520980762e+02 0.0000000000e+00 1.3352873610e-03
7.2839445064e-01 3.7171349207e+00 7.5071793532e+00 1.6924687115e+02 1.1382884584e+02 0.0000000000e+00 1.3451220111e-03
7.2974486880e-01 3.6893303482e+00 7.6510623208e+00 1.6599144328e+02 1.1248074015e+02 0.0000000000e+00 1.3552594992e-03
7.3110496964e-01 3.6620712941e+00 7.7968994440e+00 1.6279778842e+02 1.1113777924e+02 0.0000000000e+00 1.3653475311e-03
7.3247556386e-01 3.6351918536e+00 7.9443958333e+00 1.5967274364e+02 1.0981039659e+02 0.0000000000e+00 1.3754432232e-03
7.3385585608e-01 3.6086626152e+00 8.0926128576e+00 1.5662774023e+02 1.0850816281e+02 0.0000000000e+00 1.3855548532e-03
7.3524667357e-01 3.5827845676e+00 8.2410403586e+00 1.5370133485e+02 1.0724991411e+02 0.0000000000e+00 1.3955625591e-03
7.3664698120e-01 3.5568986780e+00 8.3867943005e+00 1.5086403851e+02 1.0603622155e+02 0.0000000000e+00 1.4057189852e-03
7.3805811154e-01 3.5342553338e+00 8.5328514105e+00 1.4823436552e+02 1.0485544444e+02 0.0000000000e+00 1.4147251763e-03
7.3947643155e-01 3.5108475872e+00 8.6722279408e+00 1.4566387944e+02 1.0372415480e+02 0.0000000000e+00 1.4241575220e-03
7.4090642658e-01 3.4919074472e+00 8.8120785686e+00 1.4337442781e+02 1.0264764314e+02 0.0000000000e+00 1.4318821663e-03
7.4234019589e-01 3.4733841414e+00 8.9425547724e+00 1.4114466945e+02 1.0159016661e+02 0.0000000000e+00 1.4395182901e-03
7.4378546316e-01 3.4595683008e+00 9.0734859045e+00 1.3923504047e+02 1.0061590664e+02 0.0000000000e+00 1.4452670291e-03
7.4523072994e-01 3.4443895725e+00 9.1946846189e+00 1.3735559692e+02 9.9695166608e+01 0.0000000000e+00 1.4516360286e-03
7.4668873522e-01 3.4339173863e+00 9.3166447302e+00 1.3570514773e+02 9.8797621249e+01 0.0000000000e+00 1.4560629851e-03
7.4814285591e-01 3.4228881852e+00 9.4341084877e+00 1.3407517721e+02 9.7925472548e+01 0.0000000000e+00 1.4607546988e-03
7.4961024462e-01 3.4163534225e+00 9.5518773192e+00 1.3250520963e+02 9.6963921206e+01 0.0000000000e+00 1.4635488141e-03
7.5106995354e-01 3.4087221728e+00 9.6706022307e+00 1.3095224386e+02 9.6042033660e+01 0.0000000000e+00 1.4668253224e-03
7.5254389526e-01 3.4156607904e+00 9.7914279231e+00 1.2935264927e+02 9.4676152876e+01 0.0000000000e+00 1.4638455944e-03
7.5399764473e-01 3.4206541519e+00 9.9170925694e+00 1.2766526684e+02 9.3304716852e+01 0.0000000000e+00 1.4617087194e-03
7.5546731270e-01 3.4785451440e+00 1.0047062306e+01 1.2591015572e+02 9.0490528732e+01 0.0000000000e+00 1.4373825243e-03
7.5687240978e-01 3.5205853053e+00 1.0166220703e+01 1.2419928521e+02 8.8195054546e+01 0.0000000000e+00 1.4202183917e-03
7.5830774949e-01 3.6317171801e+00 1.0283097746e+01 1.2308455600e+02 8.4728896758e+01 0.0000000000e+00 1.3767591891e-03
7.5962592816e-01 3.7196480268e+00 1.0358179295e+01 1.2186734020e+02 8.1907844047e+01 0.0000000000e+00 1.3442132062e-03
7.6099617590e-01 2.8892348294e+00 1.0432197398e+01 1.2171367840e+02 1.0531653325e+02 0.0000000000e+00 1.7305619983e-03
7.6308705215e-01 3.2655150450e+00 1.0491597653e+01 1.2238923473e+02 9.3698262786e+01 0.0000000000e+00 1.5311520330e-03
7.6405847996e-01 7.5128302992e+00 1.0508674192e+01 1.2340471435e+02 4.1064655209e+01 0.0000000000e+00 6.6552814331e-04
7.6441810844e-01 9.3262492994e+00 1.0502228246e+01 1.2494576294e+02 3.3493036411e+01 0.0000000000e+00 5.3612120366e-04
7.6513072237e-01 6.8108407617e+00 1.0489159136e+01 1.2626477992e+02 4.6346987228e+01 0.0000000000e+00 7.3412375578e-04
7.6588635595e-01 6.7257196701e+00 1.0459651220e+01 1.2805348200e+02 4.7598431204e+01 0.0000000000e+00 7.4341486789e-04
7.6661755211e-01 6.8001667411e+00 1.0443980259e+01 1.2930896166e+02 4.7538893745e+01 0.0000000000e+00 7.3527608812e-04
7.6735690813e-01 6.6652543892e+00 1.0436732080e+01 1.3004014969e+02 4.8775388792e+01 0.0000000000e+00 7.5015891488e-04
7.6811786994e-01 6.5574370910e+00 1.0436954879e+01 1.3047169934e+02 4.9741879918e+01 0.0000000000e+00 7.6249301833e-04
7.6888189416e-01 6.5288651595e+00 1.0443895904e+01 1.3064819621e+02 5.0027145995e+01 0.0000000000e+00 7.6582987669e-04
7.6964952969e-01 6.5362320415e+00 1.0456610395e+01 1.3059421029e+02 4.9950112489e+01 0.0000000000e+00 7.6496672216e-04
7.7041182761e-01 6.5657691814e+00 1.0477186825e+01 1.3036985844e+02 4.9639979278e+01 0.0000000000e+00 7.6152539967e-04
7.7117258049e-01 6.5831256790e+00 1.0504301314e+01 1.3001136283e+02 4.9372960948e+01 0.0000000000e+00 7.5951762792e-04
7.7193086287e-01 6.5767255858e+00 1.0538408477e+01 1.2948243899e+02 4.9219948931e+01 0.0000000000e+00 7.6025674704e-04
7.7269309398e-01 6.5623124785e+00 1.0579347252e+01 1.2877586865e+02 4.9058875616e+01 0.0000000000e+00 7.6192653373e-04
7.7345471593e-01 6.5357020968e+00 1.0622398580e+01 1.2802099786e+02 4.8969871929e+01 0.0000000000e+00 7.6502874916e-04
7.7422315148e-01 6.5223702870e+00 1.0665634589e+01 1.2732614109e+02 4.8803631001e+01 0.0000000000e+00 7.6659247789e-04
7.7498790089e-01 6.5066221392e+00 1.0709821909e+01 1.2660132874e+02 4.8643261445e+01 0.0000000000e+00 7.6844788172e-04
7.7576004725e-01 6.4835701149e+00 1.0752005662e+01 1.2588506000e+02 4.8540024157e+01 0.0000000000e+00 7.7118006151e-04
7.7653026101e-01 6.4544713630e+00 1.0790506428e+01 1.2526163115e+02 4.8517385898e+01 0.0000000000e+00 7.7465677959e-04
7.7730936080e-01 6.4411979481e+00 1.0824166957e+01 1.2468942123e+02 4.8395276094e+01 0.0000000000e+00 7.7625311941e-04
7.7808276725e-01 6.4157895338e+00 1.0853946106e+01 1.2418672570e+02 4.8391053448e+01 0.0000000000e+00 7.7932731017e-04
7.7886801543e-01 6.4010204277e+00 1.0879898560e+01 1.2371788466e+02 4.8319594530e+01 0.0000000000e+00 7.8112545592e-04
7.7964501816e-01 6.3747334027e+00 1.0902435318e+01 1.2325110180e+02 4.8335786777e+01 0.0000000000e+00 7.8434652622e-04
7.8043670848e-01 6.3787707777e+00 1.0923056230e+01 1.2278995872e+02 4.8124459633e+01 0.0000000000e+00 7.8385008245e-04
7.8121271833e-01 6.3267408263e+00 1.0942389862e+01 1.2229893015e+02 4.8326197289e+01 0.0000000000e+00 7.9029632117e-04
7.8201730112e-01 6.2878202276e+00 1.0960907610e+01 1.2178408864e+02 4.8420630771e+01 0.0000000000e+00 7.9518812864e-04
7.8280309458e-01 6.2812485465e+00 1.0979503018e+01 1.2124668940e+02 4.8257399984e+01 0.0000000000e+00 7.9602008470e-04
7.8360934129e-01 6.2546740389e+00 1.0998116023e+01 1.2069528635e+02 4.8242036917e+01 0.0000000000e+00 7.9940217011e-04
7.8440189892e-01 6.2157779391e+00 1.1016756000e+01 1.2013069004e+02 4.8316836288e+01 0.0000000000e+00 8.0440454099e-04
7.8521815037e-01 6.1884642223e+00 1.1035267601e+01 1.1956994899e+02 4.8303563170e+01 0.0000000000e+00 8.0795490131e-04
7.8601780873e-01 6.1675744456e+00 1.1054039268e+01 1.1900609356e+02 4.8238612524e+01 0.0000000000e+00 8.1069147104e-04
7.8683953331e-01 6.1522019622e+00 1.1073656126e+01 1.1841111061e+02 4.8117369741e+01 0.0000000000e+00 8.1271714270e-04
7.8764324301e-01 6.0992178074e+00 1.1094484439e+01 1.1775952618e+02 4.8268290254e+01 0.0000000000e+00 8.1977724978e-04
7.8847908781e-01 6.0516711499e+00 1.1118160098e+01 1.1699292161e+02 4.8330832390e+01 0.0000000000e+00 8.2621806046e-04
7.8929567913e-01 5.9677359169e+00 1.1145113994e+01 1.1611659189e+02 4.8643486199e+01 0.0000000000e+00 8.3783868281e-04
7.9015476518e-01 6.0053841752e+00 1.1176060124e+01 1.1509381084e+02 4.7912759403e+01 0.0000000000e+00 8.3258620167e-04
7.9096085154e-01 5.7233650134e+00 1.1210138999e+01 1.1403184498e+02 4.9809790531e+01 0.0000000000e+00 8.7361193778e-04
7.9190198905e-01 5.8957622586e+00 1.1245740026e+01 1.1277985400e+02 4.7822422720e+01 0.0000000000e+00 8.4806676061e-04
7.9265698506e-01 5.1506403555e+00 1.1277658721e+01 1.1166340015e+02 5.4198794927e+01 0.0000000000e+00 9.7075308212e-04
7.9384349522e-01 4.9671862787e+00 1.1317240610e+01 1.1076010321e+02 5.5745897676e+01 0.0000000000e+00 1.0066060984e-03
7.9467019725e-01 1.1932543829e+01 1.1334474914e+01 1.0900225025e+02 2.2837177849e+01 0.0000000000e+00 4.1902213574e-04
7.9468153949e-01 3.0832218632e+00 1.1350862478e+01 1.0857415805e+02 8.8036283851e+01 0.0000000000e+00 1.6216802494e-03
7.9791355775e-01 8.7047799041e-01 1.1460940629e+01 1.0774968246e+02 3.0945550504e+02 0.0000000000e+00 5.7439706174e-03
8.0616948072e-01 8.1386552335e-01 1.1628702102e+01 1.0605123682e+02 3.2576400455e+02 0.0000000000e+00 6.1435210812e-03
8.1020059992e-01 9.7601424790e-01 1.1809905441e+01 1.0512436972e+02 2.6926955714e+02 0.0000000000e+00 5.1228760346e-03
8.1641523279e-01 8.7829417563e-01 1.2062729553e+01 1.0548180077e+02 3.0024621504e+02 0.0000000000e+00 5.6928534183e-03
8.2158630675e-01 9.0321730486e-01 1.2336708599e+01 1.0536717948e+02 2.9164404544e+02 0.0000000000e+00 5.5357663910e-03
8.2748676558e-01 8.9584138041e-01 1.2616995511e+01 1.0678306352e+02 2.9799657019e+02 0.0000000000e+00 5.5813452128e-03
8.3274899718e-01 9.0243195512e-01 1.2878274809e+01 1.0761055482e+02 2.9811265607e+02 0.0000000000e+00 5.5405839428e-03
8.3856793346e-01 8.9231620808e-01 1.2952673946e+01 1.0618060987e+02 2.9748593859e+02 0.0000000000e+00 5.6033947996e-03
8.4395578678e-01 9.2060048890e-01 1.3263964950e+01 1.0821654750e+02 2.9387489146e+02 0.0000000000e+00 5.4312376110e-03
8.4943040868e-01 9.8064500253e-01 1.4244663103e+01 1.2153469686e+02 3.0983357012e+02 0.0000000000e+00 5.0986850359e-03
8.5415315685e-01 7.0870128601e-01 1.2963062466e+01 8.9472018235e+01 3.1561964117e+02 0.0000000000e+00 7.0551586383e-03
8.6354072596e-01 4.1946526434e-01 4.6192341763e+00 3.4474035694e+01 2.0546418634e+02 0.0000000000e+00 1.1919938133e-02
8.7799303312e-01 3.2415361663e-01 4.3729058039e-01 2.0680263901e+01 1.5949431720e+02 0.0000000000e+00 1.5424785483e-02
8.9439029693e-01 3.0826819134e-01 -3.1221373648e-02 1.9262051463e+01 1.5621179872e+02 0.0000000000e+00 1.6219642962e-02
9.1043231904e-01 3.0765118694e-01 -2.6899241923e-02 1.9211496398e+01 1.5611427172e+02 0.0000000000e+00 1.6252171980e-02
9.2689464089e-01 3.0843979469e-01 -1.1329847080e-02 1.9249518229e+01 1.5602330310e+02 0.0000000000e+00 1.6210619013e-02
9.4285355706e-01 3.0784944098e-01 -5.7073818350e-03 1.9281948745e+01 1.5658586779e+02 0.0000000000e+00 1.6241705634e-02
9.5937805215e-01 3.1195279204e-01 -3.4310532113e-05 1.9300673458e+01 1.5467623588e+02 0.0000000000e+00 1.6028066193e-02
9.7490968945e-01 3.0928683567e-01 9.8267319553e-04 1.9300270202e+01 1.5600623738e+02 0.0000000000e+00 1.6166223141e-02
9.9171049844e-01 2.9958227345e-01 1.2461760319e-04 1.9294909891e+01 1.6101511672e+02 0.0000000000e+00 1.6689906056e-02
