# x  rho  v  p  e  w  vol
2.5096512761e-03 9.9397975793e-01 6.4101813010e-02 9.9177480517e+02 2.4944542312e+03 0.0000000000e+00 5.0302835245e-03
7.5509157729e-03 9.8920775324e-01 3.2246887315e-01 9.8469333205e+02 2.4885908163e+03 0.0000000000e+00 5.0545499503e-03
1.2618751177e-02 9.8087769048e-01 6.8211311512e-01 9.7334840740e+02 2.4808098320e+03 0.0000000000e+00 5.0974755044e-03
1.7745866782e-02 9.6629638244e-01 1.2636495108e+00 9.5324137176e+02 2.4662241034e+03 0.0000000000e+00 5.1743958592e-03
2.2967542895e-02 9.4466277914e-01 2.1118350162e+00 9.2358154374e+02 2.4442096273e+03 0.0000000000e+00 5.2928940469e-03
2.8331654875e-02 9.1545046946e-01 3.2708044373e+00 8.8396428928e+02 2.4140145174e+03 0.0000000000e+00 5.4617919448e-03
3.3891126785e-02 8.7947030939e-01 4.7362060382e+00 8.3586432064e+02 2.3760447389e+03 0.0000000000e+00 5.6852402482e-03
3.9702135372e-02 8.3815836083e-01 6.4784724998e+00 7.8159416655e+02 2.3312842867e+03 0.0000000000e+00 5.9654597910e-03
4.5822046367e-02 7.9330110502e-01 8.4580668761e+00 7.2378141008e+02 2.2809164310e+03 0.0000000000e+00 6.3027770519e-03
5.2307689476e-02 7.4766464824e-01 1.0591017570e+01 6.6574146476e+02 2.2260697571e+03 0.0000000000e+00 6.6874901893e-03
5.9197026745e-02 7.0289271378e-01 1.2745664698e+01 6.1044363251e+02 2.1711835268e+03 0.0000000000e+00 7.1134611328e-03
6.6534611741e-02 6.6394211693e-01 1.4908223639e+01 5.6264267507e+02 2.1185682484e+03 0.0000000000e+00 7.5307769646e-03
7.4258580674e-02 6.2594582510e-01 1.6646185620e+01 5.1834989079e+02 2.0702665870e+03 0.0000000000e+00 7.9879117322e-03
8.2510435205e-02 6.0536126890e-01 1.8404342203e+01 4.9335297820e+02 2.0374320408e+03 0.0000000000e+00 8.2595307247e-03
9.0777642124e-02 5.8043862030e-01 1.9026588540e+01 4.6745831309e+02 2.0133839167e+03 0.0000000000e+00 8.6141752549e-03
9.9738785715e-02 5.7964323405e-01 1.9745297531e+01 4.6273908568e+02 1.9957926639e+03 0.0000000000e+00 8.6259956233e-03
1.0802963337e-01 5.6765489897e-01 1.9818772029e+01 4.5783467337e+02 2.0163424741e+03 0.0000000000e+00 8.8081685000e-03
1.1735512272e-01 5.9035530858e-01 1.9736727182e+01 4.5680672436e+02 1.9344567489e+03 0.0000000000e+00 8.4694758010e-03
1.2496858497e-01 5.4717654668e-01 1.9650415492e+01 4.5963860156e+02 2.1000470705e+03 0.0000000000e+00 9.1378185529e-03
1.3563075982e-01 6.4569985057e-01 1.9632236147e+01 4.6189189661e+02 1.7883382511e+03 0.0000000000e+00 7.7435359410e-03
1.4045565685e-01 2.3075981749e+00 1.9646684928e+01 4.6371276571e+02 5.0237598855e+02 0.0000000000e+00 2.1667550505e-03
1.4020996339e-01 1.0837699110e+01 1.9661211709e+01 4.6433811898e+02 1.0711178504e+02 0.0000000000e+00 4.6135253887e-04
1.4113266847e-01 5.3111702727e+00 1.9653652720e+01 4.6372396919e+02 2.1827767958e+02 0.0000000000e+00 9.4141210755e-04
1.4209278760e-01 5.3446063011e+00 1.9636487070e+01 4.6306382150e+02 2.1660333587e+02 0.0000000000e+00 9.3552260321e-04
1.4300371367e-01 5.6580001053e+00 1.9674079384e+01 4.6382719588e+02 2.0494308379e+02 0.0000000000e+00 8.8370447277e-04
1.4386019655e-01 5.7787005240e+00 1.9690276955e+01 4.5549988707e+02 1.9705982564e+02 0.0000000000e+00 8.6524643028e-04
1.4473420653e-01 5.8073262043e+00 1.9239733954e+01 4.3385147428e+02 1.8676903062e+02 0.0000000000e+00 8.6098142657e-04
1.4558215940e-01 7.2310699474e+00 2.0047503223e+01 5.6191865873e+02 1.9427230784e+02 0.0000000000e+00 6.9146060491e-04
1.4611712774e-01 4.2089244555e+00 2.0690760773e+01 4.3124030072e+02 2.5614637735e+02 0.0000000000e+00 1.1879519466e-03
1.4795806330e-01 1.5655469360e+00 7.1394610006e+00 6.0545662326e+01 9.6684521130e+01 0.0000000000e+00 3.1937720199e-03
1.5250467178e-01 1.0480045191e+00 1.2694638252e-01 2.1509715498e-01 5.1311122964e-01 0.0000000000e+00 4.7709717935e-03
1.5750000688e-01 1.0004673963e+00 2.5078195270e-04 1.0020529697e-02 2.5039620816e-02 0.0000000000e+00 4.9976641103e-03
1.6250000000e-01 1.0000006883e+00 8.6059600927e-08 1.0000009106e-02 2.5000005557e-02 0.0000000000e+00 4.9999965583e-03
1.6750000000e-01 1.0000000002e+00 3.2037096814e-11 1.0000000003e-02 2.5000000002e-02 0.0000000000e+00 4.9999999989e-03
1.7250000000e-01 1.0000000000e+00 1.1561748278e-14 1.0000000000e-02 2.5000000000e-02 0.0000000000e+00 5.0000000000e-03
1.7750000000e-01 1.0000000000e+00 3.1290644322e-18 1.0000000000e-02 2.5000000000e-02 0.0000000000e+00 5.0000000000e-03
1.8250000000e-01 1.0000000000e+00 0.0000000000e+00 1.0000000000e-02 2.5000000000e-02 0.0000000000e+00 5.0000000000e-03
1.8750000000e-01 1.0000000000e+00 0.0000000000e+00 1.0000000000e-02 2.5000000000e-02 0.0000000000e+00 5.0000000000e-03
1.9250000000e-01 1.0000000000e+00 0.0000000000e+00 1.0000000000e-02 2.5000000000e-02 0.0000000000e+00 5.0000000000e-03
1.9750000000e-01 1.0000000000e+00 0.0000000000e+00 1.0000000000e-02 2.5000000000e-02 0.0000000000e+00 5.0000000000e-03
2.0250000000e-01 1.0000000000e+00 0.0000000000e+00 1.0000000000e-02 2.5000000000e-02 0.0000000000e+00 5.0000000000e-03
2.0750000000e-01 1.0000000000e+00 0.0000000000e+00 1.0000000000e-02 2.5000000000e-02 0.0000000000e+00 5.0000000000e-03
2.1250000000e-01 1.0000000000e+00 0.0000000000e+00 1.0000000000e-02 2.5000000000e-02 0.0000000000e+00 5.0000000000e-03
2.1750000000e-01 1.0000000000e+00 -1.1207773033e-17 1.0000000000e-02 2.5000000000e-02 0.0000000000e+00 5.0000000000e-03
2.2250000000e-01 1.0000000000e+00 0.0000000000e+00 1.0000000000e-02 2.5000000000e-02 0.0000000000e+00 5.0000000000e-03
2.2750000000e-01 1.0000000000e+00 1.1207773033e-17 1.0000000000e-02 2.5000000000e-02 0.0000000000e+00 5.0000000000e-03
2.3250000000e-01 1.0000000000e+00 0.0000000000e+00 1.0000000000e-02 2.5000000000e-02 0.0000000000e+00 5.0000000000e-03
2.3750000000e-01 1.0000000000e+00 -1.1207773033e-17 1.0000000000e-02 2.5000000000e-02 0.0000000000e+00 5.0000000000e-03
2.4250000000e-01 1.0000000000e+00 0.0000000000e+00 1.0000000000e-02 2.5000000000e-02 0.0000000000e+00 5.0000000000e-03
2.4750000000e-01 1.0000000000e+00 1.1207773033e-17 1.0000000000e-02 2.5000000000e-02 0.0000000000e+00 5.0000000000e-03
2.5250000000e-01 1.0000000000e+00 0.0000000000e+00 1.0000000000e-02 2.5000000000e-02 0.0000000000e+00 5.0000000000e-03
2.5750000000e-01 1.0000000000e+00 0.0000000000e+00 1.0000000000e-02 2.5000000000e-02 0.0000000000e+00 5.0000000000e-03
2.6250000000e-01 1.0000000000e+00 0.0000000000e+00 1.0000000000e-02 2.5000000000e-02 0.0000000000e+00 5.0000000000e-03
2.6750000000e-01 1.0000000000e+00 -2.1637609835e-19 1.0000000000e-02 2.5000000000e-02 0.0000000000e+00 5.0000000000e-03
2.7250000000e-01 1.0000000000e+00 -2.2199169968e-17 1.0000000000e-02 2.5000000000e-02 0.0000000000e+00 5.0000000000e-03
2.7750000000e-01 1.0000000000e+00 0.0000000000e+00 1.0000000000e-02 2.5000000000e-02 0.0000000000e+00 5.0000000000e-03
2.8250000000e-01 1.0000000000e+00 2.2199169968e-17 1.0000000000e-02 2.5000000000e-02 0.0000000000e+00 5.0000000000e-03
2.8750000000e-01 1.0000000000e+00 2.1637609835e-19 1.0000000000e-02 2.5000000000e-02 0.0000000000e+00 5.0000000000e-03
2.9250000000e-01 1.0000000000e+00 0.0000000000e+00 1.0000000000e-02 2.5000000000e-02 0.0000000000e+00 5.0000000000e-03
2.9750000000e-01 1.0000000000e+00 0.0000000000e+00 1.0000000000e-02 2.5000000000e-02 0.0000000000e+00 5.0000000000e-03
3.0250000000e-01 1.0000000000e+00 0.0000000000e+00 1.0000000000e-02 2.5000000000e-02 0.0000000000e+00 5.0000000000e-03
3.0750000000e-01 1.0000000000e+00 0.0000000000e+00 1.0000000000e-02 2.5000000000e-02 0.0000000000e+00 5.0000000000e-03
3.1250000000e-01 1.0000000000e+00 0.0000000000e+00 1.0000000000e-02 2.5000000000e-02 0.0000000000e+00 5.0000000000e-03
3.1750000000e-01 1.0000000000e+00 0.0000000000e+00 1.0000000000e-02 2.5000000000e-02 0.0000000000e+00 5.0000000000e-03
3.2250000000e-01 1.0000000000e+00 0.0000000000e+00 1.0000000000e-02 2.5000000000e-02 0.0000000000e+00 5.0000000000e-03
3.2750000000e-01 1.0000000000e+00 0.0000000000e+00 1.0000000000e-02 2.5000000000e-02 0.0000000000e+00 5.0000000000e-03
3.3250000000e-01 1.0000000000e+00 0.0000000000e+00 1.0000000000e-02 2.5000000000e-02 0.0000000000e+00 5.0000000000e-03
3.3750000000e-01 1.0000000000e+00 0.0000000000e+00 1.0000000000e-02 2.5000000000e-02 0.0000000000e+00 5.0000000000e-03
3.4250000000e-01 1.0000000000e+00 0.0000000000e+00 1.0000000000e-02 2.5000000000e-02 0.0000000000e+00 5.0000000000e-03
3.4750000000e-01 1.0000000000e+00 0.0000000000e+00 1.0000000000e-02 2.5000000000e-02 0.0000000000e+00 5.0000000000e-03
3.5250000000e-01 1.0000000000e+00 0.0000000000e+00 1.0000000000e-02 2.5000000000e-02 0.0000000000e+00 5.0000000000e-03
3.5750000000e-01 1.0000000000e+00 0.0000000000e+00 1.0000000000e-02 2.5000000000e-02 0.0000000000e+00 5.0000000000e-03
3.6250000000e-01 1.0000000000e+00 0.0000000000e+00 1.0000000000e-02 2.5000000000e-02 0.0000000000e+00 5.0000000000e-03
3.6750000000e-01 1.0000000000e+00 0.0000000000e+00 1.0000000000e-02 2.5000000000e-02 0.0000000000e+00 5.0000000000e-03
3.7250000000e-01 1.0000000000e+00 0.0000000000e+00 1.0000000000e-02 2.5000000000e-02 0.0000000000e+00 5.0000000000e-03
3.7750000000e-01 1.0000000000e+00 -2.1637609835e-19 1.0000000000e-02 2.5000000000e-02 0.0000000000e+00 5.0000000000e-03
3.8250000000e-01 1.0000000000e+00 -2.2199169968e-17 1.0000000000e-02 2.5000000000e-02 0.0000000000e+00 5.0000000000e-03
3.8750000000e-01 1.0000000000e+00 -2.1957003657e-17 1.0000000000e-02 2.5000000000e-02 0.0000000000e+00 5.0000000000e-03
3.9250000000e-01 1.0000000000e+00 2.1957003657e-17 1.0000000000e-02 2.5000000000e-02 0.0000000000e+00 5.0000000000e-03
3.9750000000e-01 1.0000000000e+00 2.2199169968e-17 1.0000000000e-02 2.5000000000e-02 0.0000000000e+00 5.0000000000e-03
4.0250000000e-01 1.0000000000e+00 2.1637609835e-19 1.0000000000e-02 2.5000000000e-02 0.0000000000e+00 5.0000000000e-03
4.0750000000e-01 1.0000000000e+00 0.0000000000e+00 1.0000000000e-02 2.5000000000e-02 0.0000000000e+00 5.0000000000e-03
4.1250000000e-01 1.0000000000e+00 0.0000000000e+00 1.0000000000e-02 2.5000000000e-02 0.0000000000e+00 5.0000000000e-03
4.1750000000e-01 1.0000000000e+00 0.0000000000e+00 1.0000000000e-02 2.5000000000e-02 0.0000000000e+00 5.0000000000e-03
4.2250000000e-01 1.0000000000e+00 0.0000000000e+00 1.0000000000e-02 2.5000000000e-02 0.0000000000e+00 5.0000000000e-03
4.2750000000e-01 1.0000000000e+00 0.0000000000e+00 1.0000000000e-02 2.5000000000e-02 0.0000000000e+00 5.0000000000e-03
4.3250000000e-01 1.0000000000e+00 0.0000000000e+00 1.0000000000e-02 2.5000000000e-02 0.0000000000e+00 5.0000000000e-03
4.3750000000e-01 1.0000000000e+00 0.0000000000e+00 1.0000000000e-02 2.5000000000e-02 0.0000000000e+00 5.0000000000e-03
4.4250000000e-01 1.0000000000e+00 0.0000000000e+00 1.0000000000e-02 2.5000000000e-02 0.0000000000e+00 5.0000000000e-03
4.4750000000e-01 1.0000000000e+00 0.0000000000e+00 1.0000000000e-02 2.5000000000e-02 0.0000000000e+00 5.0000000000e-03
4.5250000000e-01 1.0000000000e+00 0.0000000000e+00 1.0000000000e-02 2.5000000000e-02 0.0000000000e+00 5.0000000000e-03
4.5750000000e-01 1.0000000000e+00 0.0000000000e+00 1.0000000000e-02 2.5000000000e-02 0.0000000000e+00 5.0000000000e-03
4.6250000000e-01 1.0000000000e+00 0.0000000000e+00 1.0000000000e-02 2.5000000000e-02 0.0000000000e+00 5.0000000000e-03
4.6750000000e-01 1.0000000000e+00 0.0000000000e+00 1.0000000000e-02 2.5000000000e-02 0.0000000000e+00 5.0000000000e-03
4.7250000000e-01 1.0000000000e+00 0.0000000000e+00 1.0000000000e-02 2.5000000000e-02 0.0000000000e+00 5.0000000000e-03
4.7750000000e-01 1.0000000000e+00 0.0000000000e+00 1.0000000000e-02 2.5000000000e-02 0.0000000000e+00 5.0000000000e-03
4.8250000000e-01 1.0000000000e+00 0.0000000000e+00 1.0000000000e-02 2.5000000000e-02 0.0000000000e+00 5.0000000000e-03
4.8750000000e-01 1.0000000000e+00 -2.1637609835e-19 1.0000000000e-02 2.5000000000e-02 0.0000000000e+00 5.0000000000e-03
4.9250000000e-01 1.0000000000e+00 -2.1986865907e-17 1.0000000000e-02 2.5000000000e-02 0.0000000000e+00 5.0000000000e-03
4.9750000000e-01 1.0000000000e+00 4.3710315170e-17 1.0000000000e-02 2.5000000000e-02 0.0000000000e+00 5.0000000000e-03
5.0250000000e-01 1.0000000000e+00 -2.0806587350e-17 1.0000000000e-02 2.5000000000e-02 0.0000000000e+00 5.0000000000e-03
5.0750000000e-01 1.0000000000e+00 -4.4325344957e-17 1.0000000000e-02 2.5000000000e-02 0.0000000000e+00 5.0000000000e-03
5.1250000000e-01 1.0000000000e+00 4.1858881401e-17 1.0000000000e-02 2.5000000000e-02 0.0000000000e+00 5.0000000000e-03
5.1750000000e-01 1.0000000000e+00 -4.1866842455e-17 1.0000000000e-02 2.5000000000e-02 0.0000000000e+00 5.0000000000e-03
5.2250000000e-01 1.0000000000e+00 4.3637236840e-17 1.0000000000e-02 2.5000000000e-02 0.0000000000e+00 5.0000000000e-03
5.2750000000e-01 1.0000000000e+00 6.9606917060e-19 1.0000000000e-02 2.5000000000e-02 0.0000000000e+00 5.0000000000e-03
5.3250000000e-01 1.0000000000e+00 0.0000000000e+00 1.0000000000e-02 2.5000000000e-02 0.0000000000e+00 5.0000000000e-03
5.3750000000e-01 1.0000000000e+00 0.0000000000e+00 1.0000000000e-02 2.5000000000e-02 0.0000000000e+00 5.0000000000e-03
5.4250000000e-01 1.0000000000e+00 0.0000000000e+00 1.0000000000e-02 2.5000000000e-02 0.0000000000e+00 5.0000000000e-03
5.4750000000e-01 1.0000000000e+00 0.0000000000e+00 1.0000000000e-02 2.5000000000e-02 0.0000000000e+00 5.0000000000e-03
5.5250000000e-01 1.0000000000e+00 0.0000000000e+00 1.0000000000e-02 2.5000000000e-02 0.0000000000e+00 5.0000000000e-03
5.5750000000e-01 1.0000000000e+00 0.0000000000e+00 1.0000000000e-02 2.5000000000e-02 0.0000000000e+00 5.0000000000e-03
5.6250000000e-01 1.0000000000e+00 0.0000000000e+00 1.0000000000e-02 2.5000000000e-02 0.0000000000e+00 5.0000000000e-03
5.6750000000e-01 1.0000000000e+00 0.0000000000e+00 1.0000000000e-02 2.5000000000e-02 0.0000000000e+00 5.0000000000e-03
5.7250000000e-01 1.0000000000e+00 0.0000000000e+00 1.0000000000e-02 2.5000000000e-02 0.0000000000e+00 5.0000000000e-03
5.7750000000e-01 1.0000000000e+00 0.0000000000e+00 1.0000000000e-02 2.5000000000e-02 0.0000000000e+00 5.0000000000e-03
5.8250000000e-01 1.0000000000e+00 0.0000000000e+00 1.0000000000e-02 2.5000000000e-02 0.0000000000e+00 5.0000000000e-03
5.8750000000e-01 1.0000000000e+00 0.0000000000e+00 1.0000000000e-02 2.5000000000e-02 0.0000000000e+00 5.0000000000e-03
5.9250000000e-01 1.0000000000e+00 0.0000000000e+00 1.0000000000e-02 2.5000000000e-02 0.0000000000e+00 5.0000000000e-03
5.9750000000e-01 1.0000000000e+00 -6.9606917060e-19 1.0000000000e-02 2.5000000000e-02 0.0000000000e+00 5.0000000000e-03
6.0250000000e-01 1.0000000000e+00 -4.3637236840e-17 1.0000000000e-02 2.5000000000e-02 0.0000000000e+00 5.0000000000e-03
6.0750000000e-01 1.0000000000e+00 4.1866842455e-17 1.0000000000e-02 2.5000000000e-02 0.0000000000e+00 5.0000000000e-03
6.1250000000e-01 1.0000000000e+00 -4.1866842455e-17 1.0000000000e-02 2.5000000000e-02 0.0000000000e+00 5.0000000000e-03
6.1750000000e-01 1.0000000000e+00 4.3637236840e-17 1.0000000000e-02 2.5000000000e-02 0.0000000000e+00 5.0000000000e-03
6.2250000000e-01 1.0000000000e+00 6.9606917060e-19 1.0000000000e-02 2.5000000000e-02 0.0000000000e+00 5.0000000000e-03
6.2750000000e-01 1.0000000000e+00 0.0000000000e+00 1.0000000000e-02 2.5000000000e-02 0.0000000000e+00 5.0000000000e-03
6.3250000000e-01 1.0000000000e+00 0.0000000000e+00 1.0000000000e-02 2.5000000000e-02 0.0000000000e+00 5.0000000000e-03
6.3750000000e-01 1.0000000000e+00 0.0000000000e+00 1.0000000000e-02 2.5000000000e-02 0.0000000000e+00 5.0000000000e-03
6.4250000000e-01 1.0000000000e+00 0.0000000000e+00 1.0000000000e-02 2.5000000000e-02 0.0000000000e+00 5.0000000000e-03
6.4750000000e-01 1.0000000000e+00 0.0000000000e+00 1.0000000000e-02 2.5000000000e-02 0.0000000000e+00 5.0000000000e-03
6.5250000000e-01 1.0000000000e+00 0.0000000000e+00 1.0000000000e-02 2.5000000000e-02 0.0000000000e+00 5.0000000000e-03
6.5750000000e-01 1.0000000000e+00 0.0000000000e+00 1.0000000000e-02 2.5000000000e-02 0.0000000000e+00 5.0000000000e-03
6.6250000000e-01 1.0000000000e+00 0.0000000000e+00 1.0000000000e-02 2.5000000000e-02 0.0000000000e+00 5.0000000000e-03
6.6750000000e-01 1.0000000000e+00 0.0000000000e+00 1.0000000000e-02 2.5000000000e-02 0.0000000000e+00 5.0000000000e-03
6.7250000000e-01 1.0000000000e+00 0.0000000000e+00 1.0000000000e-02 2.5000000000e-02 0.0000000000e+00 5.0000000000e-03
6.7750000000e-01 1.0000000000e+00 0.0000000000e+00 1.0000000000e-02 2.5000000000e-02 0.0000000000e+00 5.0000000000e-03
6.8250000000e-01 1.0000000000e+00 0.0000000000e+00 1.0000000000e-02 2.5000000000e-02 0.0000000000e+00 5.0000000000e-03
6.8750000000e-01 1.0000000000e+00 0.0000000000e+00 1.0000000000e-02 2.5000000000e-02 0.0000000000e+00 5.0000000000e-03
6.9250000000e-01 1.0000000000e+00 0.0000000000e+00 1.0000000000e-02 2.5000000000e-02 0.0000000000e+00 5.0000000000e-03
6.9750000000e-01 1.0000000000e+00 0.0000000000e+00 1.0000000000e-02 2.5000000000e-02 0.0000000000e+00 5.0000000000e-03
7.0250000000e-01 1.0000000000e+00 0.0000000000e+00 1.0000000000e-02 2.5000000000e-02 0.0000000000e+00 5.0000000000e-03
7.0750000000e-01 1.0000000000e+00 0.0000000000e+00 1.0000000000e-02 2.5000000000e-02 0.0000000000e+00 5.0000000000e-03
7.1250000000e-01 1.0000000000e+00 0.0000000000e+00 1.0000000000e-02 2.5000000000e-02 0.0000000000e+00 5.0000000000e-03
7.1750000000e-01 1.0000000000e+00 0.0000000000e+00 1.0000000000e-02 2.5000000000e-02 0.0000000000e+00 5.0000000000e-03
7.2250000000e-01 1.0000000000e+00 0.0000000000e+00 1.0000000000e-02 2.5000000000e-02 0.0000000000e+00 5.0000000000e-03
7.2750000000e-01 1.0000000000e+00 0.0000000000e+00 1.0000000000e-02 2.5000000000e-02 0.0000000000e+00 5.0000000000e-03
7.3250000000e-01 1.0000000000e+00 -1.5062555098e-18 1.0000000000e-02 2.5000000000e-02 0.0000000000e+00 5.0000000000e-03
7.3750000000e-01 1.0000000000e+00 -8.6876659287e-17 1.0000000000e-02 2.5000000000e-02 0.0000000000e+00 5.0000000000e-03
7.4250000000e-01 1.0000000000e+00 8.6876659287e-17 1.0000000000e-02 2.5000000000e-02 0.0000000000e+00 5.0000000000e-03
7.4750000000e-01 1.0000000000e+00 1.5062555098e-18 1.0000000000e-02 2.5000000000e-02 0.0000000000e+00 5.0000000000e-03
7.5250000000e-01 1.0000000000e+00 0.0000000000e+00 1.0000000000e-02 2.5000000000e-02 0.0000000000e+00 5.0000000000e-03
7.5750000000e-01 1.0000000000e+00 0.0000000000e+00 1.0000000000e-02 2.5000000000e-02 0.0000000000e+00 5.0000000000e-03
7.6250000000e-01 1.0000000000e+00 0.0000000000e+00 1.0000000000e-02 2.5000000000e-02 0.0000000000e+00 5.0000000000e-03
7.6750000000e-01 1.0000000000e+00 0.0000000000e+00 1.0000000000e-02 2.5000000000e-02 0.0000000000e+00 5.0000000000e-03
7.7250000000e-01 1.0000000000e+00 0.0000000000e+00 1.0000000000e-02 2.5000000000e-02 0.0000000000e+00 5.0000000000e-03
7.7750000000e-01 1.0000000000e+00 0.0000000000e+00 1.0000000000e-02 2.5000000000e-02 0.0000000000e+00 5.0000000000e-03
7.8250000000e-01 1.0000000000e+00 0.0000000000e+00 1.0000000000e-02 2.5000000000e-02 0.0000000000e+00 5.0000000000e-03
7.8750000000e-01 1.0000000000e+00 0.0000000000e+00 1.0000000000e-02 2.5000000000e-02 0.0000000000e+00 5.0000000000e-03
7.9250000000e-01 1.0000000000e+00 0.0000000000e+00 1.0000000000e-02 2.5000000000e-02 0.0000000000e+00 5.0000000000e-03
7.9750000000e-01 1.0000000000e+00 0.0000000000e+00 1.0000000000e-02 2.5000000000e-02 0.0000000000e+00 5.0000000000e-03
8.0250000000e-01 1.0000000000e+00 0.0000000000e+00 1.0000000000e-02 2.5000000000e-02 0.0000000000e+00 5.0000000000e-03
8.0750000000e-01 1.0000000000e+00 0.0000000000e+00 1.0000000000e-02 2.5000000000e-02 0.0000000000e+00 5.0000000000e-03
8.1250000000e-01 1.0000000000e+00 0.0000000000e+00 1.0000000000e-02 2.5000000000e-02 0.0000000000e+00 5.0000000000e-03
8.1750000000e-01 1.0000000000e+00 0.0000000000e+00 1.0000000000e-02 2.5000000000e-02 0.0000000000e+00 5.0000000000e-03
8.2250000000e-01 1.0000000000e+00 0.0000000000e+00 1.0000000000e-02 2.5000000000e-02 0.0000000000e+00 5.0000000000e-03
8.2750000000e-01 1.0000000000e+00 0.0000000000e+00 1.0000000000e-02 2.5000000000e-02 0.0000000000e+00 5.0000000000e-03
8.3250000000e-01 1.0000000000e+00 0.0000000000e+00 1.0000000000e-02 2.5000000000e-02 0.0000000000e+00 5.0000000000e-03
8.3750000000e-01 1.0000000000e+00 0.0000000000e+00 1.0000000000e-02 2.5000000000e-02 0.0000000000e+00 5.0000000000e-03
8.4250000000e-01 1.0000000000e+00 0.0000000000e+00 1.0000000000e-02 2.5000000000e-02 0.0000000000e+00 5.0000000000e-03
8.4750000000e-01 1.0000000000e+00 0.0000000000e+00 1.0000000000e-02 2.5000000000e-02 0.0000000000e+00 5.0000000000e-03
8.5250000000e-01 1.0000000000e+00 -7.8280557621e-18 1.0000000000e-02 2.5000000000e-02 0.0000000000e+00 5.0000000000e-03
8.5750000000e-01 1.0000000000e+00 -6.1439721291e-15 1.0000000000e-02 2.5000000000e-02 0.0000000000e+00 5.0000000000e-03
8.6250000000e-01 1.0000000000e+00 -3.9358683693e-12 1.0000000000e-02 2.5000000000e-02 0.0000000000e+00 4.9999999999e-03
8.6750000000e-01 1.0000000192e+00 -2.6900528115e-09 1.0000000264e-02 2.5000000180e-02 0.0000000000e+00 4.9999999039e-03
8.7249999981e-01 1.0000151141e+00 -2.0224597516e-06 1.0000204628e-02 2.5000133714e-02 0.0000000000e+00 4.9999244306e-03
8.7749984886e-01 1.0037071018e+00 -1.7383683739e-03 1.0199473540e-02 2.5404506755e-02 0.0000000000e+00 4.9815329501e-03
8.8246306571e-01 1.1472704516e+00 -3.4818181720e-01 5.2399294870e-01 1.1418252513e+00 0.0000000000e+00 4.3581702928e-03
8.8621618945e-01 2.0596655050e+00 -5.4873621562e+00 2.0372462037e+01 2.4727876915e+01 0.0000000000e+00 2.4275786471e-03
8.8731822300e-01 1.5529653887e+12 -5.8735638050e+00 6.9728198226e+12 1.1225008415e+01 0.0000000000e+00 3.2196467714e-15
8.8676720623e-01 2.0503157853e+00 -6.2597654538e+00 4.5773742123e+01 5.5813039204e+01 0.0000000000e+00 2.4386487368e-03
8.9164450370e-01 6.6164596886e-01 -6.7803475149e+00 4.6826612076e+01 1.7693228055e+02 0.0000000000e+00 7.5569114532e-03
9.0188102913e-01 5.8676967615e-01 -5.2636535168e+00 5.0159543666e+01 2.1371053117e+02 0.0000000000e+00 8.5212310780e-03
9.0868696585e-01 7.2913024897e-01 -4.3598795435e+00 6.1405035090e+01 2.1054206425e+02 0.0000000000e+00 6.8574853492e-03
9.1559599983e-01 7.7140287556e-01 -2.9315310345e+00 6.9944371185e+01 2.2667912384e+02 0.0000000000e+00 6.4816973833e-03
9.2165036062e-01 8.6382226687e-01 -1.7308034008e+00 8.1505148343e+01 2.3588517994e+02 0.0000000000e+00 5.7882277313e-03
9.2717245529e-01 9.3123757856e-01 -8.2860919589e-01 9.0592633037e+01 2.4320494341e+02 0.0000000000e+00 5.3691991336e-03
9.3238875889e-01 9.7140903769e-01 -3.4095516259e-01 9.6037203411e+01 2.4715953755e+02 0.0000000000e+00 5.1471623240e-03
9.3746677994e-01 9.8985956613e-01 -1.2021554895e-01 9.8586313131e+01 2.4899065611e+02 0.0000000000e+00 5.0512215784e-03
9.4249120204e-01 9.9689639947e-01 -3.6739790773e-02 9.9566117040e+01 2.4969023133e+02 0.0000000000e+00 5.0155663143e-03
9.4749791257e-01 9.9916573387e-01 -9.8717327466e-03 9.9883254498e+01 2.4991663323e+02 0.0000000000e+00 5.0041748136e-03
9.5249955167e-01 9.9980009339e-01 -2.3653444626e-03 9.9972016301e+01 2.4998001341e+02 0.0000000000e+00 5.0009997329e-03
9.5749991204e-01 9.9995675803e-01 -5.1164431484e-04 9.9993946297e+01 2.4999567605e+02 0.0000000000e+00 5.0002162192e-03
9.6249998411e-01 9.9999146965e-01 -1.0093240030e-04 9.9998805758e+01 2.4999914698e+02 0.0000000000e+00 5.0000426521e-03
9.6749999734e-01 9.9999845245e-01 -1.8310873967e-05 9.9999783343e+01 2.4999984525e+02 0.0000000000e+00 5.0000077378e-03
9.7249999958e-01 9.9999974001e-01 -3.0762043378e-06 9.9999963602e+01 2.4999997400e+02 0.0000000000e+00 5.0000012999e-03
9.7749999994e-01 9.9999995932e-01 -4.8137579126e-07 9.9999994304e+01 2.4999999593e+02 0.0000000000e+00 5.0000002034e-03
9.8249999999e-01 9.9999999404e-01 -7.0515166967e-08 9.9999999166e+01 2.4999999940e+02 0.0000000000e+00 5.0000000298e-03
9.8750000000e-01 9.9999999918e-01 -9.7119076220e-09 9.9999999885e+01 2.4999999992e+02 0.0000000000e+00 5.0000000041e-03
9.9250000000e-01 9.9999999989e-01 -1.2570811572e-09 9.9999999985e+01 2.4999999999e+02 0.0000000000e+00 5.0000000005e-03
9.9750000000e-01 9.9999999999e-01 -1.1362007511e-10 9.9999999998e+01 2.5000000000e+02 0.0000000000e+00 5.0000000001e-03
