# x  rho  v  p  e  w  vol
9.6903678244e-03 1.5822758380e-01 1.1111037211e-01 7.3306606025e+01 1.1582463099e+03 0.0000000000e+00 3.1600052784e-02
5.3509737743e-02 1.4583709320e-01 8.6950255404e-01 7.3155851762e+01 1.2540679836e+03 0.0000000000e+00 3.4284830356e-02
7.8260028537e-02 1.6099324459e-01 1.1690115590e+00 7.4071129739e+01 1.1502210843e+03 0.0000000000e+00 3.1057203753e-02
1.1562414525e-01 1.5213008486e-01 1.7299663279e+00 7.4656906448e+01 1.2268596727e+03 0.0000000000e+00 3.2866608894e-02
1.4399324632e-01 1.6077834446e-01 2.0423208626e+00 7.6029586755e+01 1.1822112457e+03 0.0000000000e+00 3.1098715543e-02
1.7782157634e-01 1.5815805017e-01 2.4456487764e+00 7.7296795082e+01 1.2218283388e+03 0.0000000000e+00 3.1613945636e-02
2.0722113760e-01 1.6378116298e-01 2.7266309384e+00 7.9056726234e+01 1.2067432664e+03 0.0000000000e+00 3.0528541311e-02
2.3887865896e-01 1.6429379397e-01 3.0589407734e+00 8.0710577430e+01 1.2281440382e+03 0.0000000000e+00 3.0433285879e-02
2.6808770935e-01 1.6802842050e-01 3.3643482580e+00 8.2501194480e+01 1.2274886926e+03 0.0000000000e+00 2.9756870803e-02
2.9839240056e-01 1.6987775248e-01 3.7350472477e+00 8.4074967197e+01 1.2372863128e+03 0.0000000000e+00 2.9432930015e-02
3.2695356938e-01 1.7188197546e-01 4.1187873016e+00 8.5578398345e+01 1.2447261866e+03 0.0000000000e+00 2.9089728499e-02
3.5657185756e-01 1.7451864681e-01 4.5587786320e+00 8.6904071241e+01 1.2449109713e+03 0.0000000000e+00 2.8650233608e-02
3.8425403660e-01 1.7473000756e-01 4.9916237659e+00 8.8182311039e+01 1.2616938594e+03 0.0000000000e+00 2.8615577083e-02
4.1380301173e-01 1.7901550473e-01 5.4723706194e+00 8.9381982448e+01 1.2482435891e+03 0.0000000000e+00 2.7930541590e-02
4.4011511978e-01 1.7648612209e-01 5.9168715247e+00 9.0547523773e+01 1.2826436818e+03 0.0000000000e+00 2.8330839506e-02
4.7046469074e-01 1.8427081823e-01 6.4481937830e+00 9.1633877127e+01 1.2431957215e+03 0.0000000000e+00 2.7133976220e-02
4.9438307222e-01 1.7607987395e-01 6.8864509180e+00 9.2634162872e+01 1.3152292876e+03 0.0000000000e+00 2.8396203881e-02
5.2725709850e-01 1.9194378661e-01 7.5068196197e+00 9.3588317376e+01 1.2189547658e+03 0.0000000000e+00 2.6049293329e-02
5.4648165888e-01 1.7105995485e-01 7.8746373017e+00 9.4406442769e+01 1.3797274010e+03 0.0000000000e+00 2.9229517829e-02
5.8571613416e-01 2.0657787646e-01 8.6363940652e+00 9.5292889714e+01 1.1532320322e+03 0.0000000000e+00 2.4203947130e-02
5.9488955314e-01 8.8197317047e-01 8.7999679617e+00 9.6029480908e+01 2.7220068627e+02 0.0000000000e+00 5.6691066887e-03
5.9705434754e-01 2.2292627871e+00 8.8494340194e+00 9.6509140026e+01 1.0822988275e+02 0.0000000000e+00 2.2428939419e-03
5.9937534102e-01 1.9795770978e+00 8.8896955860e+00 9.7395115088e+01 1.2299990133e+02 0.0000000000e+00 2.5257920015e-03
6.0210593154e-01 1.8961709728e+00 8.9450745525e+00 9.8101477396e+01 1.2934155042e+02 0.0000000000e+00 2.6368930184e-03
6.0464912706e-01 1.8944488367e+00 8.9915108339e+00 9.8912982585e+01 1.3053002629e+02 0.0000000000e+00 2.6392900685e-03
6.0738451168e-01 1.9025387502e+00 9.0444977802e+00 9.9641918905e+01 1.3093283763e+02 0.0000000000e+00 2.6280673650e-03
6.0990526179e-01 1.9768295444e+00 9.0908544790e+00 1.0041100706e+02 1.2698490791e+02 0.0000000000e+00 2.5293025462e-03
6.1244311677e-01 2.0150720806e+00 9.1384821860e+00 1.0113920865e+02 1.2547840053e+02 0.0000000000e+00 2.4813008170e-03
6.1486786342e-01 2.0614405093e+00 9.1825920641e+00 1.0187938893e+02 1.2355363697e+02 0.0000000000e+00 2.4254883793e-03
6.1729409353e-01 2.0807446380e+00 9.2267568425e+00 1.0259508165e+02 1.2326726665e+02 0.0000000000e+00 2.4029858872e-03
6.1967383520e-01 2.0960035905e+00 9.2690666112e+00 1.0330856847e+02 1.2322088680e+02 0.0000000000e+00 2.3854920967e-03
6.2206507772e-01 2.0945046728e+00 9.3111379454e+00 1.0400325821e+02 1.2413825040e+02 0.0000000000e+00 2.3871992577e-03
6.2444823371e-01 2.0917988580e+00 9.3521413727e+00 1.0468792045e+02 1.2511709724e+02 0.0000000000e+00 2.3902871831e-03
6.2684565209e-01 2.0871368111e+00 9.3926651032e+00 1.0535464289e+02 1.2619518080e+02 0.0000000000e+00 2.3956263784e-03
6.2923948647e-01 2.0893553798e+00 9.4321680917e+00 1.0600659730e+02 1.2684127163e+02 0.0000000000e+00 2.3930825978e-03
6.3163181729e-01 2.0958424710e+00 9.4707429578e+00 1.0664016403e+02 1.2720441244e+02 0.0000000000e+00 2.3856754834e-03
6.3401083744e-01 2.1071153966e+00 9.5080430211e+00 1.0725728225e+02 1.2725606109e+02 0.0000000000e+00 2.3729122800e-03
6.3637764185e-01 2.1195280333e+00 9.5438349358e+00 1.0786099083e+02 1.2722288776e+02 0.0000000000e+00 2.3590157438e-03
6.3872886892e-01 2.1327420094e+00 9.5764067671e+00 1.0847948639e+02 1.2715964462e+02 0.0000000000e+00 2.3443998280e-03
6.4106644150e-01 2.1471578057e+00 9.5963996278e+00 1.0927294240e+02 1.2722975241e+02 0.0000000000e+00 2.3286597691e-03
6.4338618846e-01 2.1729316126e+00 9.5527780312e+00 1.1103668593e+02 1.2774986254e+02 0.0000000000e+00 2.3010388229e-03
6.4566851915e-01 2.2552777180e+00 9.2203711674e+00 1.1752359683e+02 1.3027619159e+02 0.0000000000e+00 2.2170218595e-03
6.4782023218e-01 2.5558660983e+00 7.7715018616e+00 1.4444157295e+02 1.4128437034e+02 0.0000000000e+00 1.9562840179e-03
6.4958108718e-01 3.4143907189e+00 4.1422601339e+00 2.3401594734e+02 1.7134531942e+02 0.0000000000e+00 1.4643901099e-03
6.5074901240e-01 4.9217467215e+00 7.3645452853e-01 3.9521883022e+02 2.0075130466e+02 0.0000000000e+00 1.0158994932e-03
6.5161288617e-01 5.6006301296e+00 1.7407256832e-01 4.5229281377e+02 2.0189371700e+02 0.0000000000e+00 8.9275668706e-04
6.5253452578e-01 5.0864306487e+00 1.2263488277e+00 3.9303157457e+02 1.9317651302e+02 0.0000000000e+00 9.8300760304e-04
6.5357890138e-01 4.8611143095e+00 1.5578880323e+00 3.7444100538e+02 1.9256953321e+02 0.0000000000e+00 1.0285707518e-03
6.5459166728e-01 5.0624312421e+00 1.1202459150e+00 3.9818158996e+02 1.9663555460e+02 0.0000000000e+00 9.8766773530e-04
6.5555423685e-01 5.1638846161e+00 1.0380541318e+00 4.0683240568e+02 1.9696044544e+02 0.0000000000e+00 9.6826330789e-04
6.5652819389e-01 5.0638830405e+00 1.2791506437e+00 3.9532893993e+02 1.9517084852e+02 0.0000000000e+00 9.8738457426e-04
6.5752900599e-01 5.0006445837e+00 1.4044380619e+00 3.8968838365e+02 1.9481907638e+02 0.0000000000e+00 9.9987109987e-04
6.5852793609e-01 5.0271446412e+00 1.3634427740e+00 3.9310989433e+02 1.9549362630e+02 0.0000000000e+00 9.9460038588e-04
6.5951820677e-01 5.0375227912e+00 1.3814842560e+00 3.9387715542e+02 1.9547164933e+02 0.0000000000e+00 9.9255134066e-04
6.6051303878e-01 5.0038096249e+00 1.4785821553e+00 3.9017294299e+02 1.9493794341e+02 0.0000000000e+00 9.9923865511e-04
6.6151668408e-01 4.9764331102e+00 1.5507954118e+00 3.8760525291e+02 1.9472041738e+02 0.0000000000e+00 1.0047356991e-03
6.6252251017e-01 4.9720366467e+00 1.5792132258e+00 3.8738326864e+02 1.9478098019e+02 0.0000000000e+00 1.0056241245e-03
6.6352793233e-01 4.9663026281e+00 1.6163728987e+00 3.8675755886e+02 1.9469089372e+02 0.0000000000e+00 1.0067852031e-03
6.6453608058e-01 4.9500451756e+00 1.6737659948e+00 3.8501368540e+02 1.9444958164e+02 0.0000000000e+00 1.0100917916e-03
6.6554811591e-01 4.9353601409e+00 1.7253612184e+00 3.8350212110e+02 1.9426248042e+02 0.0000000000e+00 1.0130972933e-03
6.6656227517e-01 4.9272888285e+00 1.7647398110e+00 3.8260781649e+02 1.9412694780e+02 0.0000000000e+00 1.0147568316e-03
6.6757762957e-01 4.9197198218e+00 1.8059408978e+00 3.8160918509e+02 1.9391814926e+02 0.0000000000e+00 1.0163180387e-03
6.6859491124e-01 4.9092092298e+00 1.8547827695e+00 3.8017808430e+02 1.9360454327e+02 0.0000000000e+00 1.0184939704e-03
6.6961461751e-01 4.8979065300e+00 1.9066142063e+00 3.7854927831e+02 1.9321993794e+02 0.0000000000e+00 1.0208443075e-03
6.7063659986e-01 4.8870143245e+00 1.9603625800e+00 3.7679079415e+02 1.9275101787e+02 0.0000000000e+00 1.0231195712e-03
6.7166085665e-01 4.8749142447e+00 2.0204013636e+00 3.7468196326e+02 1.9214797659e+02 0.0000000000e+00 1.0256590678e-03
6.7268791799e-01 4.8602122679e+00 2.0892932976e+00 3.7208659031e+02 1.9139420760e+02 0.0000000000e+00 1.0287616516e-03
6.7371837996e-01 4.8433495251e+00 2.1659689554e+00 3.6905836768e+02 1.9049748824e+02 0.0000000000e+00 1.0323434173e-03
6.7475260483e-01 4.8249413163e+00 2.2491391846e+00 3.6566695264e+02 1.8946704668e+02 0.0000000000e+00 1.0362820338e-03
6.7579094403e-01 4.8050854202e+00 2.3386251537e+00 3.6192440603e+02 1.8830279505e+02 0.0000000000e+00 1.0405642278e-03
6.7683373328e-01 4.7838172035e+00 2.4338640435e+00 3.5785851627e+02 1.8701514974e+02 0.0000000000e+00 1.0451904384e-03
6.7788132490e-01 4.7617183507e+00 2.5332830025e+00 3.5354692505e+02 1.8561940198e+02 0.0000000000e+00 1.0500411053e-03
6.7893381550e-01 4.7394178051e+00 2.6352673736e+00 3.4906885193e+02 1.8413066028e+02 0.0000000000e+00 1.0549818998e-03
6.7999128870e-01 4.7171146854e+00 2.7388557367e+00 3.4447112207e+02 1.8256452569e+02 0.0000000000e+00 1.0599699887e-03
6.8105375547e-01 4.6949830262e+00 2.8434037103e+00 3.3978419985e+02 1.8092940803e+02 0.0000000000e+00 1.0649665765e-03
6.8212122186e-01 4.6731174301e+00 2.9482392620e+00 3.3504030082e+02 1.7923811343e+02 0.0000000000e+00 1.0699495732e-03
6.8319365462e-01 4.6516205436e+00 3.0528194618e+00 3.3026628725e+02 1.7750066034e+02 0.0000000000e+00 1.0748942123e-03
6.8427101028e-01 4.6304555623e+00 3.1569143628e+00 3.2547477621e+02 1.7572502955e+02 0.0000000000e+00 1.0798073608e-03
6.8535326934e-01 4.6094822680e+00 3.2604760965e+00 3.2067017817e+02 1.7391876111e+02 0.0000000000e+00 1.0847205194e-03
6.8644045132e-01 4.5886577591e+00 3.3634599849e+00 3.1585731068e+02 1.7208589486e+02 0.0000000000e+00 1.0896432601e-03
6.8753255586e-01 4.5678222258e+00 3.4658315049e+00 3.1104109423e+02 1.7023489469e+02 0.0000000000e+00 1.0946135276e-03
6.8862967837e-01 4.5469269233e+00 3.5676440799e+00 3.0622356528e+02 1.6836842248e+02 0.0000000000e+00 1.0996437999e-03
6.8973184346e-01 4.5258513936e+00 3.6689925318e+00 3.0140546079e+02 1.6649102820e+02 0.0000000000e+00 1.1047645106e-03
6.9083920739e-01 4.5044763759e+00 3.7699734676e+00 2.9658913130e+02 1.6460799578e+02 0.0000000000e+00 1.1100069315e-03
6.9195185732e-01 4.4828120815e+00 3.8706732662e+00 2.9177840863e+02 1.6272063346e+02 0.0000000000e+00 1.1153713136e-03
6.9306995002e-01 4.4607652964e+00 3.9712086675e+00 2.8697719289e+02 1.6083405751e+02 0.0000000000e+00 1.1208838995e-03
6.9419362512e-01 4.4383265925e+00 4.0717101320e+00 2.8218949601e+02 1.5895038937e+02 0.0000000000e+00 1.1265507159e-03
6.9532305145e-01 4.4154765514e+00 4.1723050421e+00 2.7742013427e+02 1.5707258947e+02 0.0000000000e+00 1.1323806030e-03
6.9645838633e-01 4.3922425421e+00 4.2731173197e+00 2.7267462074e+02 1.5520239270e+02 0.0000000000e+00 1.1383706506e-03
6.9759979275e-01 4.3685915304e+00 4.3742842075e+00 2.6795878203e+02 1.5334392113e+02 0.0000000000e+00 1.1445336478e-03
6.9874745362e-01 4.3445882438e+00 4.4759626450e+00 2.6327890931e+02 1.5149819415e+02 0.0000000000e+00 1.1508570477e-03
6.9990150685e-01 4.3203026884e+00 4.5783223185e+00 2.5864207790e+02 1.4966664176e+02 0.0000000000e+00 1.1573263173e-03
7.0106210626e-01 4.2957483619e+00 4.6815525875e+00 2.5405601337e+02 1.4785317480e+02 0.0000000000e+00 1.1639415484e-03
7.0222938995e-01 4.2710372117e+00 4.7858590369e+00 2.4952862429e+02 1.4605856372e+02 0.0000000000e+00 1.1706758223e-03
7.0340345790e-01 4.2462510892e+00 4.8914518492e+00 2.4506754348e+02 1.4428465153e+02 0.0000000000e+00 1.1775092652e-03
7.0458440848e-01 4.2214494502e+00 4.9985349531e+00 2.4067972516e+02 1.4253381925e+02 0.0000000000e+00 1.1844273061e-03
7.0577231252e-01 4.1967074254e+00 5.1072918478e+00 2.3637100983e+02 1.4080741512e+02 0.0000000000e+00 1.1914101921e-03
7.0696722886e-01 4.1721192404e+00 5.2178784475e+00 2.3214580808e+02 1.3910544900e+02 0.0000000000e+00 1.1984317111e-03
7.0816917594e-01 4.1476909331e+00 5.3304136138e+00 2.2800698734e+02 1.3743007315e+02 0.0000000000e+00 1.2054900138e-03
7.0937820889e-01 4.1234730103e+00 5.4449830752e+00 2.2395594447e+02 1.3578113881e+02 0.0000000000e+00 1.2125700805e-03
7.1059431610e-01 4.0995041651e+00 5.5616301502e+00 2.1999275687e+02 1.3415814939e+02 0.0000000000e+00 1.2196596951e-03
7.1181752828e-01 4.0757535172e+00 5.6803698613e+00 2.1611640183e+02 1.3256223722e+02 0.0000000000e+00 1.2267670209e-03
7.1304785014e-01 4.0522395916e+00 5.8011875285e+00 2.1232499466e+02 1.3099237462e+02 0.0000000000e+00 1.2338855803e-03
7.1428529944e-01 4.0289593775e+00 5.9240482357e+00 2.0861602478e+02 1.2944783332e+02 0.0000000000e+00 1.2410152428e-03
7.1552988063e-01 4.0058831180e+00 6.0488998213e+00 2.0498654915e+02 1.2792843869e+02 0.0000000000e+00 1.2481642256e-03
7.1678162789e-01 3.9829940032e+00 6.1756823981e+00 2.0143332864e+02 1.2643336173e+02 0.0000000000e+00 1.2553370645e-03
7.1804055476e-01 3.9602977346e+00 6.3043274130e+00 1.9795294563e+02 1.2496089871e+02 0.0000000000e+00 1.2625313386e-03
7.1930669057e-01 3.9377143546e+00 6.4347642710e+00 1.9454189128e+02 1.2351193724e+02 0.0000000000e+00 1.2697721444e-03
7.2058009904e-01 3.9152735966e+00 6.5669250226e+00 1.9119664001e+02 1.2208383099e+02 0.0000000000e+00 1.2770499626e-03
7.2186079049e-01 3.8929184349e+00 6.7007368521e+00 1.8791369928e+02 1.2067662245e+02 0.0000000000e+00 1.2843834474e-03
7.2314886594e-01 3.8706306722e+00 6.8361389315e+00 1.8468966165e+02 1.1928912708e+02 0.0000000000e+00 1.2917791501e-03
7.2444434879e-01 3.8483823935e+00 6.9730656636e+00 1.8152121103e+02 1.1792046142e+02 0.0000000000e+00 1.2992471872e-03
7.2574736031e-01 3.8260994057e+00 7.1114666684e+00 1.7840514949e+02 1.1657116724e+02 0.0000000000e+00 1.3068139298e-03
7.2705797665e-01 3.8037905290e+00 7.2512919286e+00 1.7533835536e+02 1.1523922914e+02 0.0000000000e+00 1.3144782716e-03
7.2837631686e-01 3.7813450260e+00 7.3925027972e+00 1.7231781816e+02 1.1392627291e+02 0.0000000000e+00 1.3222808196e-03
7.2970253829e-01 3.7587764487e+00 7.5350705717e+00 1.6934056077e+02 1.1263010921e+02 0.0000000000e+00 1.3302201044e-03
7.3103675707e-01 3.7359889625e+00 7.6789703756e+00 1.6640373990e+02 1.1135186799e+02 0.0000000000e+00 1.3383337184e-03
7.3237920573e-01 3.7128250884e+00 7.8241942995e+00 1.6350451319e+02 1.1009440877e+02 0.0000000000e+00 1.3466834232e-03
7.3373012391e-01 3.6895100245e+00 7.9707443734e+00 1.6064023312e+02 1.0884929981e+02 0.0000000000e+00 1.3551934991e-03
7.3508959273e-01 3.6655857116e+00 8.1186050733e+00 1.5780822292e+02 1.0762824507e+02 0.0000000000e+00 1.3640384903e-03
7.3645820089e-01 3.6413065647e+00 8.2678257144e+00 1.5500617966e+02 1.0642208841e+02 0.0000000000e+00 1.3731334924e-03
7.3783585971e-01 3.6168563084e+00 8.4183730565e+00 1.5223161357e+02 1.0522370851e+02 0.0000000000e+00 1.3824159916e-03
7.3922303288e-01 3.5910561822e+00 8.5702852995e+00 1.4948297142e+02 1.0406616037e+02 0.0000000000e+00 1.3923480297e-03
7.4062055577e-01 3.5660423247e+00 8.7236146182e+00 1.4675800674e+02 1.0288577180e+02 0.0000000000e+00 1.4021145979e-03
7.4202726207e-01 3.5394372015e+00 8.8782132869e+00 1.4405657416e+02 1.0175104541e+02 0.0000000000e+00 1.4126539660e-03
7.4344586370e-01 3.5118545378e+00 9.0342857780e+00 1.4137708645e+02 1.0064275508e+02 0.0000000000e+00 1.4237491748e-03
7.4487476042e-01 3.4871799730e+00 9.1916095353e+00 1.3872170902e+02 9.9451211363e+01 0.0000000000e+00 1.4338233296e-03
7.4631351036e-01 3.4546028802e+00 9.3499060505e+00 1.3609073049e+02 9.8485075713e+01 0.0000000000e+00 1.4473443615e-03
7.4776944914e-01 3.4319905476e+00 9.5098412337e+00 1.3349124311e+02 9.7240392461e+01 0.0000000000e+00 1.4568804694e-03
7.4922727130e-01 3.4007732429e+00 9.6691689172e+00 1.3092764050e+02 9.6248434652e+01 0.0000000000e+00 1.4702538637e-03
7.5070995687e-01 3.3704659917e+00 9.8299173043e+00 1.2842194585e+02 9.5255334255e+01 0.0000000000e+00 1.4834743956e-03
7.5219422009e-01 3.3640753554e+00 9.9880160013e+00 1.2598952740e+02 9.3628645383e+01 0.0000000000e+00 1.4862925089e-03
7.5368254189e-01 3.3151587545e+00 1.0141976033e+01 1.2369972456e+02 9.3283409420e+01 0.0000000000e+00 1.5082233975e-03
7.5521066689e-01 3.3349004525e+00 1.0290784199e+01 1.2161527354e+02 9.1168593542e+01 0.0000000000e+00 1.4992951277e-03
7.5668113214e-01 3.3449276936e+00 1.0417956947e+01 1.1994378452e+02 8.9646021904e+01 0.0000000000e+00 1.4948006229e-03
7.5820026813e-01 3.3014870642e+00 1.0520179731e+01 1.1895045541e+02 9.0073392006e+01 0.0000000000e+00 1.5144690568e-03
7.5971007026e-01 3.4428768649e+00 1.0567659314e+01 1.1913625863e+02 8.6509235809e+01 0.0000000000e+00 1.4522738385e-03
7.6110481581e-01 3.1819440728e+00 1.0540003073e+01 1.2128087456e+02 9.5288345575e+01 0.0000000000e+00 1.5713663992e-03
7.6285280306e-01 3.8136468555e+00 1.0404494839e+01 1.2484287194e+02 8.1839559788e+01 0.0000000000e+00 1.3110810176e-03
7.6372697785e-01 7.2678276812e+00 1.0297564466e+01 1.3118310126e+02 4.5124591218e+01 0.0000000000e+00 6.8796347675e-04
7.6422873001e-01 8.4444711337e+00 1.0262735085e+01 1.3577107655e+02 4.0195257466e+01 0.0000000000e+00 5.9210339177e-04
7.6491118463e-01 6.9880533026e+00 1.0240525679e+01 1.3895207688e+02 4.9710581355e+01 0.0000000000e+00 7.1550684912e-04
7.6565974371e-01 6.9549388423e+00 1.0258677281e+01 1.3994729137e+02 5.0305004310e+01 0.0000000000e+00 7.1891358262e-04
7.6634901179e-01 6.8607240957e+00 1.0322132754e+01 1.3845604594e+02 5.0452417271e+01 0.0000000000e+00 7.2878604798e-04
7.6711731580e-01 6.6492188412e+00 1.0411819979e+01 1.3598593831e+02 5.1128539141e+01 0.0000000000e+00 7.5196803105e-04
7.6785294786e-01 6.7500332849e+00 1.0502914758e+01 1.3305115633e+02 4.9277963053e+01 0.0000000000e+00 7.4073708809e-04
7.6859878998e-01 6.6304097559e+00 1.0574736767e+01 1.3075475663e+02 4.9301159900e+01 0.0000000000e+00 7.5410120703e-04
7.6936115027e-01 6.5657726658e+00 1.0630070895e+01 1.2906423687e+02 4.9142821201e+01 0.0000000000e+00 7.6152499553e-04
7.7012183997e-01 6.5399467920e+00 1.0667718870e+01 1.2800778974e+02 4.8933039446e+01 0.0000000000e+00 7.6453221394e-04
7.7089021470e-01 6.4831832545e+00 1.0693992181e+01 1.2740655581e+02 4.9129629231e+01 0.0000000000e+00 7.7122607887e-04
7.7166429213e-01 6.4661087603e+00 1.0712266556e+01 1.2711759929e+02 4.9147641958e+01 0.0000000000e+00 7.7326258888e-04
7.7243673988e-01 6.4663343248e+00 1.0722700645e+01 1.2712123425e+02 4.9147332888e+01 0.0000000000e+00 7.7323561524e-04
7.7321076336e-01 6.4751163017e+00 1.0725491853e+01 1.2738578296e+02 4.9182816581e+01 0.0000000000e+00 7.7218690245e-04
7.7398111368e-01 6.5090774324e+00 1.0721003189e+01 1.2789164599e+02 4.9120496460e+01 0.0000000000e+00 7.6815801501e-04
7.7474707939e-01 6.5414570019e+00 1.0714065743e+01 1.2848806743e+02 4.9105293894e+01 0.0000000000e+00 7.6435570830e-04
7.7550982510e-01 6.5689195145e+00 1.0709154851e+01 1.2901850716e+02 4.9101875458e+01 0.0000000000e+00 7.6116018608e-04
7.7626939976e-01 6.5850062354e+00 1.0710418127e+01 1.2931991163e+02 4.9096351243e+01 0.0000000000e+00 7.5930072369e-04
7.7702842655e-01 6.5806156611e+00 1.0721860682e+01 1.2925267582e+02 4.9103565104e+01 0.0000000000e+00 7.5980732769e-04
7.7778901442e-01 6.5573746023e+00 1.0745359010e+01 1.2875482481e+02 4.9087795277e+01 0.0000000000e+00 7.6250028453e-04
7.7855342711e-01 6.5183218262e+00 1.0779497295e+01 1.2787827632e+02 4.9045705218e+01 0.0000000000e+00 7.6706860037e-04
7.7932315162e-01 6.4657798523e+00 1.0820727170e+01 1.2675081810e+02 4.9008325753e+01 0.0000000000e+00 7.7330192401e-04
7.8010003096e-01 6.4085923533e+00 1.0865287982e+01 1.2550995747e+02 4.8961593494e+01 0.0000000000e+00 7.8020253503e-04
7.8088355669e-01 6.3475771177e+00 1.0910049873e+01 1.2425951764e+02 4.8939743204e+01 0.0000000000e+00 7.8770212748e-04
7.8167543522e-01 6.2918776111e+00 1.0953197444e+01 1.2307164462e+02 4.8901000712e+01 0.0000000000e+00 7.9467534320e-04
7.8247290737e-01 6.2387565521e+00 1.0993058502e+01 1.2198262042e+02 4.8880982694e+01 0.0000000000e+00 8.0144175498e-04
7.8327831873e-01 6.2044506565e+00 1.1028871608e+01 1.2103534683e+02 4.8769566210e+01 0.0000000000e+00 8.0587311864e-04
7.8408465361e-01 6.1788019132e+00 1.1059066520e+01 1.2024543298e+02 4.8652406515e+01 0.0000000000e+00 8.0921836794e-04
7.8489675546e-01 6.1853989058e+00 1.1083438500e+01 1.1963965759e+02 4.8355675765e+01 0.0000000000e+00 8.0835530192e-04
7.8570136422e-01 6.1761988605e+00 1.1101632107e+01 1.1920517672e+02 4.8251837177e+01 0.0000000000e+00 8.0955942529e-04
7.8651587431e-01 6.1932265772e+00 1.1115067212e+01 1.1889460946e+02 4.7993807419e+01 0.0000000000e+00 8.0733361483e-04
7.8731603145e-01 6.1366333262e+00 1.1126220574e+01 1.1866821227e+02 4.8344184003e+01 0.0000000000e+00 8.1477900573e-04
7.8814543233e-01 6.1197600354e+00 1.1136582226e+01 1.1837091642e+02 4.8356028560e+01 0.0000000000e+00 8.1702549954e-04
7.8895008244e-01 5.9746361846e+00 1.1150709707e+01 1.1804057972e+02 4.9392371383e+01 0.0000000000e+00 8.3687104043e-04
7.8981917441e-01 5.9102815055e+00 1.1167366086e+01 1.1744082231e+02 4.9676492652e+01 0.0000000000e+00 8.4598339272e-04
7.9064204923e-01 5.6756428132e+00 1.1191352908e+01 1.1677654057e+02 5.1437583552e+01 0.0000000000e+00 8.8095748174e-04
7.9158108937e-01 5.6891324827e+00 1.1220584971e+01 1.1578299696e+02 5.0879021234e+01 0.0000000000e+00 8.7886861753e-04
7.9239978646e-01 5.5892250227e+00 1.1252923372e+01 1.1470585516e+02 5.1306690416e+01 0.0000000000e+00 8.9457840393e-04
7.9337024618e-01 5.8789461395e+00 1.1296764793e+01 1.1353599274e+02 4.8280759021e+01 0.0000000000e+00 8.5049256811e-04
7.9410077160e-01 6.8650000684e+00 1.1321948295e+01 1.1191286417e+02 4.0754866371e+01 0.0000000000e+00 7.2833211219e-04
7.9482691040e-01 2.8185053429e+00 1.1368807261e+01 1.1131153105e+02 9.8732765693e+01 0.0000000000e+00 1.7739898959e-03
7.9764875139e-01 9.5642462953e-01 1.1447565516e+01 1.0892971744e+02 2.8473157757e+02 0.0000000000e+00 5.2278034731e-03
8.0528251735e-01 8.5570871357e-01 1.1782355095e+01 1.0837586777e+02 3.1662604940e+02 0.0000000000e+00 5.8431098348e-03
8.0933497106e-01 9.4528695510e-01 1.1940283549e+01 1.0923019654e+02 2.8888105340e+02 0.0000000000e+00 5.2893991322e-03
8.1586131561e-01 8.6841487526e-01 1.1943063215e+01 1.0667244202e+02 3.0708951752e+02 0.0000000000e+00 5.7576167134e-03
8.2085020449e-01 9.0669696506e-01 1.2156076787e+01 1.0580661569e+02 2.9173643391e+02 0.0000000000e+00 5.5145216017e-03
8.2689035882e-01 9.0630851836e-01 1.2991512065e+01 1.1095171090e+02 3.0605392273e+02 0.0000000000e+00 5.5168851431e-03
8.3188397478e-01 9.0901913788e-01 1.3110048693e+01 1.0962340384e+02 3.0148816256e+02 0.0000000000e+00 5.5004342501e-03
8.3789122732e-01 8.3988010552e-01 1.2285536816e+01 9.8889441421e+01 2.9435582761e+02 0.0000000000e+00 5.9532306660e-03
8.4379043611e-01 9.2353550074e-01 1.3240188397e+01 1.0852414223e+02 2.9377360736e+02 0.0000000000e+00 5.4139770437e-03
8.4871918140e-01 1.0239385672e+00 1.5023298435e+01 1.2899325222e+02 3.1494382659e+02 0.0000000000e+00 4.8831054519e-03
8.5355664701e-01 7.0910063153e-01 1.2939299672e+01 8.3249703228e+01 2.9350454479e+02 0.0000000000e+00 7.0511853715e-03
8.6282155215e-01 4.2858435732e-01 5.3836157370e+00 3.5883875959e+01 2.0931629530e+02 0.0000000000e+00 1.1666314728e-02
8.7688927647e-01 3.2364045433e-01 1.0202749905e+00 2.1248059908e+01 1.6413321963e+02 0.0000000000e+00 1.5449242927e-02
8.9372003800e-01 3.0519679998e-01 1.6977678974e-01 1.8953948157e+01 1.5526004990e+02 0.0000000000e+00 1.6382871643e-02
9.0965501975e-01 2.9887142379e-01 7.5392378888e-02 1.8780888057e+01 1.5709839217e+02 0.0000000000e+00 1.6729602103e-02
9.2717924221e-01 3.0746658148e-01 3.5873280470e-02 1.8953523760e+01 1.5411043754e+02 0.0000000000e+00 1.6261929918e-02
9.4217887959e-01 3.0027742898e-01 4.8819665052e-03 1.9192549027e+01 1.5979014051e+02 0.0000000000e+00 1.6651268185e-02
9.6048177858e-01 3.1576580751e-01 -3.1881311470e-02 1.9298103593e+01 1.5278810383e+02 0.0000000000e+00 1.5834520018e-02
9.7384791962e-01 2.9606142393e-01 -3.8923043859e-02 1.9325274851e+01 1.6318636344e+02 0.0000000000e+00 1.6888387327e-02
9.9425855323e-01 3.1354324516e-01 -7.7528097108e-03 1.9335116613e+01 1.5416626663e+02 0.0000000000e+00 1.5946763572e-02
