# x  rho  v  p  e  w  vol
1.6652247112e-03 1.5129886234e-01 -7.4174127395e-03 7.0823056107e+01 1.1702509690e+03 0.0000000000e+00 3.3047175126e-02
6.4429125540e-02 1.5008906926e-01 1.2279318134e+00 7.0942689401e+01 1.1816764830e+03 0.0000000000e+00 3.3313551910e-02
6.8292328531e-02 1.5251092411e-01 1.2217628355e+00 7.1587502792e+01 1.1734815589e+03 0.0000000000e+00 3.2784536774e-02
1.2999819909e-01 1.5222286555e-01 2.1813067960e+00 7.1811547762e+01 1.1793817490e+03 0.0000000000e+00 3.2846576511e-02
1.3398548155e-01 1.5711305221e-01 2.1718706788e+00 7.4882163901e+01 1.1915331484e+03 0.0000000000e+00 3.1824217846e-02
1.9364663478e-01 1.5723848103e-01 2.6835351175e+00 7.5222592453e+01 1.1959952799e+03 0.0000000000e+00 3.1798831731e-02
1.9758314502e-01 1.6287524289e-01 2.6656218043e+00 7.8553848196e+01 1.2057364705e+03 0.0000000000e+00 3.0698342556e-02
2.5504331989e-01 1.6316520355e-01 3.2762053899e+00 7.9117592853e+01 1.2122313939e+03 0.0000000000e+00 3.0643788572e-02
2.5887072216e-01 1.6900770308e-01 3.2496826153e+00 8.2764701996e+01 1.2242741084e+03 0.0000000000e+00 2.9584450347e-02
3.1421222059e-01 1.6984655681e-01 3.9727356478e+00 8.3670118341e+01 1.2315545265e+03 0.0000000000e+00 2.9438335954e-02
3.1774739407e-01 1.7342634527e-01 3.9413970454e+00 8.5697990596e+01 1.2353658042e+03 0.0000000000e+00 2.8830683091e-02
3.7187358677e-01 1.7396337857e-01 4.6733456717e+00 8.7015667932e+01 1.2504883017e+03 0.0000000000e+00 2.8741681388e-02
3.7523075685e-01 1.7757466660e-01 4.6548985251e+00 8.8290988818e+01 1.2430121721e+03 0.0000000000e+00 2.8157169576e-02
4.2818792592e-01 1.7797518332e-01 5.5355396476e+00 8.9973421992e+01 1.2638478623e+03 0.0000000000e+00 2.8093804465e-02
4.3141836578e-01 1.8193280974e-01 5.5025105242e+00 9.1087763135e+01 1.2516676248e+03 0.0000000000e+00 2.7482673451e-02
4.8315327282e-01 1.8232375392e-01 6.6453276190e+00 9.2988372362e+01 1.2750446714e+03 0.0000000000e+00 2.7423744260e-02
4.8626585430e-01 1.8369470149e-01 6.6368287115e+00 9.2326686402e+01 1.2565235368e+03 0.0000000000e+00 2.7219075779e-02
5.3759142438e-01 1.8441792214e-01 7.6553105161e+00 9.4129670119e+01 1.2760374510e+03 0.0000000000e+00 2.7112332369e-02
5.4049051903e-01 1.8623740865e-01 7.7017243384e+00 9.4769447615e+01 1.2721591261e+03 0.0000000000e+00 2.6847452594e-02
5.9128632957e-01 1.8927688681e-01 8.8037326577e+00 9.6465647999e+01 1.2741340164e+03 0.0000000000e+00 2.6416326284e-02
5.9332317160e-01 1.5448168373e+00 8.8229712352e+00 9.6690907920e+01 1.5647633037e+02 0.0000000000e+00 3.2366296633e-03
5.9775958890e-01 2.0856960503e+00 8.9304389142e+00 9.7822045176e+01 1.1725347656e+02 0.0000000000e+00 2.3972812334e-03
5.9811773407e-01 1.8091035244e+00 8.9163535206e+00 9.7661598092e+01 1.3495855374e+02 0.0000000000e+00 2.7637998227e-03
6.0328718854e-01 1.4169675868e+00 9.0346543618e+00 1.0007100752e+02 1.7655839211e+02 0.0000000000e+00 3.5286622267e-03
6.0517505852e-01 1.7253667003e+00 9.0428323840e+00 9.8982554372e+01 1.4342248861e+02 0.0000000000e+00 2.8979346820e-03
6.0908305791e-01 1.8339183347e+00 9.1288322913e+00 1.0144254416e+02 1.3828661593e+02 0.0000000000e+00 2.7264027550e-03
6.1062786403e-01 2.1792787132e+00 9.1360061093e+00 1.0042838590e+02 1.1520828576e+02 0.0000000000e+00 2.2943370986e-03
6.1367173210e-01 2.1906407339e+00 9.2160756494e+00 1.0296151095e+02 1.1750159367e+02 0.0000000000e+00 2.2824372443e-03
6.1519273852e-01 2.2788941426e+00 9.2256035161e+00 1.0207751696e+02 1.1198141573e+02 0.0000000000e+00 2.1940466240e-03
6.1805982535e-01 2.1883569088e+00 9.3108120924e+00 1.0469660868e+02 1.1960641367e+02 0.0000000000e+00 2.2848192541e-03
6.1976237703e-01 2.1609391882e+00 9.3212833292e+00 1.0379703073e+02 1.2008323892e+02 0.0000000000e+00 2.3138087491e-03
6.2268744285e-01 2.0808009183e+00 9.4012540858e+00 1.0635360648e+02 1.2777965151e+02 0.0000000000e+00 2.4029208926e-03
6.2456821881e-01 2.0964602922e+00 9.4171544362e+00 1.0535709285e+02 1.2563688094e+02 0.0000000000e+00 2.3849724312e-03
6.2745738771e-01 2.0532308273e+00 9.5084441448e+00 1.0814667731e+02 1.3167866452e+02 0.0000000000e+00 2.4351865039e-03
6.2943859182e-01 2.0958359882e+00 9.5316143795e+00 1.0739555183e+02 1.2810586377e+02 0.0000000000e+00 2.3856828626e-03
6.3222875344e-01 2.0794803173e+00 9.6298631759e+00 1.1013300667e+02 1.3240448317e+02 0.0000000000e+00 2.4044468988e-03
6.3424748562e-01 2.1487275764e+00 9.6466516036e+00 1.0931780323e+02 1.2718899831e+02 0.0000000000e+00 2.3269585474e-03
6.3688267053e-01 2.1565522275e+00 9.7279261595e+00 1.1201708219e+02 1.2985667674e+02 0.0000000000e+00 2.3185156085e-03
6.3888451684e-01 2.2157918176e+00 9.7368292497e+00 1.1134974862e+02 1.2563200628e+02 0.0000000000e+00 2.2565296795e-03
6.4139572989e-01 2.2331748555e+00 9.6621244728e+00 1.1476104943e+02 1.2847297777e+02 0.0000000000e+00 2.2389648476e-03
6.4336244653e-01 2.3395151321e+00 9.3345669246e+00 1.1917687301e+02 1.2735210747e+02 0.0000000000e+00 2.1371949817e-03
6.4567011985e-01 2.6297450102e+00 7.8837843375e+00 1.4446483720e+02 1.3733730518e+02 0.0000000000e+00 1.9013250260e-03
6.4716509658e-01 3.4184989062e+00 4.4305450210e+00 2.1898469236e+02 1.6014682056e+02 0.0000000000e+00 1.4626302764e-03
6.4859538041e-01 4.6336296239e+00 1.7088425056e+00 3.5972680051e+02 1.9408478326e+02 0.0000000000e+00 1.0790676868e-03
6.4932323196e-01 5.0307549320e+00 7.7271869135e-01 3.8016456278e+02 1.8892023559e+02 0.0000000000e+00 9.9388661694e-04
6.5058315364e-01 5.2717657668e+00 1.2721928725e+00 4.3141835125e+02 2.0458911223e+02 0.0000000000e+00 9.4844881605e-04
6.5122012959e-01 5.1631754445e+00 1.2554400815e+00 3.9552941509e+02 1.9151461118e+02 0.0000000000e+00 9.6839630063e-04
6.5251994624e-01 5.1953239036e+00 1.1701635920e+00 4.2446301579e+02 2.0425243145e+02 0.0000000000e+00 9.6240390257e-04
6.5314493740e-01 5.1316290473e+00 1.1245283849e+00 3.9397106515e+02 1.9193274763e+02 0.0000000000e+00 9.7434946172e-04
6.5446864516e-01 5.1619283968e+00 1.1755954520e+00 4.2078289758e+02 2.0379152191e+02 0.0000000000e+00 9.6863025127e-04
6.5508219790e-01 5.1365115899e+00 1.3049310436e+00 3.9443866430e+02 1.9197789073e+02 0.0000000000e+00 9.7342328787e-04
6.5641549174e-01 5.1466026470e+00 1.3005030848e+00 4.1830963285e+02 2.0319697359e+02 0.0000000000e+00 9.7151467541e-04
6.5702522725e-01 5.1165919914e+00 1.2991951926e+00 3.9166743899e+02 1.9137124850e+02 0.0000000000e+00 9.7721295902e-04
6.5836991766e-01 5.1049574161e+00 1.2994456489e+00 4.1314410224e+02 2.0232495032e+02 0.0000000000e+00 9.7944009958e-04
6.5898410745e-01 5.0814713355e+00 1.4493919040e+00 3.8802868223e+02 1.9090370516e+02 0.0000000000e+00 9.8396697923e-04
6.6033785162e-01 5.0660985173e+00 1.4504404063e+00 4.1071144709e+02 2.0267640162e+02 0.0000000000e+00 9.8695277697e-04
6.6095801300e-01 5.0568582519e+00 1.5104175042e+00 3.8498590369e+02 1.9032860153e+02 0.0000000000e+00 9.8875621006e-04
6.6231536404e-01 4.9690920096e+00 1.5264566896e+00 4.0224171223e+02 2.0237183748e+02 0.0000000000e+00 1.0062200479e-03
6.6297045310e-01 5.0048189720e+00 1.6813561577e+00 3.7895225309e+02 1.8929368635e+02 0.0000000000e+00 9.9903713360e-04
6.6431343830e-01 4.9197543165e+00 1.6849831373e+00 3.9911372290e+02 2.0281181601e+02 0.0000000000e+00 1.0163109128e-03
6.6500307492e-01 4.9699546901e+00 1.7895658105e+00 3.7443054513e+02 1.8834706173e+02 0.0000000000e+00 1.0060453891e-03
6.6632552908e-01 4.8206248447e+00 1.8173054821e+00 3.8882739608e+02 2.0164781984e+02 0.0000000000e+00 1.0372099388e-03
6.6707749480e-01 4.9088149417e+00 1.9685311145e+00 3.6766355532e+02 1.8724659601e+02 0.0000000000e+00 1.0185757783e-03
6.6836268064e-01 4.7890035045e+00 1.9814491455e+00 3.8545107685e+02 2.0121674399e+02 0.0000000000e+00 1.0440585386e-03
6.6916561188e-01 4.8598764650e+00 2.0950440639e+00 3.6188098970e+02 1.8615750437e+02 0.0000000000e+00 1.0288327360e-03
6.7042034611e-01 4.7375187100e+00 2.1155988477e+00 3.7774157195e+02 1.9933513463e+02 0.0000000000e+00 1.0554048028e-03
6.7127642148e-01 4.8104047409e+00 2.2485745595e+00 3.5777607989e+02 1.8593865754e+02 0.0000000000e+00 1.0394135773e-03
6.7249917327e-01 4.7163322043e+00 2.2741944956e+00 3.7389082074e+02 1.9818940044e+02 0.0000000000e+00 1.0601458471e-03
6.7339671318e-01 4.7503613083e+00 2.3874577063e+00 3.5154835295e+02 1.8501137605e+02 0.0000000000e+00 1.0525515167e-03
6.7460427630e-01 4.6792448708e+00 2.3896364754e+00 3.6726747292e+02 1.9622155020e+02 0.0000000000e+00 1.0685484812e-03
6.7553381014e-01 4.7325016186e+00 2.5890394394e+00 3.4763803388e+02 1.8364390649e+02 0.0000000000e+00 1.0565236746e-03
6.7671732365e-01 4.6040684731e+00 2.6098568984e+00 3.5781759379e+02 1.9429423991e+02 0.0000000000e+00 1.0859960118e-03
6.7770580216e-01 4.6350576330e+00 2.8137805932e+00 3.3708560901e+02 1.8181306237e+02 0.0000000000e+00 1.0787352383e-03
6.7887479412e-01 4.5663465426e+00 2.8123841155e+00 3.4867149957e+02 1.9089193971e+02 0.0000000000e+00 1.0949672683e-03
6.7989573670e-01 4.6024106699e+00 3.0786434689e+00 3.2859250945e+02 1.7848934668e+02 0.0000000000e+00 1.0863871911e-03
6.8104756851e-01 4.4520483715e+00 3.0916727405e+00 3.3442369375e+02 1.8779203742e+02 0.0000000000e+00 1.1230785433e-03
6.8214189379e-01 4.5160983717e+00 3.3381470943e+00 3.1469699713e+02 1.7420844899e+02 0.0000000000e+00 1.1071503737e-03
6.8326186925e-01 4.4328000829e+00 3.3373001128e+00 3.2728591740e+02 1.8458192975e+02 0.0000000000e+00 1.1279552216e-03
6.8439780423e-01 4.4895618596e+00 3.5118359927e+00 3.0763953134e+02 1.7130821501e+02 0.0000000000e+00 1.1136944219e-03
6.8548925810e-01 4.3741167248e+00 3.5079928110e+00 3.1542191828e+02 1.8027749265e+02 0.0000000000e+00 1.1430879226e-03
6.8668398008e-01 4.4410314169e+00 3.7191507071e+00 2.9677551473e+02 1.6706452109e+02 0.0000000000e+00 1.1258645865e-03
6.8774098727e-01 4.3871917350e+00 3.7163785975e+00 3.0974833496e+02 1.7650717912e+02 0.0000000000e+00 1.1396812134e-03
6.8896334250e-01 4.4276652040e+00 3.8669730900e+00 2.9182040901e+02 1.6477104499e+02 0.0000000000e+00 1.1292633408e-03
6.8999951395e-01 4.2957571475e+00 3.8633355817e+00 2.9570146722e+02 1.7208925986e+02 0.0000000000e+00 1.1639391680e-03
6.9129122084e-01 4.3566562426e+00 4.1214057188e+00 2.7871427048e+02 1.5993588601e+02 0.0000000000e+00 1.1476691576e-03
6.9229485227e-01 4.2757272417e+00 4.1186430399e+00 2.8776795093e+02 1.6825672843e+02 0.0000000000e+00 1.1693917122e-03
6.9363000426e-01 4.3389670547e+00 4.2241885775e+00 2.7143802547e+02 1.5639553265e+02 0.0000000000e+00 1.1523479983e-03
6.9459954826e-01 4.1926757460e+00 4.2210950611e+00 2.7451182064e+02 1.6368533919e+02 0.0000000000e+00 1.1925558528e-03
6.9601511597e-01 4.2492233447e+00 4.3741388182e+00 2.5894024081e+02 1.5234562872e+02 0.0000000000e+00 1.1766856186e-03
6.9695291950e-01 4.1750658440e+00 4.3723645641e+00 2.6733009657e+02 1.6007537758e+02 0.0000000000e+00 1.1975859033e-03
6.9841028777e-01 4.2337519870e+00 4.4029471435e+00 2.5214049763e+02 1.4888714455e+02 0.0000000000e+00 1.1809855692e-03
6.9931489064e-01 4.0926947006e+00 4.4003278394e+00 2.5429536974e+02 1.5533492500e+02 0.0000000000e+00 1.2216889765e-03
7.0085366573e-01 4.1450353446e+00 4.5704643886e+00 2.3971751351e+02 1.4458110341e+02 0.0000000000e+00 1.2062623318e-03
7.0172741530e-01 4.0584986293e+00 4.5679859212e+00 2.4629191839e+02 1.5171368829e+02 0.0000000000e+00 1.2319826755e-03
7.0331763108e-01 4.1059084545e+00 4.6813900628e+00 2.3225889712e+02 1.4141748391e+02 0.0000000000e+00 1.2177573016e-03
7.0416292991e-01 3.9837412470e+00 4.6784499695e+00 2.3581441624e+02 1.4798552517e+02 0.0000000000e+00 1.2551015967e-03
7.0582783427e-01 4.0457050801e+00 4.8808603181e+00 2.2243839982e+02 1.3745341999e+02 0.0000000000e+00 1.2358785183e-03
7.0663468694e-01 3.9502257006e+00 4.8776863419e+00 2.2817455192e+02 1.4440602210e+02 0.0000000000e+00 1.2657504606e-03
7.0835933519e-01 4.0139941381e+00 5.0842118973e+00 2.1547745702e+02 1.3420389368e+02 0.0000000000e+00 1.2456420782e-03
7.0912597110e-01 3.8776091325e+00 5.0797196445e+00 2.1681319997e+02 1.3978536294e+02 0.0000000000e+00 1.2894543594e-03
7.1093824391e-01 3.9242160895e+00 5.3347636517e+00 2.0505694329e+02 1.3063560888e+02 0.0000000000e+00 1.2741398246e-03
7.1167425075e-01 3.8492892884e+00 5.3308321049e+00 2.1053917395e+02 1.3673899140e+02 0.0000000000e+00 1.2989410838e-03
7.1353612608e-01 3.9014515531e+00 5.5617358805e+00 1.9957356689e+02 1.2788417604e+02 0.0000000000e+00 1.2815742889e-03
7.1423739933e-01 3.7903053945e+00 5.5571806832e+00 2.0220287884e+02 1.3336846098e+02 0.0000000000e+00 1.3191549175e-03
7.1617443591e-01 3.8480636902e+00 5.8331578139e+00 1.9214261479e+02 1.2483071374e+02 0.0000000000e+00 1.2993547931e-03
7.1683610891e-01 3.7830890621e+00 5.8282162680e+00 1.9642598942e+02 1.2980529020e+02 0.0000000000e+00 1.3216712369e-03
7.1881777839e-01 3.8221382140e+00 6.1434193663e+00 1.8732715782e+02 1.2252772358e+02 0.0000000000e+00 1.3081682870e-03
7.1945244549e-01 3.7484723271e+00 6.1390854293e+00 1.8881034676e+02 1.2592486371e+02 0.0000000000e+00 1.3338767273e-03
7.2148553184e-01 3.7653741347e+00 6.3875268601e+00 1.8052725652e+02 1.1986010557e+02 0.0000000000e+00 1.3278892936e-03
7.2210822407e-01 3.7212413620e+00 6.3856375645e+00 1.8349061015e+02 1.2327244614e+02 0.0000000000e+00 1.3436376503e-03
7.2417280714e-01 3.7428397575e+00 6.6969876185e+00 1.7556874525e+02 1.1726974478e+02 0.0000000000e+00 1.3358840677e-03
7.2477999221e-01 3.6495161799e+00 6.6963415425e+00 1.7620946765e+02 1.2070741638e+02 0.0000000000e+00 1.3700446178e-03
7.2691289638e-01 3.6983101883e+00 6.9601333478e+00 1.6839646090e+02 1.1383338087e+02 0.0000000000e+00 1.3519688034e-03
7.2748392982e-01 3.6108549616e+00 6.9597175723e+00 1.7109165421e+02 1.1845647086e+02 0.0000000000e+00 1.3847136075e-03
7.2968232359e-01 3.6802335388e+00 7.3122415040e+00 1.6335690537e+02 1.1096911626e+02 0.0000000000e+00 1.3586094326e-03
7.3020114868e-01 3.5711292986e+00 7.3105760985e+00 1.6531657116e+02 1.1573129768e+02 0.0000000000e+00 1.4001173248e-03
7.3248255824e-01 3.6356191512e+00 7.6103348810e+00 1.5786819812e+02 1.0855661137e+02 0.0000000000e+00 1.3752815661e-03
7.3295171181e-01 3.5338578108e+00 7.6077874546e+00 1.6000800945e+02 1.1319641170e+02 0.0000000000e+00 1.4148843184e-03
7.3531232688e-01 3.5959321129e+00 7.9320097673e+00 1.5299566870e+02 1.0636718373e+02 0.0000000000e+00 1.3904600652e-03
7.3573263194e-01 3.4784155587e+00 7.9282030856e+00 1.5315204075e+02 1.1007313400e+02 0.0000000000e+00 1.4374360727e-03
7.3818719903e-01 3.5264802014e+00 8.2475792294e+00 1.4677255098e+02 1.0405031547e+02 0.0000000000e+00 1.4178443418e-03
7.3856832063e-01 3.4483102429e+00 8.2432525445e+00 1.4752100488e+02 1.0695166218e+02 0.0000000000e+00 1.4499855430e-03
7.4108717011e-01 3.4779904469e+00 8.5578670809e+00 1.4184814180e+02 1.0196127905e+02 0.0000000000e+00 1.4376117693e-03
7.4144354417e-01 3.4111157861e+00 8.5531944570e+00 1.4190700782e+02 1.0400336482e+02 0.0000000000e+00 1.4657960367e-03
7.4401876219e-01 3.4230712155e+00 8.9341889597e+00 1.3676826388e+02 9.9887100841e+01 0.0000000000e+00 1.4606765928e-03
7.4436489735e-01 3.3682285234e+00 8.9305145183e+00 1.3662612019e+02 1.0140799477e+02 0.0000000000e+00 1.4844598475e-03
7.4698768188e-01 3.3648439338e+00 9.2501553610e+00 1.3193724598e+02 9.8026274450e+01 0.0000000000e+00 1.4859530184e-03
7.4733680339e-01 3.3145776269e+00 9.2460424144e+00 1.3163154999e+02 9.9282295364e+01 0.0000000000e+00 1.5084878264e-03
7.5000465753e-01 3.2896463248e+00 9.6062116971e+00 1.2710533169e+02 9.6594982518e+01 0.0000000000e+00 1.5199202304e-03
7.5037664385e-01 3.2423384390e+00 9.6206125003e+00 1.2616075737e+02 9.7276055338e+01 0.0000000000e+00 1.5420968828e-03
7.5308885130e-01 3.1936367880e+00 9.9005699782e+00 1.2111681445e+02 9.4811043406e+01 0.0000000000e+00 1.5656132278e-03
7.5350787031e-01 3.2034929816e+00 9.9632435071e+00 1.2247227879e+02 9.5577139935e+01 0.0000000000e+00 1.5607963023e-03
7.5621044390e-01 3.1271352636e+00 1.0230583320e+01 1.1729808703e+02 9.3774395044e+01 0.0000000000e+00 1.5989074915e-03
7.5670568529e-01 3.2100331990e+00 1.0250022361e+01 1.1859406803e+02 9.2362026092e+01 0.0000000000e+00 1.5576162893e-03
7.5932567648e-01 3.1087309214e+00 1.0363609224e+01 1.1535316967e+02 9.2765482591e+01 0.0000000000e+00 1.6083733608e-03
7.5992243201e-01 3.4313834229e+00 1.0321616386e+01 1.2245812096e+02 8.9219205400e+01 0.0000000000e+00 1.4571382395e-03
7.6223995296e-01 3.6844850613e+00 1.0230574842e+01 1.2105539272e+02 8.2138610078e+01 0.0000000000e+00 1.3570417349e-03
7.6263651548e-01 3.2901042366e+00 1.0147217633e+01 1.2963248898e+02 9.8501810015e+01 0.0000000000e+00 1.5197086902e-03
7.6527937034e-01 3.3118249627e+00 1.0109432929e+01 1.2621911941e+02 9.5279129201e+01 0.0000000000e+00 1.5097416247e-03
7.6565599873e-01 7.7222969493e+00 1.0113443493e+01 1.3279322443e+02 4.2990196214e+01 0.0000000000e+00 6.4747574884e-04
7.6657432184e-01 8.7999616862e+00 1.0216529183e+01 1.2584430275e+02 3.5751378028e+01 0.0000000000e+00 5.6818429196e-04
7.6679236731e-01 6.3726240910e+00 1.0290401885e+01 1.3127000805e+02 5.1497627261e+01 0.0000000000e+00 7.8460614162e-04
7.6814353412e-01 6.1871307803e+00 1.0453425547e+01 1.2325441461e+02 4.9802735301e+01 0.0000000000e+00 8.0812903065e-04
7.6840862537e-01 6.5455659980e+00 1.0601689546e+01 1.2782405875e+02 4.8820857810e+01 0.0000000000e+00 7.6387588201e-04
7.6967128589e-01 6.4056017802e+00 1.0602814961e+01 1.2358835846e+02 4.8234483933e+01 0.0000000000e+00 7.8056678694e-04
7.6996975895e-01 6.3316195741e+00 1.0583261651e+01 1.2927330285e+02 5.1042747173e+01 0.0000000000e+00 7.8968736853e-04
7.7125066062e-01 6.4009349167e+00 1.0535085331e+01 1.2855429110e+02 5.0209185368e+01 0.0000000000e+00 7.8113589110e-04
7.7153203073e-01 6.6176109276e+00 1.0472493547e+01 1.3612204269e+02 5.1424163561e+01 0.0000000000e+00 7.5555968079e-04
7.7276177999e-01 6.6039463931e+00 1.0429625549e+01 1.3339196762e+02 5.0497066330e+01 0.0000000000e+00 7.5712304468e-04
7.7304627682e-01 6.8359712991e+00 1.0419335867e+01 1.3878117406e+02 5.0754006996e+01 0.0000000000e+00 7.3142495503e-04
7.7422462990e-01 6.7398854596e+00 1.0424254696e+01 1.3417986891e+02 4.9770826860e+01 0.0000000000e+00 7.4185236974e-04
7.7452998156e-01 6.8828666954e+00 1.0472647550e+01 1.3765873326e+02 5.0000508273e+01 0.0000000000e+00 7.2644149905e-04
7.7567751289e-01 6.6371452095e+00 1.0558028382e+01 1.3011354461e+02 4.9009604470e+01 0.0000000000e+00 7.5333593618e-04
7.7603665343e-01 6.6692295854e+00 1.0680459877e+01 1.3105218408e+02 4.9125683261e+01 0.0000000000e+00 7.4971178245e-04
7.7717693646e-01 6.3660506499e+00 1.0781849671e+01 1.2229437921e+02 4.8025999923e+01 0.0000000000e+00 7.8541630832e-04
7.7760748605e-01 6.4320057567e+00 1.0913548515e+01 1.2521228112e+02 4.8667665210e+01 0.0000000000e+00 7.7736248834e-04
7.7873166144e-01 6.1823453434e+00 1.0934225804e+01 1.1739299994e+02 4.7471062122e+01 0.0000000000e+00 8.0875456195e-04
7.7922499517e-01 6.3463573452e+00 1.0982200647e+01 1.2264293426e+02 4.8312333987e+01 0.0000000000e+00 7.8785352417e-04
7.8030736848e-01 6.1675247242e+00 1.0971338479e+01 1.1784193131e+02 4.7767109408e+01 0.0000000000e+00 8.1069800668e-04
7.8084639119e-01 6.4457984826e+00 1.0955730055e+01 1.2373389255e+02 4.7990133760e+01 0.0000000000e+00 7.7569908732e-04
7.8185876666e-01 6.1056843780e+00 1.0944334563e+01 1.1908071875e+02 4.8758137245e+01 0.0000000000e+00 8.1890901829e-04
7.8248420922e-01 6.5882687478e+00 1.0934878273e+01 1.2485776483e+02 4.7378821967e+01 0.0000000000e+00 7.5892471777e-04
7.8337661609e-01 6.0843941004e+00 1.0925499781e+01 1.2052783280e+02 4.9523350564e+01 0.0000000000e+00 8.2177451320e-04
7.8412775825e-01 6.7894574860e+00 1.0903625594e+01 1.2624091692e+02 4.6484169457e+01 0.0000000000e+00 7.3643586550e-04
7.8484948782e-01 6.0400602272e+00 1.0876061039e+01 1.2286769037e+02 5.0855325009e+01 0.0000000000e+00 8.2780631516e-04
7.8578337088e-01 6.9227919467e+00 1.0857330209e+01 1.2863354485e+02 4.6452914459e+01 0.0000000000e+00 7.2225195246e-04
7.8629399173e-01 5.9457888665e+00 1.0838799722e+01 1.2164699496e+02 5.1148383206e+01 0.0000000000e+00 8.4093130656e-04
7.8746523349e-01 6.9494759527e+00 1.1035573644e+01 1.2861480037e+02 4.6267805387e+01 0.0000000000e+00 7.1947871092e-04
7.8773294915e-01 5.5459184151e+00 1.1011087081e+01 1.1130781549e+02 5.0175555767e+01 0.0000000000e+00 9.0156392968e-04
7.8926836135e-01 6.8054317729e+00 1.1268245739e+01 1.2318564375e+02 4.5252692209e+01 0.0000000000e+00 7.3470724075e-04
7.8923536249e-01 5.2144417907e+00 1.1221587571e+01 1.0334112901e+02 4.9545633625e+01 0.0000000000e+00 9.5887540808e-04
7.9115311331e-01 7.1574463006e+00 1.1399191007e+01 1.2390682673e+02 4.3278992789e+01 0.0000000000e+00 6.9857317681e-04
7.9089281108e-01 4.8049960370e+00 1.1371131025e+01 9.6126800355e+01 5.0013985243e+01 0.0000000000e+00 1.0405835846e-03
7.9297397825e-01 7.1437979544e+00 1.1484996745e+01 1.2186914017e+02 4.2648581661e+01 0.0000000000e+00 6.9990781261e-04
7.9263330248e-01 4.7985056768e+00 1.1462065392e+01 9.2821290433e+01 4.8359477244e+01 0.0000000000e+00 1.0419910566e-03
7.9471728459e-01 7.8426841073e+00 1.1484777502e+01 1.2325189250e+02 3.9288810698e+01 0.0000000000e+00 6.3753683453e-04
7.9431283037e-01 3.6889097091e+00 1.1441033130e+01 9.1835793997e+01 6.2237762129e+01 0.0000000000e+00 1.3554140367e-03
7.9702365844e-01 7.7338684187e+00 1.1415067529e+01 1.2797741244e+02 4.1369145916e+01 0.0000000000e+00 6.4650699098e-04
7.9631475139e-01 5.1280348312e+00 1.1383817661e+01 9.1349817245e+01 4.4534514806e+01 0.0000000000e+00 9.7503237880e-04
7.9826481615e-01 4.2303817123e+00 1.1415974657e+01 1.3050605324e+02 7.7124277499e+01 0.0000000000e+00 1.1819264407e-03
7.9867860428e-01 7.1184660002e-01 1.1369544249e+01 8.8468423189e+01 3.1070044861e+02 0.0000000000e+00 7.0239852236e-03
8.1231278660e-01 9.6689988394e-01 1.1635985932e+01 1.3383839522e+02 3.4605029292e+02 0.0000000000e+00 5.1711662014e-03
8.1066686164e-01 7.4370480044e-01 1.1797837750e+01 8.0471296644e+01 2.7050819289e+02 0.0000000000e+00 6.7230976552e-03
8.2411305695e-01 9.5239880305e-01 1.2384162720e+01 1.1749979227e+02 3.0843117371e+02 0.0000000000e+00 5.2499016000e-03
8.2263986089e-01 7.2691792148e-01 1.2696454789e+01 7.9706093729e+01 2.7412343049e+02 0.0000000000e+00 6.8783556606e-03
8.3639657221e-01 1.0259470273e+00 1.2472534560e+01 1.2887986871e+02 3.1405098235e+02 0.0000000000e+00 4.8735459697e-03
8.3439176252e-01 6.8420035257e-01 1.1870528665e+01 7.4019278164e+01 2.7045907637e+02 0.0000000000e+00 7.3078009697e-03
8.4900736446e-01 1.1679051710e+00 1.2475384095e+01 1.4535025376e+02 3.1113453678e+02 0.0000000000e+00 4.2811695024e-03
8.4598073300e-01 6.3116185165e-01 1.3005278711e+01 6.7473800769e+01 2.6726029383e+02 0.0000000000e+00 7.9218983006e-03
8.6182452960e-01 9.8651305244e-01 1.4002664889e+01 1.1451032157e+02 2.9018957551e+02 0.0000000000e+00 5.0683566605e-03
8.5897098796e-01 6.0090445760e-01 1.4919683917e+01 6.1933429788e+01 2.5766754184e+02 0.0000000000e+00 8.3207903299e-03
8.7561256862e-01 8.4452353755e-01 1.1774979288e+01 9.7854691440e+01 2.8967425741e+02 0.0000000000e+00 5.9204981006e-03
8.7321227639e-01 3.7913685023e-01 6.5317154684e+00 2.8818429766e+01 1.9002656790e+02 0.0000000000e+00 1.3187850236e-02
8.9958797686e-01 3.2697115055e-01 1.6529042484e+00 2.0832765300e+01 1.5928595891e+02 0.0000000000e+00 1.5291868997e-02
9.0379601438e-01 3.0154661011e-01 4.8087156957e-01 1.8643972935e+01 1.5456957822e+02 0.0000000000e+00 1.6581184574e-02
9.3275034601e-01 3.0142030705e-01 2.0672853856e-01 1.8597621173e+01 1.5424990236e+02 0.0000000000e+00 1.6588132528e-02
9.3697227944e-01 3.0364261660e-01 5.7160786833e-02 1.8914230417e+01 1.5572773207e+02 0.0000000000e+00 1.6466726759e-02
9.6568379953e-01 3.1003538316e-01 1.0163229714e-02 1.9358713023e+01 1.5610083618e+02 0.0000000000e+00 1.6127191513e-02
9.6922666246e-01 3.0489549853e-01 -2.7147602570e-02 1.9141681939e+01 1.5695280868e+02 0.0000000000e+00 1.6399061397e-02
9.9848192232e-01 3.0967983077e-01 -3.8178440367e-02 1.9286761698e+01 1.5569920755e+02 0.0000000000e+00 1.6145707609e-02
