# x  rho  v  p  e  w  vol
1.5170836007e-02 1.5286289047e-01 2.6324134666e-01 7.2288976376e+01 1.1822518885e+03 6.5418100947e-02 3.2709050474e-02
5.0208429397e-02 1.5506000650e-01 7.5872643901e-01 7.3696430363e+01 1.1881921075e+03 6.4491162007e-02 3.2245581003e-02
7.9989289741e-02 1.5716103971e-01 1.6317456462e+00 7.4942372921e+01 1.1921270860e+03 6.3629001301e-02 3.1814500650e-02
1.1268245674e-01 1.5909598009e-01 2.0601983017e+00 7.6257497775e+01 1.1982939124e+03 6.2855139357e-02 3.1427569679e-02
1.4432137592e-01 1.6096821697e-01 2.3939475975e+00 7.7555687377e+01 1.2045186441e+03 6.2124065162e-02 3.1062032581e-02
1.7378311678e-01 1.6238249034e-01 2.8165159223e+00 7.8379079419e+01 1.2067046031e+03 6.1582994442e-02 3.0791497221e-02
2.0611279046e-01 1.6389635599e-01 2.9062767754e+00 7.9616511179e+01 1.2144338216e+03 6.1014169226e-02 3.0507084613e-02
2.3526993730e-01 1.6595258531e-01 3.6061342237e+00 8.0928921039e+01 1.2191572805e+03 6.0258175438e-02 3.0129087719e-02
2.6546344659e-01 1.6873324484e-01 3.5948391099e+00 8.2736817219e+01 1.2258523402e+03 5.9265143687e-02 2.9632571844e-02
2.9582629689e-01 1.7156136452e-01 4.1861433579e+00 8.4759865123e+01 1.2351246063e+03 5.8288181772e-02 2.9144090886e-02
3.2229664413e-01 1.7383892283e-01 4.3063167751e+00 8.6321914768e+01 1.2414066045e+03 5.7524516589e-02 2.8762258294e-02
3.5466464946e-01 1.7699206644e-01 4.5079741441e+00 8.8514410928e+01 1.2502595838e+03 5.6499707594e-02 2.8249853797e-02
3.7805800880e-01 1.7945016928e-01 4.6856806973e+00 9.0239196503e+01 1.2571623207e+03 5.5725776355e-02 2.7862888178e-02
4.1056630204e-01 1.8259924128e-01 5.1227026405e+00 9.2349570073e+01 1.2643750519e+03 5.4764740148e-02 2.7382370074e-02
4.3291758153e-01 1.8473220514e-01 5.2552150504e+00 9.3307742213e+01 1.2627433065e+03 5.4132412875e-02 2.7066206437e-02
4.6464892983e-01 1.8626282622e-01 5.9607326030e+00 9.3237837901e+01 1.2514284223e+03 5.3687577940e-02 2.6843788970e-02
4.8724143831e-01 1.8476779139e-01 6.2778980553e+00 8.9185072640e+01 1.2067183351e+03 5.4121986981e-02 2.7060993491e-02
5.1698283459e-01 1.7874258125e-01 7.1760078370e+00 9.1248875799e+01 1.2762610224e+03 5.5946377915e-02 2.7973188958e-02
5.5863403365e-01 1.5308483085e-01 7.9225590672e+00 8.5045187583e+01 1.3888571962e+03 6.5323258644e-02 3.2661629322e-02
5.5848693785e-01 1.5298043109e-01 8.2243112913e+00 8.8795141694e+01 1.4510866040e+03 6.5367837759e-02 3.2683918880e-02
6.2018847128e-01 3.3986477913e+00 9.2853079427e+00 1.3594591165e-14 1.0000000000e-14 3.0000000000e-03 1.4711733334e-03
6.2019250505e-01 3.3981424917e+00 9.2826394945e+00 2.8965182793e+00 2.1309570496e+00 3.0000000000e-03 1.4713920950e-03
6.0952294805e-01 2.7357798327e+00 9.0990785468e+00 1.0943119331e-14 1.0000000000e-14 3.6552649013e-03 1.8276324506e-03
6.0956882135e-01 2.7597959755e+00 9.1370349072e+00 1.1039183902e-14 1.0000000000e-14 3.6234562586e-03 1.8117281293e-03
6.1087076976e-01 2.9351834237e+00 9.1275172879e+00 8.2465022808e+01 7.0238389655e+01 3.4069421077e-03 1.7034710539e-03
6.1502862957e-01 2.2172747414e+00 9.2101999959e+00 7.7622541197e+01 8.7520210901e+01 4.5100410036e-03 2.2550205018e-03
6.1486956757e-01 2.2114396000e+00 9.1926055217e+00 8.8532851702e+01 1.0008508903e+02 4.5219412730e-03 2.2609706365e-03
6.1828389999e-01 3.0200554232e+00 9.2399903359e+00 1.4472511451e+02 1.1980335974e+02 3.3111975109e-03 1.6555987555e-03
6.2350141194e-01 2.3254813845e+00 9.4274597335e+00 1.2799986811e+02 1.3760577591e+02 4.3001849280e-03 2.1500924640e-03
6.2465327191e-01 2.1405545117e+00 9.3425950704e+00 1.2106737766e+02 1.4139721390e+02 4.6716866799e-03 2.3358433400e-03
6.2820469651e-01 1.9838110240e+00 9.5427656809e+00 1.1067142581e+02 1.3946820598e+02 5.0408027170e-03 2.5204013585e-03
6.2984500321e-01 1.9816091576e+00 9.4784945240e+00 1.0878306705e+02 1.3724082097e+02 5.0464038085e-03 2.5232019042e-03
6.3287322173e-01 2.0298004427e+00 9.4989910705e+00 1.1106112848e+02 1.3678823561e+02 4.9265926787e-03 2.4632963393e-03
6.3508359297e-01 2.0861028551e+00 9.2885675545e+00 1.1380775308e+02 1.3638799353e+02 4.7936274932e-03 2.3968137466e-03
6.3742681975e-01 2.2110419556e+00 8.7818891993e+00 1.2221523098e+02 1.3818737210e+02 4.5227545206e-03 2.2613772603e-03
6.3973749387e-01 2.4699134244e+00 7.6836953873e+00 1.4108743014e+02 1.4280604812e+02 4.0487249071e-03 2.0243624536e-03
6.4146101977e-01 2.8199437164e+00 6.3471278734e+00 1.6836114257e+02 1.4925931109e+02 3.5461700679e-03 1.7730850339e-03
6.4337951926e-01 3.3823462666e+00 4.6991273751e+00 2.1543443706e+02 1.5923446336e+02 3.0000000000e-03 1.4782637867e-03
6.4462773649e-01 3.7849990419e+00 3.6878955846e+00 2.5352337111e+02 1.6745273136e+02 3.0000000000e-03 1.3210042974e-03
6.4608423385e-01 4.2499992006e+00 2.5268281008e+00 3.0189214435e+02 1.7758364773e+02 3.0000000000e-03 1.1764708095e-03
6.4706776044e-01 4.5634411437e+00 1.8580229841e+00 3.3471183018e+02 1.8336591820e+02 3.0000000000e-03 1.0956643994e-03
6.4820339173e-01 4.8809755229e+00 1.3201801280e+00 3.6984510259e+02 1.8943195928e+02 3.0000000000e-03 1.0243853870e-03
6.4909327898e-01 5.0533493329e+00 1.1525784290e+00 3.8893768024e+02 1.9241578932e+02 3.0000000000e-03 9.8944277757e-04
6.5008932163e-01 5.1538269872e+00 1.0766419880e+00 4.0188084805e+02 1.9494292739e+02 3.0000000000e-03 9.7015286164e-04
6.5100629915e-01 5.1707082440e+00 1.1949045287e+00 4.0499387167e+02 1.9581160480e+02 3.0000000000e-03 9.6698551999e-04
6.5197152923e-01 5.1322576514e+00 1.3239411353e+00 4.0305879527e+02 1.9633600973e+02 3.0000000000e-03 9.7423012242e-04
6.5296156797e-01 5.0707801498e+00 1.5603983378e+00 3.9755352687e+02 1.9600215111e+02 3.0000000000e-03 9.8604156605e-04
6.5394560471e-01 5.0113952090e+00 1.7186508514e+00 3.9253717460e+02 1.9582230009e+02 3.0000000000e-03 9.9772614042e-04
6.5497875135e-01 4.9700955053e+00 1.7862576279e+00 3.8879420318e+02 1.9556676666e+02 3.0000000000e-03 1.0060168853e-03
6.5598018854e-01 4.9478411284e+00 1.8388007116e+00 3.8706735580e+02 1.9557386027e+02 3.0000000000e-03 1.0105417434e-03
6.5699287109e-01 4.9315726126e+00 1.8021596287e+00 3.8555522893e+02 1.9545247490e+02 3.0000000000e-03 1.0138753685e-03
6.5800769643e-01 4.9082917391e+00 1.8816864471e+00 3.8320185378e+02 1.9518086645e+02 3.0000000000e-03 1.0186843541e-03
6.5900878471e-01 4.8729311372e+00 1.9525512979e+00 3.7951319295e+02 1.9470477946e+02 3.0000000000e-03 1.0260764741e-03
6.6005788584e-01 4.8273785241e+00 2.1161690775e+00 3.7465763526e+02 1.9402747961e+02 3.0000000000e-03 1.0357588441e-03
6.6107946849e-01 4.7862676098e+00 2.2407253822e+00 3.7040251326e+02 1.9347148105e+02 3.0000000000e-03 1.0446553364e-03
6.6216023051e-01 4.7574431273e+00 2.2939639740e+00 3.6727650254e+02 1.9300099482e+02 3.0000000000e-03 1.0509847131e-03
6.6319904766e-01 4.7467414626e+00 2.2949628147e+00 3.6650296942e+02 1.9302871892e+02 3.0000000000e-03 1.0533541882e-03
6.6427300374e-01 4.7458053579e+00 2.2458924808e+00 3.6613962051e+02 1.9287538832e+02 3.0000000000e-03 1.0535619611e-03
6.6530621131e-01 4.7418686708e+00 2.2489706731e+00 3.6593331194e+02 1.9292674331e+02 3.0000000000e-03 1.0544366255e-03
6.6636240427e-01 4.7244713676e+00 2.2738449252e+00 3.6369755398e+02 1.9245409999e+02 3.0000000000e-03 1.0583194629e-03
6.6742071454e-01 4.6886697875e+00 2.3751459877e+00 3.5979126175e+02 1.9184079817e+02 3.0000000000e-03 1.0664005414e-03
6.6847903961e-01 4.6392850180e+00 2.4930878901e+00 3.5392492828e+02 1.9072169898e+02 3.0000000000e-03 1.0777522788e-03
6.6956972905e-01 4.5852682640e+00 2.6340080713e+00 3.4787280441e+02 1.8966873059e+02 3.0000000000e-03 1.0904487398e-03
6.7067481427e-01 4.5387848794e+00 2.7853185321e+00 3.4261651412e+02 1.8871599075e+02 3.0000000000e-03 1.1016164310e-03
6.7179020370e-01 4.5035407742e+00 2.8852144940e+00 3.3808274902e+02 1.8767607865e+02 3.0000000000e-03 1.1102375333e-03
6.7289179563e-01 4.4772295857e+00 2.9232942880e+00 3.3484659481e+02 1.8697198144e+02 3.0000000000e-03 1.1167620298e-03
6.7401420335e-01 4.4588563844e+00 2.9007519711e+00 3.3230091087e+02 1.8631510090e+02 3.0000000000e-03 1.1213637689e-03
6.7515980118e-01 4.4481893500e+00 2.9392894005e+00 3.3036256567e+02 1.8567249485e+02 3.0000000000e-03 1.1240528688e-03
6.7626953859e-01 4.4390744324e+00 3.0281461067e+00 3.2844696195e+02 1.8497491254e+02 3.0000000000e-03 1.1263609286e-03
6.7738896804e-01 4.4203778056e+00 3.1201544095e+00 3.2581296687e+02 1.8426760178e+02 3.0000000000e-03 1.1311250350e-03
6.7852725574e-01 4.3880919239e+00 3.1703933709e+00 3.2151353640e+02 1.8317388398e+02 3.0000000000e-03 1.1394474151e-03
6.7966797920e-01 4.3512497222e+00 3.2060698648e+00 3.1654059045e+02 1.8186763037e+02 3.0000000000e-03 1.1490951610e-03
6.8082391587e-01 4.3226869704e+00 3.2894422627e+00 3.1260003374e+02 1.8079034862e+02 3.0000000000e-03 1.1566879661e-03
6.8200347430e-01 4.3076374056e+00 3.4232518604e+00 3.0986145021e+02 1.7983259792e+02 3.0000000000e-03 1.1607290794e-03
6.8316087138e-01 4.2961626864e+00 3.5507413725e+00 3.0700870184e+02 1.7865286085e+02 3.0000000000e-03 1.1638292972e-03
6.8430378013e-01 4.2755621921e+00 3.6320737410e+00 3.0308988818e+02 1.7722224269e+02 3.0000000000e-03 1.1694368542e-03
6.8548945397e-01 4.2443924493e+00 3.6515906466e+00 2.9817938778e+02 1.7563137206e+02 3.0000000000e-03 1.1780249022e-03
6.8667719852e-01 4.2160630215e+00 3.6803286336e+00 2.9318494967e+02 1.7384995681e+02 3.0000000000e-03 1.1859405266e-03
6.8786491008e-01 4.2022862638e+00 3.7954179735e+00 2.8945533149e+02 1.7220110276e+02 3.0000000000e-03 1.1898285091e-03
6.8907027826e-01 4.2006408501e+00 3.9765340947e+00 2.8668665846e+02 1.7062078662e+02 3.0000000000e-03 1.1902945713e-03
6.9025608207e-01 4.1966823416e+00 4.1242011688e+00 2.8344797325e+02 1.6885241137e+02 3.0000000000e-03 1.1914173133e-03
6.9143007500e-01 4.1778224818e+00 4.1995926120e+00 2.7886311991e+02 1.6687109201e+02 3.0000000000e-03 1.1967957044e-03
6.9263379540e-01 4.1462725213e+00 4.2270920860e+00 2.7302947627e+02 1.6462345086e+02 3.0000000000e-03 1.2059024037e-03
6.9385586909e-01 4.1202016956e+00 4.2711481516e+00 2.6739281810e+02 1.6224498087e+02 3.0000000000e-03 1.2135328242e-03
6.9508097254e-01 4.1132148318e+00 4.3903541454e+00 2.6354576871e+02 1.6018235096e+02 3.0000000000e-03 1.2155941774e-03
6.9629569387e-01 4.1196955447e+00 4.5844528430e+00 2.6115248910e+02 1.5847802724e+02 3.0000000000e-03 1.2136819204e-03
6.9750780328e-01 4.1222974646e+00 4.7599296054e+00 2.5832128273e+02 1.5666099120e+02 3.0000000000e-03 1.2129158662e-03
6.9871087164e-01 4.1069787405e+00 4.8456176350e+00 2.5395193833e+02 1.5458561778e+02 3.0000000000e-03 1.2174399518e-03
6.9992365135e-01 4.0745603593e+00 4.8679461149e+00 2.4822854972e+02 1.5230388547e+02 3.0000000000e-03 1.2271262564e-03
7.0116578963e-01 4.0409523679e+00 4.8831460333e+00 2.4248452412e+02 1.5001694034e+02 3.0000000000e-03 1.2373320804e-03
7.0241996025e-01 4.0258723463e+00 4.9754950840e+00 2.3858967747e+02 1.4816023519e+02 3.0000000000e-03 1.2419668509e-03
7.0366655416e-01 4.0321157390e+00 5.1629825094e+00 2.3661603741e+02 1.4670712147e+02 3.0000000000e-03 1.2400437695e-03
7.0490612302e-01 4.0416916871e+00 5.3743328907e+00 2.3486603877e+02 1.4527706277e+02 3.0000000000e-03 1.2371057436e-03
7.0612822965e-01 4.0334652948e+00 5.5106128495e+00 2.3170723939e+02 1.4361549093e+02 3.0000000000e-03 1.2396288637e-03
7.0736309836e-01 4.0004838179e+00 5.5427766490e+00 2.2665492141e+02 1.4164219363e+02 3.0000000000e-03 1.2498488252e-03
7.0862132328e-01 3.9556349762e+00 5.5310438481e+00 2.2079600947e+02 1.3954523787e+02 3.0000000000e-03 1.2640195645e-03
7.0990376341e-01 3.9243984024e+00 5.5675966952e+00 2.1617679813e+02 1.3771333588e+02 3.0000000000e-03 1.2740806328e-03
7.1119366421e-01 3.9232322265e+00 5.7047536100e+00 2.1395262709e+02 1.3633696321e+02 3.0000000000e-03 1.2744593517e-03
7.1247160059e-01 3.9426742528e+00 5.9215951227e+00 2.1322661298e+02 1.3520430507e+02 3.0000000000e-03 1.2681747665e-03
7.1372745424e-01 3.9553157875e+00 6.1336846541e+00 2.1193725479e+02 1.3395722755e+02 3.0000000000e-03 1.2641215692e-03
7.1497582082e-01 3.9403914077e+00 6.2354230124e+00 2.0864033775e+02 1.3237285092e+02 3.0000000000e-03 1.2689094769e-03
7.1624635916e-01 3.8973721249e+00 6.2378530297e+00 2.0335454761e+02 1.3044337382e+02 3.0000000000e-03 1.2829157288e-03
7.1754003681e-01 3.8476093537e+00 6.2057296638e+00 1.9765765752e+02 1.2842887580e+02 3.0000000000e-03 1.2995082245e-03
7.1886029122e-01 3.8201116499e+00 6.2681967367e+00 1.9365104498e+02 1.2673127301e+02 3.0000000000e-03 1.3088622685e-03
7.2018793395e-01 3.8273273208e+00 6.4747015633e+00 1.9217159812e+02 1.2552597545e+02 3.0000000000e-03 1.3063946668e-03
7.2148801500e-01 3.8508808731e+00 6.7371890117e+00 1.9185899977e+02 1.2455526806e+02 3.0000000000e-03 1.2984042261e-03
7.2277119261e-01 3.8580480620e+00 6.9533172791e+00 1.9040582777e+02 1.2338222898e+02 3.0000000000e-03 1.2959921493e-03
7.2405664959e-01 3.8268873727e+00 7.0616805774e+00 1.8641046176e+02 1.2177681468e+02 3.0000000000e-03 1.3065448530e-03
7.2535723028e-01 3.7643624850e+00 7.0724523323e+00 1.8046594278e+02 1.1985159738e+02 3.0000000000e-03 1.3282461559e-03
7.2671562858e-01 3.7011844167e+00 7.0779403576e+00 1.7466172769e+02 1.1797691497e+02 3.0000000000e-03 1.3509189051e-03
7.2809388269e-01 3.6716305943e+00 7.1962742336e+00 1.7117868603e+02 1.1655494856e+02 3.0000000000e-03 1.3617927707e-03
7.2945837065e-01 3.6792778090e+00 7.4313434247e+00 1.7017116999e+02 1.1562810613e+02 3.0000000000e-03 1.3589623452e-03
7.3081698778e-01 3.7014578829e+00 7.6815499608e+00 1.7017447719e+02 1.1493746692e+02 3.0000000000e-03 1.3508190984e-03
7.3215983392e-01 3.7095644399e+00 7.8814818090e+00 1.6938330364e+02 1.1415309424e+02 3.0000000000e-03 1.3478671367e-03
7.3348710707e-01 3.6856592451e+00 7.9613377129e+00 1.6661978493e+02 1.1301898375e+02 3.0000000000e-03 1.3566094062e-03
7.3485022058e-01 3.6315768219e+00 7.9485909755e+00 1.6197610467e+02 1.1150535471e+02 3.0000000000e-03 1.3768124000e-03
7.3624559589e-01 3.5726325013e+00 7.9088815228e+00 1.5715174310e+02 1.0996914953e+02 3.0000000000e-03 1.3995282185e-03
7.3766360674e-01 3.5427865119e+00 7.9825045236e+00 1.5423242953e+02 1.0883553738e+02 3.0000000000e-03 1.4113184589e-03
7.3909675617e-01 3.5562532948e+00 8.2229404157e+00 1.5391624879e+02 1.0820112913e+02 3.0000000000e-03 1.4059740928e-03
7.4049927355e-01 3.5850403422e+00 8.5491229034e+00 1.5445241283e+02 1.0770618884e+02 3.0000000000e-03 1.3946844450e-03
7.4185841344e-01 3.5803956479e+00 8.7703661684e+00 1.5299839886e+02 1.0683065079e+02 3.0000000000e-03 1.3964937096e-03
7.4324961696e-01 3.5199540424e+00 8.8138003951e+00 1.4832215658e+02 1.0534381614e+02 3.0000000000e-03 1.4204730914e-03
7.4468263607e-01 3.4316630178e+00 8.7634692217e+00 1.4210920122e+02 1.0352794001e+02 3.0000000000e-03 1.4570195191e-03
7.4619120298e-01 3.3693943678e+00 8.9037198902e+00 1.3744480358e+02 1.0198034764e+02 3.0000000000e-03 1.4839462094e-03
7.4768923306e-01 3.3560154514e+00 9.2006740778e+00 1.3557029472e+02 1.0099051739e+02 3.0000000000e-03 1.4898620321e-03
7.4916996024e-01 3.3598944304e+00 9.4887778145e+00 1.3469971952e+02 1.0022615465e+02 3.0000000000e-03 1.4881419948e-03
7.5065437176e-01 3.3523897323e+00 9.6425851482e+00 1.3320836956e+02 9.9338367704e+01 3.0000000000e-03 1.4914733666e-03
7.5214956299e-01 3.3304595380e+00 9.6757313268e+00 1.3085558735e+02 9.8226375261e+01 3.0025886476e-03 1.5012943238e-03
7.5367030648e-01 3.2912954467e+00 9.9558871300e+00 1.2767307406e+02 9.6977828435e+01 3.0383173319e-03 1.5191586659e-03
7.5521390697e-01 3.2224154505e+00 1.0177853768e+01 1.2310105538e+02 9.5503712412e+01 3.1032621813e-03 1.5516310906e-03
7.5669804598e-01 3.1579529436e+00 1.0082712157e+01 1.1905744748e+02 9.4252075318e+01 3.1666082993e-03 1.5833041496e-03
7.5847616260e-01 3.1465338228e+00 1.0227008227e+01 1.1861546621e+02 9.4242961378e+01 3.1781002726e-03 1.5890501363e-03
7.5982388506e-01 3.1613737307e+00 1.0170441388e+01 1.2052748452e+02 9.5312587807e+01 3.1631818481e-03 1.5815909240e-03
7.6176219827e-01 3.0791152967e+00 1.0356639120e+01 1.1965445329e+02 9.7150026683e+01 3.2476861165e-03 1.6238430582e-03
7.6285992699e-01 2.9639632060e+00 1.0403338954e+01 1.1804492952e+02 9.9566797325e+01 3.3738610451e-03 1.6869305226e-03
7.6886513839e-01 2.9201407823e+00 1.0536235116e+01 1.2476046628e+02 1.0681031805e+02 3.4244924288e-03 1.7122462144e-03
7.6641731526e-01 2.7420195692e+00 1.0498309559e+01 1.3227752529e+02 1.2060228050e+02 3.6469469848e-03 1.8234734924e-03
7.6534078060e-01 2.7486230799e+00 1.0483068602e+01 1.4661335610e+02 1.3335163811e+02 3.6381852692e-03 1.8190926346e-03
7.6998832283e-01 3.1042600328e+00 1.0433826722e+01 1.3939814645e+02 1.1226358695e+02 3.2213796185e-03 1.6106898092e-03
7.7207892271e-01 3.8517042231e+00 1.0711227570e+01 1.2795126195e+02 8.3048473179e+01 3.0000000000e-03 1.2981266760e-03
7.7316138784e-01 4.4442804145e+00 1.0714463289e+01 1.2062598010e+02 6.7854618101e+01 3.0000000000e-03 1.1250415216e-03
7.7414304619e-01 5.0082860626e+00 1.0796888614e+01 1.1888075965e+02 5.9342037456e+01 3.0000000000e-03 9.9834552929e-04
7.7521034405e-01 5.5672398649e+00 1.0749083442e+01 1.2189219525e+02 5.4736367665e+01 3.0000000000e-03 8.9811111454e-04
7.7600243345e-01 5.9310442667e+00 1.0744571534e+01 1.2312829948e+02 5.1899924339e+01 3.0000000000e-03 8.4302186515e-04
7.7678831700e-01 6.2332755886e+00 1.0758302702e+01 1.2502227031e+02 5.0143086300e+01 3.0000000000e-03 8.0214646840e-04
7.7753977000e-01 6.4649597719e+00 1.0735765756e+01 1.2752911065e+02 4.9315508196e+01 3.0000000000e-03 7.7340001739e-04
7.7833295438e-01 6.6514440963e+00 1.0806969286e+01 1.3084408902e+02 4.9178827606e+01 3.0000000000e-03 7.5171645850e-04
7.7901658218e-01 6.7745720444e+00 1.0802042007e+01 1.3402861779e+02 4.9460178779e+01 3.0000000000e-03 7.3805400064e-04
7.7974072198e-01 6.8748385614e+00 1.0792716192e+01 1.3682314509e+02 4.9755039289e+01 3.0000000000e-03 7.2728980548e-04
7.8052707254e-01 6.9550709758e+00 1.0789265358e+01 1.3876322324e+02 4.9878435362e+01 3.0000000000e-03 7.1889992459e-04
7.8122596863e-01 6.9999200679e+00 1.0820197190e+01 1.3953819947e+02 4.9835640307e+01 3.0000000000e-03 7.1429387072e-04
7.8188014756e-01 7.0157201123e+00 1.0881897889e+01 1.3951307767e+02 4.9714453910e+01 3.0000000000e-03 7.1268521548e-04
7.8256378056e-01 7.0096176479e+00 1.0961635695e+01 1.3897473188e+02 4.9565731992e+01 3.0000000000e-03 7.1330566818e-04
7.8329352468e-01 6.9859257483e+00 1.1035781515e+01 1.3795293375e+02 4.9368164906e+01 3.0000000000e-03 7.1572475577e-04
7.8404448064e-01 6.9525007389e+00 1.1081900193e+01 1.3658536555e+02 4.9113754416e+01 3.0000000000e-03 7.1916569128e-04
7.8477532946e-01 6.9168574300e+00 1.1132051179e+01 1.3506110390e+02 4.8815920115e+01 3.0000000000e-03 7.2287162930e-04
7.8549294253e-01 6.8750045314e+00 1.1224451054e+01 1.3343481414e+02 4.8521718613e+01 3.0000000000e-03 7.2727224792e-04
7.8619987270e-01 6.8205361058e+00 1.1353912097e+01 1.3163319039e+02 4.8248843035e+01 3.0000000000e-03 7.3308020402e-04
7.8689346508e-01 6.7522012530e+00 1.1462131976e+01 1.2957562986e+02 4.7975328713e+01 3.0000000000e-03 7.4049925538e-04
7.8764766819e-01 6.6686812976e+00 1.1519031272e+01 1.2730470493e+02 4.7724842158e+01 3.0000000000e-03 7.4977342249e-04
7.8844472572e-01 6.5875648397e+00 1.1518062935e+01 1.2552442392e+02 4.7636883650e+01 3.0000000000e-03 7.5900581196e-04
7.8923686103e-01 6.5314220905e+00 1.1507515410e+01 1.2474124133e+02 4.7746585506e+01 3.0000000000e-03 7.6553006845e-04
7.8995330729e-01 6.5071324711e+00 1.1551026950e+01 1.2483711104e+02 4.7961645009e+01 3.0000000000e-03 7.6838761501e-04
7.9073700062e-01 6.5071893438e+00 1.1616202691e+01 1.2568862408e+02 4.8288369002e+01 3.0000000000e-03 7.6838089931e-04
7.9158910004e-01 6.5452982714e+00 1.1633268976e+01 1.2766618036e+02 4.8762552546e+01 3.0000000000e-03 7.6390712732e-04
7.9233335190e-01 6.6222964303e+00 1.1607430358e+01 1.3061589394e+02 4.9309138950e+01 3.0000000000e-03 7.5502509630e-04
7.9295260752e-01 6.7251552086e+00 1.1586577240e+01 1.3432413036e+02 4.9933468521e+01 3.0000000000e-03 7.4347726482e-04
7.9376047684e-01 6.9027722477e+00 1.1574759827e+01 1.3912694584e+02 5.0388069041e+01 3.0000000000e-03 7.2434665676e-04
7.9476813005e-01 7.1076046769e+00 1.1556510796e+01 1.4283732252e+02 5.0241019659e+01 3.0000000000e-03 7.0347187657e-04
7.9591332027e-01 7.1781651736e+00 1.1554183219e+01 1.4266675838e+02 4.9687752696e+01 3.0000000000e-03 6.9655683299e-04
7.9710894946e-01 6.9947628813e+00 1.1572716200e+01 1.3739327871e+02 4.9105767071e+01 3.0000000000e-03 7.1482051427e-04
7.9842982395e-01 6.5472803530e+00 1.1786497142e+01 1.2416008467e+02 4.7409030154e+01 3.0000000000e-03 7.6367586699e-04
7.9875458600e-01 6.4014431043e+00 1.1782182847e+01 1.1745664270e+02 4.5871157795e+01 3.0000000000e-03 7.8107387952e-04
7.9922498081e-01 6.1724445001e+00 1.1721474347e+01 1.1627069860e+02 4.7092646438e+01 3.0000000000e-03 8.1005183601e-04
7.9992500915e-01 5.7888445466e+00 1.1770954463e+01 1.1260842273e+02 4.8631649126e+01 3.0000000000e-03 8.6373022453e-04
8.0198936509e-01 4.3493039484e+00 1.2028364401e+01 8.6402248513e+01 4.9664411557e+01 3.0000000000e-03 1.1496092385e-03
8.0356348595e-01 2.8933179148e+00 1.1898052799e+01 5.3637695560e+01 4.6346182082e+01 3.4562396164e-03 1.7281198082e-03
8.0194482207e-01 4.3860652490e+00 1.1690487024e+01 7.7419390703e+01 4.4128043194e+01 3.0000000000e-03 1.1399739211e-03
7.9610010897e-01 7.1662012605e+00 1.1530766545e+01 8.1541625776e+01 2.8446600511e+01 3.0000000000e-03 6.9771972880e-04
7.9538393242e-01 7.1734421234e+00 1.1604713044e+01 6.5533312999e+01 2.2838865872e+01 3.0000000000e-03 6.9701545143e-04
8.1228473304e-01 8.5173534906e-01 1.1922080730e+01 1.1567269328e+02 3.3952064278e+02 1.1740736147e-02 5.8703680733e-03
8.1222716304e-01 8.5325661738e-01 1.1926233548e+01 1.1384772919e+02 3.3356825741e+02 1.1719803628e-02 5.8599018140e-03
8.2151588104e-01 8.9028957471e-01 1.2358249038e+01 1.1698179722e+02 3.2849367371e+02 1.1232300461e-02 5.6161502303e-03
8.2588239654e-01 9.1349548675e-01 1.2703747559e+01 1.1244529934e+02 3.0773359303e+02 1.0946961583e-02 5.4734807917e-03
8.3179687370e-01 9.4128876449e-01 1.2963855876e+01 1.1649568054e+02 3.0940473566e+02 1.0623732458e-02 5.3118662292e-03
8.3688534481e-01 9.4426439977e-01 1.2962906762e+01 1.1530525273e+02 3.0527798346e+02 1.0590254173e-02 5.2951270865e-03
8.4214392747e-01 9.3578527573e-01 1.2820333308e+01 1.1245577276e+02 3.0043156181e+02 1.0686212168e-02 5.3431060839e-03
8.4782783217e-01 9.2990262203e-01 1.3108307838e+01 1.0968420357e+02 2.9488088583e+02 1.0753814177e-02 5.3769070885e-03
8.5290833126e-01 9.1455120945e-01 1.3125943015e+01 1.0662508531e+02 2.9146832952e+02 1.0934324832e-02 5.4671624162e-03
8.5899469655e-01 8.4717170379e-01 1.2812458399e+01 9.2998455391e+01 2.7443803592e+02 1.1803982540e-02 5.9019912700e-03
8.6451349682e-01 7.4022890420e-01 1.1839927113e+01 7.6096431168e+01 2.5700303898e+02 1.3509334671e-02 6.7546673355e-03
8.7307181259e-01 5.7740233425e-01 9.2447552962e+00 5.2967636045e+01 2.2933591061e+02 1.7318946265e-02 8.6594731323e-03
8.8259070426e-01 4.5778918776e-01 6.2440213369e+00 3.6523723136e+01 1.9945710882e+02 2.1844115736e-02 1.0922057868e-02
8.9500563308e-01 3.7144555462e-01 3.3204585391e+00 2.6245571658e+01 1.7664480925e+02 2.6921845949e-02 1.3460922975e-02
9.1052648563e-01 3.2353368177e-01 1.1968592730e+00 2.1105859854e+01 1.6308858276e+02 3.0908682970e-02 1.5454341485e-02
9.2543740075e-01 3.0723976016e-01 4.2087953254e-01 1.9399872967e+01 1.5785613942e+02 3.2547870740e-02 1.6273935370e-02
9.4261344129e-01 3.0202725104e-01 1.2401898978e-01 1.8820282666e+01 1.5578298482e+02 3.3109595129e-02 1.6554797564e-02
9.5870311119e-01 3.0162621289e-01 7.1069676815e-02 1.8710214895e+01 1.5507782559e+02 3.3153617201e-02 1.6576808600e-02
9.7532411977e-01 3.0320776089e-01 2.6336346884e-02 1.8829360275e+01 1.5525130541e+02 3.2980686150e-02 1.6490343075e-02
9.9208428283e-01 3.0511705396e-01 -1.8136780225e-02 1.8964974811e+01 1.5539097672e+02 3.2774307009e-02 1.6387153504e-02
