# x  rho  v  p  e  w  vol
3.7128058043e-03 1.5986907246e-01 -2.2668630325e-02 7.2293038054e+01 1.1305038076e+03 0.0000000000e+00 3.1275592727e-02
5.8838379650e-02 1.4261924924e-01 1.0551370641e+00 7.2565311252e+01 1.2720111703e+03 0.0000000000e+00 3.5058381156e-02
7.3829568117e-02 1.6256821830e-01 1.0819168481e+00 7.3236805487e+01 1.1262472803e+03 0.0000000000e+00 3.0756319115e-02
1.2035101788e-01 1.5074034158e-01 1.9436378872e+00 7.3969825223e+01 1.2267755342e+03 0.0000000000e+00 3.3169621003e-02
1.4016881012e-01 1.6155080717e-01 1.9916043219e+00 7.5347534587e+01 1.1660036849e+03 0.0000000000e+00 3.0950015586e-02
1.8225104905e-01 1.5653036612e-01 2.6449751935e+00 7.6657784489e+01 1.2243276878e+03 0.0000000000e+00 3.1942683863e-02
2.0405417785e-01 1.6498544045e-01 2.6895013276e+00 7.8573109598e+01 1.1906067194e+03 0.0000000000e+00 3.0305704470e-02
2.4286245799e-01 1.6246191316e-01 3.2105562628e+00 8.0220821835e+01 1.2344558222e+03 0.0000000000e+00 3.0776444170e-02
2.6560706619e-01 1.6961247397e-01 3.3248206125e+00 8.2202712190e+01 1.2116253933e+03 0.0000000000e+00 2.9478963917e-02
3.0182038583e-01 1.6828573923e-01 3.8318375363e+00 8.3742189398e+01 1.2440476207e+03 0.0000000000e+00 2.9711370807e-02
3.2502980780e-01 1.7379804693e-01 4.0733136429e+00 8.5430594625e+01 1.2288773685e+03 0.0000000000e+00 2.8769022946e-02
3.5935843172e-01 1.7320445776e-01 4.5998035947e+00 8.6713582035e+01 1.2516072501e+03 0.0000000000e+00 2.8867617292e-02
3.8276504239e-01 1.7665585424e-01 4.9461594200e+00 8.8160359815e+01 1.2476286194e+03 0.0000000000e+00 2.8303619042e-02
4.1596566980e-01 1.7791077627e-01 5.4834796866e+00 8.9302511873e+01 1.2548777784e+03 0.0000000000e+00 2.8103974953e-02
4.3897299229e-01 1.7872142275e-01 5.8871388209e+00 9.0533668269e+01 1.2664076146e+03 0.0000000000e+00 2.7976500651e-02
4.7191867110e-01 1.8268369880e-01 6.4443149859e+00 9.1562455850e+01 1.2530189674e+03 0.0000000000e+00 2.7369710778e-02
4.9371241385e-01 1.7945787321e-01 6.8833011862e+00 9.2639811425e+01 1.2905509489e+03 0.0000000000e+00 2.7861692054e-02
5.2764205521e-01 1.8886907943e-01 7.4893582291e+00 9.3594010525e+01 1.2388741821e+03 0.0000000000e+00 2.6473364592e-02
5.4665914303e-01 1.7754482566e-01 7.8983501874e+00 9.4426737521e+01 1.3296182692e+03 0.0000000000e+00 2.8161902108e-02
5.8396585943e-01 2.0889529658e-01 8.5992798109e+00 9.5331992614e+01 1.1409064035e+03 0.0000000000e+00 2.3935435991e-02
5.9453001502e-01 7.6578358918e-01 8.8265979087e+00 9.6055866671e+01 3.1358685413e+02 0.0000000000e+00 6.5292597943e-03
5.9702437902e-01 1.7344446937e+00 8.8540285449e+00 9.6952999461e+01 1.3974645576e+02 0.0000000000e+00 2.8827670425e-03
6.0029554910e-01 1.8749842053e+00 8.9355641228e+00 9.7664078471e+01 1.3021986824e+02 0.0000000000e+00 2.6666891304e-03
6.0235775728e-01 1.8926575114e+00 8.9617425854e+00 9.8546993667e+01 1.3017013521e+02 0.0000000000e+00 2.6417880519e-03
6.0557912520e-01 1.9108028932e+00 9.0361465223e+00 9.9255356885e+01 1.2986079992e+02 0.0000000000e+00 2.6167010830e-03
6.0759115944e-01 1.9688192554e+00 9.0659640814e+00 1.0010929770e+02 1.2711844602e+02 0.0000000000e+00 2.5395932035e-03
6.1065831161e-01 1.9790140951e+00 9.1314715227e+00 1.0081622316e+02 1.2735662597e+02 0.0000000000e+00 2.5265105551e-03
6.1264418055e-01 2.0509120422e+00 9.1641353063e+00 1.0163259159e+02 1.2388706767e+02 0.0000000000e+00 2.4379397541e-03
6.1553419112e-01 2.0498836336e+00 9.2211922787e+00 1.0233381132e+02 1.2480441529e+02 0.0000000000e+00 2.4391628471e-03
6.1752250625e-01 2.0990026756e+00 9.2558582994e+00 1.0310848501e+02 1.2280651927e+02 0.0000000000e+00 2.3820836715e-03
6.2029835846e-01 2.0785370569e+00 9.3065473740e+00 1.0379674785e+02 1.2484351374e+02 0.0000000000e+00 2.4055380602e-03
6.2233358237e-01 2.1067840508e+00 9.3427092974e+00 1.0452758802e+02 1.2403690352e+02 0.0000000000e+00 2.3732854813e-03
6.2504492942e-01 2.0847341366e+00 9.3886221468e+00 1.0519487028e+02 1.2614902356e+02 0.0000000000e+00 2.3983873589e-03
6.2713035709e-01 2.1108617885e+00 9.4252341981e+00 1.0588101637e+02 1.2540022391e+02 0.0000000000e+00 2.3687007966e-03
6.2978233102e-01 2.0971339083e+00 9.4669611698e+00 1.0652147750e+02 1.2698459202e+02 0.0000000000e+00 2.3842063591e-03
6.3189876980e-01 2.1244132015e+00 9.5026065880e+00 1.0716869507e+02 1.2611564337e+02 0.0000000000e+00 2.3535910982e-03
6.3448951321e-01 2.1165810747e+00 9.5386682828e+00 1.0781256889e+02 1.2734282917e+02 0.0000000000e+00 2.3623002491e-03
6.3662337030e-01 2.1449686409e+00 9.5613040294e+00 1.0864327051e+02 1.2662570963e+02 0.0000000000e+00 2.3310364099e-03
6.3915158603e-01 2.1493457595e+00 9.5279760278e+00 1.1006172475e+02 1.2801770523e+02 0.0000000000e+00 2.3262892803e-03
6.4127594886e-01 2.2067822421e+00 9.3747032981e+00 1.1339728177e+02 1.2846451227e+02 0.0000000000e+00 2.2657423576e-03
6.4368307075e-01 2.2887255125e+00 8.8405817712e+00 1.2154841972e+02 1.3276867306e+02 0.0000000000e+00 2.1846219534e-03
6.4564519277e-01 2.5524258893e+00 7.6662058260e+00 1.4429295932e+02 1.4132923499e+02 0.0000000000e+00 1.9589207354e-03
6.4760091222e-01 2.9873851771e+00 5.3980332319e+00 1.9175463782e+02 1.6047029965e+02 0.0000000000e+00 1.6737044952e-03
6.4899260176e-01 3.7849442284e+00 3.2547866703e+00 2.7248842342e+02 1.7998179562e+02 0.0000000000e+00 1.3210234282e-03
6.5024295908e-01 4.4852457761e+00 1.7073803005e+00 3.4892787729e+02 1.9448648676e+02 0.0000000000e+00 1.1147661131e-03
6.5122213399e-01 4.9925627048e+00 1.1513329638e+00 3.9044990454e+02 1.9551577398e+02 0.0000000000e+00 1.0014896749e-03
6.5224593843e-01 5.1203522513e+00 1.0241385488e+00 4.0460848621e+02 1.9754914620e+02 0.0000000000e+00 9.7649531801e-04
6.5317512462e-01 5.1601577385e+00 1.0797303495e+00 4.0352479109e+02 1.9550022090e+02 0.0000000000e+00 9.6896262738e-04
6.5418386368e-01 5.0872282682e+00 1.1673387938e+00 3.9913072709e+02 1.9614351177e+02 0.0000000000e+00 9.8285347863e-04
6.5514083158e-01 5.0892007329e+00 1.2499769879e+00 3.9722368486e+02 1.9513068245e+02 0.0000000000e+00 9.8247254577e-04
6.5614880877e-01 5.0687245614e+00 1.2587835119e+00 3.9777947640e+02 1.9619308151e+02 0.0000000000e+00 9.8644144882e-04
6.5711371448e-01 5.0780283181e+00 1.3231987176e+00 3.9636622902e+02 1.9513785873e+02 0.0000000000e+00 9.8463413096e-04
6.5811807703e-01 5.0330950456e+00 1.3852762245e+00 3.9372926940e+02 1.9557015407e+02 0.0000000000e+00 9.9342451407e-04
6.5910056351e-01 5.0258954584e+00 1.4596671330e+00 3.9173981109e+02 1.9486070410e+02 0.0000000000e+00 9.9484759312e-04
6.6010777222e-01 5.0008139205e+00 1.4942525038e+00 3.9075864092e+02 1.9534752099e+02 0.0000000000e+00 9.9983724240e-04
6.6110023799e-01 4.9955602082e+00 1.5597574583e+00 3.8904067850e+02 1.9469321872e+02 0.0000000000e+00 1.0008887475e-03
6.6210954972e-01 4.9643102855e+00 1.6143608093e+00 3.8691669865e+02 1.9484917159e+02 0.0000000000e+00 1.0071892594e-03
6.6311461651e-01 4.9511808638e+00 1.6838460718e+00 3.8485760163e+02 1.9432616795e+02 0.0000000000e+00 1.0098600996e-03
6.6412926992e-01 4.9274819411e+00 1.7295975567e+00 3.8322320461e+02 1.9443156220e+02 0.0000000000e+00 1.0147170623e-03
6.6514405063e-01 4.9144188698e+00 1.7945990936e+00 3.8125022095e+02 1.9394471200e+02 0.0000000000e+00 1.0174142930e-03
6.6616409850e-01 4.8892304910e+00 1.8493711582e+00 3.7910887752e+02 1.9384894935e+02 0.0000000000e+00 1.0226558165e-03
6.6718936227e-01 4.8718532841e+00 1.9180827874e+00 3.7682481097e+02 1.9336830821e+02 0.0000000000e+00 1.0263034842e-03
6.6821670547e-01 4.8495321443e+00 1.9729700814e+00 3.7466127283e+02 1.9314299900e+02 0.0000000000e+00 1.0310272932e-03
6.6925141685e-01 4.8313294671e+00 2.0419648841e+00 3.7222757479e+02 1.9261135952e+02 0.0000000000e+00 1.0349118258e-03
6.7028652912e-01 4.8080474009e+00 2.1044621122e+00 3.6962002961e+02 1.9218822049e+02 0.0000000000e+00 1.0399231919e-03
6.7133126324e-01 4.7880396864e+00 2.1795126092e+00 3.6675594753e+02 1.9149587908e+02 0.0000000000e+00 1.0442687044e-03
6.7237506653e-01 4.7667990833e+00 2.2472813805e+00 3.6382767333e+02 1.9081340905e+02 0.0000000000e+00 1.0489219102e-03
6.7342910706e-01 4.7482450290e+00 2.3261906568e+00 3.6062510181e+02 1.8987283702e+02 0.0000000000e+00 1.0530206359e-03
6.7448110780e-01 4.7273920044e+00 2.4014452578e+00 3.5722905970e+02 1.8891444763e+02 0.0000000000e+00 1.0576656210e-03
6.7554443830e-01 4.7079124999e+00 2.4867571594e+00 3.5357010445e+02 1.8775312012e+02 0.0000000000e+00 1.0620418285e-03
6.7660519146e-01 4.6865833974e+00 2.5678525745e+00 3.4980150772e+02 1.8659729170e+02 0.0000000000e+00 1.0668752855e-03
6.7767818887e-01 4.6671169667e+00 2.6569531928e+00 3.4582483978e+02 1.8524543216e+02 0.0000000000e+00 1.0713251962e-03
6.7874784185e-01 4.6455831127e+00 2.7431873291e+00 3.4171959197e+02 1.8389488665e+02 0.0000000000e+00 1.0762911520e-03
6.7983077117e-01 4.6257939708e+00 2.8363830713e+00 3.3744550655e+02 1.8237166889e+02 0.0000000000e+00 1.0808955244e-03
6.8090963290e-01 4.6048799353e+00 2.9262301567e+00 3.3311402308e+02 1.8084837594e+02 0.0000000000e+00 1.0858046399e-03
6.8200238045e-01 4.5851681065e+00 3.0212846476e+00 3.2867739064e+02 1.7920683768e+02 0.0000000000e+00 1.0904725593e-03
6.8309057802e-01 4.5652678576e+00 3.1134995741e+00 3.2419287386e+02 1.7753223029e+02 0.0000000000e+00 1.0952259880e-03
6.8419283243e-01 4.5453572550e+00 3.2101966254e+00 3.1963171964e+02 1.7580120863e+02 0.0000000000e+00 1.1000235448e-03
6.8529062511e-01 4.5261199987e+00 3.3039772217e+00 3.1506024800e+02 1.7402336222e+02 0.0000000000e+00 1.1046989478e-03
6.8640223033e-01 4.5062217241e+00 3.4011154785e+00 3.1044812724e+02 1.7223305146e+02 0.0000000000e+00 1.1095770040e-03
6.8750977912e-01 4.4873112121e+00 3.4957096605e+00 3.0582736016e+02 1.7038452745e+02 0.0000000000e+00 1.1142530045e-03
6.8863073633e-01 4.4670295190e+00 3.5932745381e+00 3.0117502812e+02 1.6855442013e+02 0.0000000000e+00 1.1193120571e-03
6.8974840323e-01 4.4479806209e+00 3.6885389018e+00 2.9652860506e+02 1.6666473526e+02 0.0000000000e+00 1.1241056170e-03
6.9087894757e-01 4.4272282062e+00 3.7862342766e+00 2.9186870775e+02 1.6481458271e+02 0.0000000000e+00 1.1293748068e-03
6.9200715284e-01 4.4076872322e+00 3.8820744686e+00 2.8721502706e+02 1.6290574395e+02 0.0000000000e+00 1.1343817600e-03
6.9314771109e-01 4.3861720991e+00 3.9802122695e+00 2.8255251840e+02 1.6104732784e+02 0.0000000000e+00 1.1399461505e-03
6.9428704515e-01 4.3658390499e+00 4.0768621219e+00 2.7790518717e+02 1.5913618436e+02 0.0000000000e+00 1.1452552288e-03
6.9543822155e-01 4.3434939875e+00 4.1755805309e+00 2.7326192481e+02 1.5728232017e+02 0.0000000000e+00 1.1511469831e-03
6.9658933911e-01 4.3222141513e+00 4.2732230287e+00 2.6863883423e+02 1.5538264928e+02 0.0000000000e+00 1.1568144994e-03
6.9775185054e-01 4.2989611316e+00 4.3728408890e+00 2.6402759056e+02 1.5354150833e+02 0.0000000000e+00 1.1630716927e-03
6.9891548250e-01 4.2766708572e+00 4.4716795079e+00 2.5944616195e+02 1.5166362494e+02 0.0000000000e+00 1.1691336946e-03
7.0009011793e-01 4.2525769901e+00 4.5723319434e+00 2.5488875689e+02 1.4984370506e+02 0.0000000000e+00 1.1757576669e-03
7.0126699783e-01 4.2293428286e+00 4.6725233969e+00 2.5037029797e+02 1.4799598195e+02 0.0000000000e+00 1.1822167657e-03
7.0245455147e-01 4.2045256312e+00 4.7745091359e+00 2.4588770993e+02 1.4620419252e+02 0.0000000000e+00 1.1891947959e-03
7.0364538742e-01 4.1805636558e+00 4.8764547976e+00 2.4145807200e+02 1.4439325165e+02 0.0000000000e+00 1.1960109716e-03
7.0484657341e-01 4.1553574907e+00 4.9803901937e+00 2.3708288579e+02 1.4263687680e+02 0.0000000000e+00 1.2032659070e-03
7.0605191924e-01 4.1310878203e+00 5.0849687355e+00 2.3277964037e+02 1.4087066803e+02 0.0000000000e+00 1.2103349572e-03
7.0726724332e-01 4.1059892927e+00 5.1920183655e+00 2.2855213599e+02 1.3915777642e+02 0.0000000000e+00 1.2177333265e-03
7.0848738589e-01 4.0819402493e+00 5.3005003513e+00 2.2441608893e+02 1.3744449650e+02 0.0000000000e+00 1.2249076896e-03
7.0971705870e-01 4.0574501013e+00 5.4119270943e+00 2.2037326728e+02 1.3578310378e+02 0.0000000000e+00 1.2323010450e-03
7.1095198798e-01 4.0340410979e+00 5.5254049215e+00 2.1643270598e+02 1.3412896691e+02 0.0000000000e+00 1.2394519239e-03
7.1219596255e-01 4.0104133627e+00 5.6420677651e+00 2.1259140592e+02 1.3252462196e+02 0.0000000000e+00 1.2467542739e-03
7.1344549653e-01 3.9877920120e+00 5.7610537356e+00 2.0885185099e+02 1.3093201097e+02 0.0000000000e+00 1.2538266752e-03
7.1470361590e-01 3.9650577430e+00 5.8831475600e+00 2.0520721635e+02 1.2938475909e+02 0.0000000000e+00 1.2610156835e-03
7.1596752789e-01 3.9431316277e+00 6.0075322561e+00 2.0165511708e+02 1.2785213386e+02 0.0000000000e+00 1.2680276674e-03
7.1723967124e-01 3.9210759886e+00 6.1347542542e+00 1.9818702151e+02 1.2636009994e+02 0.0000000000e+00 1.2751601893e-03
7.1851784827e-01 3.8996274618e+00 6.2640786537e+00 1.9479843938e+02 1.2488272360e+02 0.0000000000e+00 1.2821737587e-03
7.1980401875e-01 3.8779626294e+00 6.3959149060e+00 1.9148104717e+02 1.2344178211e+02 0.0000000000e+00 1.2893368188e-03
7.2109652191e-01 3.8566813048e+00 6.5296437698e+00 1.8822980014e+02 1.2201539696e+02 0.0000000000e+00 1.2964514319e-03
7.2239692162e-01 3.8351482451e+00 6.6656020844e+00 1.8503753203e+02 1.2061954337e+02 0.0000000000e+00 1.3037305680e-03
7.2370398305e-01 3.8137311778e+00 6.8032720146e+00 1.8189971039e+02 1.1923999222e+02 0.0000000000e+00 1.3110520293e-03
7.2501902568e-01 3.7920629807e+00 6.9429514037e+00 1.7881080396e+02 1.1788491177e+02 0.0000000000e+00 1.3185435014e-03
7.2634107005e-01 3.7703193965e+00 7.0841904224e+00 1.7576717901e+02 1.1654661086e+02 0.0000000000e+00 1.3261475950e-03
7.2767132087e-01 3.7482164612e+00 7.2272681758e+00 1.7276488688e+02 1.1523139650e+02 0.0000000000e+00 1.3339677822e-03
7.2900900561e-01 3.7260797443e+00 7.3717814534e+00 1.6980125226e+02 1.1392754847e+02 0.0000000000e+00 1.3418929124e-03
7.3035510669e-01 3.7034374850e+00 7.5179816365e+00 1.6687360431e+02 1.1264777993e+02 0.0000000000e+00 1.3500970437e-03
7.3170919970e-01 3.6806489361e+00 7.6655166396e+00 1.6398005312e+02 1.1137985174e+02 0.0000000000e+00 1.3584561002e-03
7.3307201889e-01 3.6577361539e+00 7.8146084466e+00 1.6111889840e+02 1.1012200691e+02 0.0000000000e+00 1.3669657377e-03
7.3444313118e-01 3.6341306836e+00 7.9649039251e+00 1.5828905660e+02 1.0889059199e+02 0.0000000000e+00 1.3758448541e-03
7.3582370860e-01 3.6109795541e+00 8.1166629516e+00 1.5548973288e+02 1.0765065999e+02 0.0000000000e+00 1.3846658296e-03
7.3721246284e-01 3.5871721119e+00 8.2694275919e+00 1.5272088160e+02 1.0643542938e+02 0.0000000000e+00 1.3938556178e-03
7.3861141983e-01 3.5634098045e+00 8.4235229380e+00 1.4998261173e+02 1.0522408308e+02 0.0000000000e+00 1.4031504302e-03
7.4001876370e-01 3.5405515296e+00 8.5784175213e+00 1.4727628896e+02 1.0399247669e+02 0.0000000000e+00 1.4122093573e-03
7.4143583855e-01 3.5163381515e+00 8.7342980138e+00 1.4460311531e+02 1.0280802718e+02 0.0000000000e+00 1.4219337802e-03
7.4286263126e-01 3.4947713595e+00 8.8908018266e+00 1.4196658426e+02 1.0155641790e+02 0.0000000000e+00 1.4307087605e-03
7.4429725607e-01 3.4721674603e+00 9.0476364147e+00 1.3936998994e+02 1.0034797539e+02 0.0000000000e+00 1.4400227112e-03
7.4574267668e-01 3.4510197887e+00 9.2046680633e+00 1.3682079270e+02 9.9116204104e+01 0.0000000000e+00 1.4488470963e-03
7.4719495026e-01 3.4332128131e+00 9.3611221907e+00 1.3432755863e+02 9.7814762687e+01 0.0000000000e+00 1.4563618023e-03
7.4865540028e-01 3.4124933790e+00 9.5163736389e+00 1.3190700455e+02 9.6635355666e+01 0.0000000000e+00 1.4652043080e-03
7.5012535888e-01 3.4017525008e+00 9.6695832021e+00 1.2958192326e+02 9.5231739541e+01 0.0000000000e+00 1.4698306237e-03
7.5159506153e-01 3.3855469853e+00 9.8180285611e+00 1.2739403243e+02 9.4071971965e+01 0.0000000000e+00 1.4768662263e-03
7.5307909133e-01 3.3802207573e+00 9.9605353385e+00 1.2540396770e+02 9.2748356322e+01 0.0000000000e+00 1.4791933305e-03
7.5455344819e-01 3.3861479993e+00 1.0090624384e+01 1.2371873631e+02 9.1341796292e+01 0.0000000000e+00 1.4766040944e-03
7.5603229952e-01 3.3715091731e+00 1.0203222929e+01 1.2247936603e+02 9.0819392549e+01 0.0000000000e+00 1.4830153926e-03
7.5751947898e-01 3.4164334038e+00 1.0290627818e+01 1.2189393528e+02 8.9196773997e+01 0.0000000000e+00 1.4635145513e-03
7.5895932862e-01 3.4711263155e+00 1.0341027620e+01 1.2216132136e+02 8.7983920966e+01 0.0000000000e+00 1.4404546379e-03
7.6040038825e-01 3.2785953044e+00 1.0354805077e+01 1.2328133533e+02 9.4004690943e+01 0.0000000000e+00 1.5250433603e-03
7.6200941534e-01 2.9209661746e+00 1.0346055337e+01 1.2492230339e+02 1.0691864945e+02 0.0000000000e+00 1.7117623762e-03
7.6382391301e-01 3.3271095376e+00 1.0338730404e+01 1.2665144020e+02 9.5166268779e+01 0.0000000000e+00 1.5028059472e-03
7.6501502724e-01 5.4888714244e+00 1.0340068984e+01 1.2815327332e+02 5.8369591584e+01 0.0000000000e+00 9.1093407248e-04
7.6564578115e-01 8.1380888221e+00 1.0353943038e+01 1.2933027314e+02 3.9729927986e+01 0.0000000000e+00 6.1439486706e-04
7.6624381697e-01 8.1361400392e+00 1.0367087542e+01 1.3052619939e+02 4.0106917641e+01 0.0000000000e+00 6.1454202803e-04
7.6687486521e-01 7.5017788428e+00 1.0392430543e+01 1.3138635919e+02 4.3785068163e+01 0.0000000000e+00 6.6650858480e-04
7.6757683414e-01 7.1638103166e+00 1.0425953704e+01 1.3191260429e+02 4.6034372232e+01 0.0000000000e+00 6.9795259492e-04
7.6827077040e-01 6.9469972310e+00 1.0470137917e+01 1.3196485246e+02 4.7489889541e+01 0.0000000000e+00 7.1973542435e-04
7.6901630499e-01 6.7900331044e+00 1.0522671615e+01 1.3154291744e+02 4.8432354975e+01 0.0000000000e+00 7.3637343488e-04
7.6974351727e-01 6.6906208262e+00 1.0579196993e+01 1.3083614273e+02 4.8887893266e+01 0.0000000000e+00 7.4731480529e-04
7.7051093460e-01 6.6325579737e+00 1.0629540372e+01 1.3008986447e+02 4.9034574965e+01 0.0000000000e+00 7.5385696135e-04
7.7125123119e-01 6.5795624646e+00 1.0668563192e+01 1.2959863232e+02 4.9242876339e+01 0.0000000000e+00 7.5992895073e-04
7.7203079250e-01 6.5802479854e+00 1.0691509859e+01 1.2942344646e+02 4.9171188818e+01 0.0000000000e+00 7.5984978242e-04
7.7277093075e-01 6.5628342596e+00 1.0703075973e+01 1.2953256608e+02 4.9343226170e+01 0.0000000000e+00 7.6186595642e-04
7.7355452441e-01 6.5880288196e+00 1.0706723194e+01 1.2975263653e+02 4.9238034655e+01 0.0000000000e+00 7.5895235691e-04
7.7428883547e-01 6.5787024410e+00 1.0711090560e+01 1.2990436771e+02 4.9365497555e+01 0.0000000000e+00 7.6002829506e-04
7.7507458100e-01 6.5989709019e+00 1.0719116527e+01 1.2983482943e+02 4.9187529145e+01 0.0000000000e+00 7.5769390021e-04
7.7580422327e-01 6.5698621483e+00 1.0735209104e+01 1.2952626885e+02 4.9288046662e+01 0.0000000000e+00 7.6105097598e-04
7.7659668296e-01 6.5778244189e+00 1.0755020182e+01 1.2900443050e+02 4.9030052449e+01 0.0000000000e+00 7.6012974527e-04
7.7732448276e-01 6.5312124224e+00 1.0780738814e+01 1.2839271670e+02 4.9145820255e+01 0.0000000000e+00 7.6555464386e-04
7.7812779224e-01 6.5325657959e+00 1.0806419377e+01 1.2765715463e+02 4.8854140402e+01 0.0000000000e+00 7.6539604134e-04
7.7885527484e-01 6.4752343207e+00 1.0838043319e+01 1.2687337268e+02 4.8984085516e+01 0.0000000000e+00 7.7217282841e-04
7.7967213790e-01 6.4690758274e+00 1.0868507716e+01 1.2596523988e+02 4.8679766339e+01 0.0000000000e+00 7.7290792896e-04
7.8040109070e-01 6.4031701204e+00 1.0904522222e+01 1.2509228740e+02 4.8839982795e+01 0.0000000000e+00 7.8086321400e-04
7.8123386433e-01 6.3924820948e+00 1.0934047637e+01 1.2419252162e+02 4.8569757324e+01 0.0000000000e+00 7.8216879231e-04
7.8196542828e-01 6.3334491275e+00 1.0967528474e+01 1.2346432799e+02 4.8735027905e+01 0.0000000000e+00 7.8945925029e-04
7.8281278283e-01 6.3230875804e+00 1.0990261806e+01 1.2274592642e+02 4.8530850180e+01 0.0000000000e+00 7.9075292512e-04
7.8354693413e-01 6.2830374056e+00 1.1019242025e+01 1.2222167874e+02 4.8631605565e+01 0.0000000000e+00 7.9579344785e-04
7.8440436973e-01 6.2646379346e+00 1.1034866851e+01 1.2167276231e+02 4.8555384837e+01 0.0000000000e+00 7.9813072235e-04
7.8514319558e-01 6.2519610216e+00 1.1060477242e+01 1.2129041440e+02 4.8500947935e+01 0.0000000000e+00 7.9974906797e-04
7.8600386786e-01 6.2236241102e+00 1.1071392726e+01 1.2084488322e+02 4.8542810860e+01 0.0000000000e+00 8.0339042196e-04
7.8674997642e-01 6.2536391134e+00 1.1096861198e+01 1.2046964231e+02 4.8159815481e+01 0.0000000000e+00 7.9953446454e-04
7.8760293679e-01 6.1969896037e+00 1.1107510025e+01 1.1997901401e+02 4.8402136231e+01 0.0000000000e+00 8.0684337392e-04
7.8836366317e-01 6.2536331425e+00 1.1137731723e+01 1.1946112469e+02 4.7756688780e+01 0.0000000000e+00 7.9953522794e-04
7.8920200725e-01 6.0985215690e+00 1.1151853429e+01 1.1876468413e+02 4.8685850657e+01 0.0000000000e+00 8.1987083975e-04
7.9000340485e-01 6.1404459461e+00 1.1191902638e+01 1.1801718056e+02 4.8049108157e+01 0.0000000000e+00 8.1427310717e-04
7.9083055346e-01 5.8564457110e+00 1.1210521170e+01 1.1704758232e+02 4.9965281033e+01 0.0000000000e+00 8.5376015535e-04
7.9171092516e-01 5.9331831835e+00 1.1262125607e+01 1.1610209511e+02 4.8920660090e+01 0.0000000000e+00 8.4271795516e-04
7.9251598937e-01 5.6095108017e+00 1.1280130207e+01 1.1491098117e+02 5.1212567918e+01 0.0000000000e+00 8.9134332329e-04
7.9349361181e-01 5.7588823830e+00 1.1342388936e+01 1.1392042129e+02 4.9454222935e+01 0.0000000000e+00 8.6822401770e-04
7.9425243741e-01 5.7784695193e+00 1.1354410131e+01 1.1265116479e+02 4.8737457388e+01 0.0000000000e+00 8.6528102005e-04
7.9522417385e-01 6.2012657010e+00 1.1417246784e+01 1.1163824988e+02 4.5006235526e+01 0.0000000000e+00 8.0628701319e-04
7.9586501143e-01 2.5887579212e+00 1.1412475980e+01 1.1005223288e+02 1.0627899192e+02 0.0000000000e+00 1.9314281799e-03
7.9908703021e-01 9.5597680589e-01 1.1550745440e+01 1.0983025971e+02 2.8721999067e+02 0.0000000000e+00 5.2302524174e-03
8.0632551627e-01 8.3180975485e-01 1.1785223696e+01 1.0881955432e+02 3.2705661869e+02 0.0000000000e+00 6.0109898577e-03
8.1110900992e-01 9.0079813197e-01 1.1909644765e+01 1.0837596199e+02 3.0077760527e+02 0.0000000000e+00 5.5506331803e-03
8.1742678263e-01 8.6980415840e-01 1.2032684229e+01 1.0717379346e+02 3.0804001231e+02 0.0000000000e+00 5.7484204366e-03
8.2260585080e-01 9.0606040698e-01 1.2612501242e+01 1.0800706566e+02 2.9801287208e+02 0.0000000000e+00 5.5183958613e-03
8.2846357435e-01 8.9353471294e-01 1.2737905263e+01 1.0701284904e+02 2.9940876244e+02 0.0000000000e+00 5.5957535030e-03
8.3379735780e-01 8.8359426744e-01 1.2822129776e+01 1.0621757319e+02 3.0052699836e+02 0.0000000000e+00 5.6587057932e-03
8.3978098594e-01 9.2697208572e-01 1.2980022720e+01 1.0860519366e+02 2.9290308559e+02 0.0000000000e+00 5.3939056818e-03
8.4458516917e-01 9.0998811148e-01 1.3664268159e+01 1.1131506080e+02 3.0581460186e+02 0.0000000000e+00 5.4945772774e-03
8.5077014049e-01 8.6790550527e-01 1.3481587280e+01 1.0195897019e+02 2.9369260124e+02 0.0000000000e+00 5.7609958338e-03
8.5610716083e-01 6.3752926469e-01 1.2119316271e+01 7.4915491752e+01 2.9377275641e+02 0.0000000000e+00 7.8427772292e-03
8.6645569495e-01 4.9282473811e-01 7.1195711656e+00 4.5421031652e+01 2.3041168665e+02 0.0000000000e+00 1.0145594597e-02
8.7639835003e-01 3.4383776041e-01 3.3509774656e+00 2.5203431151e+01 1.8325089659e+02 0.0000000000e+00 1.4541741995e-02
8.9553917894e-01 3.2046608849e-01 7.8348984286e-01 2.0114107527e+01 1.5691291723e+02 0.0000000000e+00 1.5602274873e-02
9.0760289977e-01 2.9789121437e-01 2.7828052232e-01 1.8970170979e+01 1.5920384745e+02 0.0000000000e+00 1.6784650768e-02
9.2910848048e-01 3.0867632124e-01 9.8130878354e-02 1.8798043894e+01 1.5224721334e+02 0.0000000000e+00 1.6198197451e-02
9.3999929467e-01 2.9774891919e-01 5.4411441027e-02 1.9048558520e+01 1.5993809962e+02 0.0000000000e+00 1.6792672207e-02
9.6269382489e-01 3.1791468293e-01 1.1194019965e-02 1.9135595471e+01 1.5047744331e+02 0.0000000000e+00 1.5727490010e-02
9.7145427469e-01 2.9010999439e-01 -2.1852366290e-03 1.9240225687e+01 1.6580112767e+02 0.0000000000e+00 1.7234842290e-02
9.9716350947e-01 3.1865181389e-01 -9.2344594598e-03 1.9324114468e+01 1.5160838277e+02 0.0000000000e+00 1.5691107918e-02
