# x  rho  v  p  e  w  vol
-1.0866804963e-03 9.8332076223e+00 -1.0630720864e-08 1.3333399230e+00 2.0339343593e-01 4.0678486132e-05 5.0848107678e-04
2.1136450055e-03 2.1800539647e+00 -4.7577729595e-07 1.3333392574e+00 9.1741255877e-01 1.8348169657e-04 2.2935212068e-03
3.4744212131e-03 3.6549869268e+00 -9.6036968643e-07 1.3333388731e+00 5.4719985315e-01 1.0943951592e-04 1.3679939491e-03
4.8646267608e-03 3.8734729229e+00 -8.8133131823e-07 1.3333378931e+00 5.1633427663e-01 1.0326650216e-04 1.2908312771e-03
6.0556532592e-03 4.2102208862e+00 -7.3389914480e-07 1.3333370241e+00 4.7503577372e-01 9.5006891755e-05 1.1875861469e-03
7.2412277949e-03 4.1954398761e+00 -4.8919932483e-07 1.3333362030e+00 4.7670908499e-01 9.5341611797e-05 1.1917701475e-03
8.4393633077e-03 4.1349773236e+00 -1.8974036762e-07 1.3333359980e+00 4.8367955627e-01 9.6735717921e-05 1.2091964741e-03
9.6596224597e-03 4.0755657053e+00 3.3248700371e-08 1.3333362528e+00 4.9073049577e-01 9.8145884256e-05 1.2268235532e-03
1.0892905213e-02 4.0446112053e+00 1.2513412956e-07 1.3333365919e+00 4.9448631433e-01 9.8897021172e-05 1.2362127646e-03
1.2131985107e-02 4.0300539030e+00 4.7299278520e-08 1.3333369116e+00 4.9627260962e-01 9.9254255558e-05 1.2406781945e-03
1.3374240360e-02 4.0209664018e+00 -1.7855052925e-07 1.3333371626e+00 4.9739429384e-01 9.9478573069e-05 1.2434821633e-03
1.4618941937e-02 4.0138067907e+00 -5.1277257524e-07 1.3333370438e+00 4.9828147443e-01 9.9656017556e-05 1.2457002195e-03
1.5865640809e-02 4.0066712006e+00 -8.3115706286e-07 1.3333363179e+00 4.9916860572e-01 9.9833497677e-05 1.2479187210e-03
1.7114775773e-02 4.0004604457e+00 -1.1536030643e-06 1.3333352540e+00 4.9994317109e-01 9.9988490184e-05 1.2498561273e-03
1.8365347881e-02 3.9955628654e+00 -1.3497797231e-06 1.3333343128e+00 5.0055562545e-01 1.0011105155e-04 1.2513881444e-03
1.9617546515e-02 3.9920571570e+00 -1.4031872527e-06 1.3333337340e+00 5.0099498137e-01 1.0019896616e-04 1.2524870771e-03
2.0870309304e-02 3.9917252664e+00 -1.3799633728e-06 1.3333334838e+00 5.0103654239e-01 1.0020729717e-04 1.2525912147e-03
2.2122727898e-02 3.9916540218e+00 -1.3489365029e-06 1.3333338685e+00 5.0104562966e-01 1.0020908571e-04 1.2526135714e-03
2.3375537077e-02 3.9914259516e+00 -1.2750521900e-06 1.3333347384e+00 5.0107458633e-01 1.0021481166e-04 1.2526851458e-03
2.4628090538e-02 3.9931034170e+00 -1.1268306633e-06 1.3333359848e+00 5.0086455781e-01 1.0017271236e-04 1.2521589045e-03
2.5879857780e-02 3.9940604526e+00 -8.1905600437e-07 1.3333374357e+00 5.0074508820e-01 1.0014870950e-04 1.2518588688e-03
2.7131811775e-02 3.9941455560e+00 -4.0534319199e-07 1.3333386183e+00 5.0073486291e-01 1.0014657563e-04 1.2518321954e-03
2.8383517025e-02 3.9955137160e+00 4.3357614029e-08 1.3333393440e+00 5.0056367170e-01 1.0011228304e-04 1.2514035379e-03
2.9634621396e-02 3.9962473735e+00 4.1240490549e-07 1.3333393300e+00 5.0047176967e-01 1.0009390376e-04 1.2511737970e-03
3.0885865921e-02 3.9966564584e+00 9.5877749577e-07 1.3333384273e+00 5.0042020418e-01 1.0008365846e-04 1.2510457309e-03
3.2136710234e-02 3.9977207672e+00 1.5379582153e-06 1.3333370548e+00 5.0028646290e-01 1.0005701330e-04 1.2507126663e-03
3.3387295631e-02 3.9976924478e+00 2.0135263817e-06 1.3333355923e+00 5.0028945810e-01 1.0005772210e-04 1.2507215263e-03
3.4638152738e-02 3.9978011472e+00 2.2389085402e-06 1.3333343670e+00 5.0027539562e-01 1.0005500156e-04 1.2506875194e-03
3.5888667232e-02 3.9987685913e+00 2.2844542908e-06 1.3333334255e+00 5.0015400805e-01 1.0003079470e-04 1.2503849337e-03
3.7138926257e-02 3.9988239645e+00 2.1520672222e-06 1.3333327362e+00 5.0014682368e-01 1.0002940953e-04 1.2503676192e-03
3.8389402553e-02 3.9988587387e+00 1.8853683396e-06 1.3333323763e+00 5.0014233938e-01 1.0002853967e-04 1.2503567459e-03
3.9639638633e-02 3.9991723728e+00 1.5350402183e-06 1.3333322695e+00 5.0010307578e-01 1.0002069496e-04 1.2502586870e-03
4.0889921096e-02 3.9991937710e+00 1.1464939265e-06 1.3333323601e+00 5.0010043390e-01 1.0002015979e-04 1.2502519974e-03
4.2140140905e-02 3.9996456726e+00 7.6919036720e-07 1.3333325100e+00 5.0004398607e-01 1.0000885897e-04 1.2501107371e-03
4.3390144295e-02 3.9996665112e+00 4.9635658217e-07 1.3333325900e+00 5.0004141081e-01 1.0000833791e-04 1.2501042239e-03
4.4640349482e-02 3.9996550486e+00 2.8703975474e-07 1.3333327163e+00 5.0004289124e-01 1.0000862453e-04 1.2501078066e-03
4.5890359198e-02 3.9998211324e+00 9.7486154343e-08 1.3333329219e+00 5.0002220515e-01 1.0000447189e-04 1.2500558986e-03
4.7140462939e-02 3.9995723742e+00 -1.0547775408e-07 1.3333332550e+00 5.0005342957e-01 1.0001069179e-04 1.2501336474e-03
4.8390622452e-02 4.0003337688e+00 -3.6264632710e-07 1.3333338375e+00 4.9995847141e-01 9.9991656475e-05 1.2498957059e-03
4.9640256562e-02 4.0005424058e+00 -6.7721702250e-07 1.3333346713e+00 4.9993271016e-01 9.9986441696e-05 1.2498305212e-03
5.0890288144e-02 3.9995887434e+00 -9.3173757008e-07 1.3333354859e+00 5.0005221964e-01 1.0001028247e-04 1.2501285309e-03
5.2140506332e-02 4.0004582405e+00 -1.0725588489e-06 1.3333361514e+00 4.9994378315e-01 9.9988545300e-05 1.2498568162e-03
5.3390003851e-02 4.0008087788e+00 -1.0447004157e-06 1.3333367849e+00 4.9990021718e-01 9.9979784618e-05 1.2497473077e-03
5.4640005917e-02 3.9999165666e+00 -8.5470855636e-07 1.3333371036e+00 5.0001184327e-01 1.0000208588e-04 1.2500260735e-03
5.5890050330e-02 4.0004418574e+00 -4.9800781824e-07 1.3333372539e+00 4.9994624398e-01 9.9988954781e-05 1.2498619348e-03
5.7139732028e-02 4.0004068127e+00 -3.9980489957e-08 1.3333374589e+00 4.9995070052e-01 9.9989830712e-05 1.2498728840e-03
5.8389797201e-02 4.0000959144e+00 3.8273675943e-07 1.3333380061e+00 4.9998976323e-01 9.9997602196e-05 1.2499700275e-03
5.9639668730e-02 4.0006234291e+00 7.0974705195e-07 1.3333387258e+00 4.9992410538e-01 9.9984416700e-05 1.2498052088e-03
6.0889410266e-02 4.0004888341e+00 9.0771721620e-07 1.3333395789e+00 4.9994124499e-01 9.9987780642e-05 1.2498472580e-03
6.2139363314e-02 4.0003372136e+00 9.0338016618e-07 1.3333401482e+00 4.9996040722e-01 9.9991570376e-05 1.2498946296e-03
6.3389199151e-02 4.0002791625e+00 8.4485559021e-07 1.3333406777e+00 4.9996786108e-01 9.9993021430e-05 1.2499127678e-03
6.4639188426e-02 4.0003269672e+00 7.5570807385e-07 1.3333404985e+00 4.9996181917e-01 9.9991826491e-05 1.2498978311e-03
6.5888993628e-02 4.0006712878e+00 8.3637179878e-07 1.3333396263e+00 4.9991846259e-01 9.9983220626e-05 1.2497902578e-03
6.7138772184e-02 4.0002048462e+00 1.0373485214e-06 1.3333380718e+00 4.9997617238e-01 9.9994879105e-05 1.2499359888e-03
6.8388863329e-02 4.0003075171e+00 1.6171980488e-06 1.3333354555e+00 4.9996235908e-01 9.9992312648e-05 1.2499039083e-03
6.9638579963e-02 4.0004196112e+00 2.2011767026e-06 1.3333327858e+00 4.9994734880e-01 9.9989510814e-05 1.2498688853e-03
7.0888603617e-02 3.9999023886e+00 2.4401746618e-06 1.3333313685e+00 5.0001146487e-01 1.0000244035e-04 1.2500305043e-03
7.2138635702e-02 4.0007028555e+00 2.4419658286e-06 1.3333310231e+00 4.9991129230e-01 9.9982431693e-05 1.2497803962e-03
7.3388168125e-02 4.0005741847e+00 2.2304183173e-06 1.3333317437e+00 4.9992764119e-01 9.9985647430e-05 1.2498205930e-03
7.4638280133e-02 3.9996341431e+00 1.4887354049e-06 1.3333341076e+00 5.0004602668e-01 1.0000914725e-04 1.2501143407e-03
7.5888389819e-02 4.0004411234e+00 2.5452076104e-07 1.3333377989e+00 4.9994654006e-01 9.9988973127e-05 1.2498621641e-03
7.7138007585e-02 4.0004669209e+00 -5.8943988539e-07 1.3333405760e+00 4.9994435740e-01 9.9988328333e-05 1.2498541042e-03
7.8388100171e-02 3.9999567926e+00 -8.9376337969e-07 1.3333417162e+00 5.0000854459e-01 1.0000108019e-04 1.2500135024e-03
7.9638031295e-02 4.0002704708e+00 -9.0638677697e-07 1.3333417465e+00 4.9996934815e-01 9.9993238693e-05 1.2499154836e-03
8.0887933050e-02 4.0001061302e+00 -5.5152555484e-07 1.3333405945e+00 4.9998945694e-01 9.9997346810e-05 1.2499668352e-03
8.2137963651e-02 4.0002704186e+00 4.4401494085e-07 1.3333376951e+00 4.9996783553e-01 9.9993239966e-05 1.2499154999e-03
8.3387764652e-02 4.0002842809e+00 1.4621329522e-06 1.3333346282e+00 4.9996495295e-01 9.9992893472e-05 1.2499111685e-03
8.4637787051e-02 4.0000324200e+00 1.9419571010e-06 1.3333330698e+00 4.9999584873e-01 9.9999189513e-05 1.2499898688e-03
8.5887743206e-02 4.0000763401e+00 2.0288942827e-06 1.3333327405e+00 4.9999023538e-01 9.9998091532e-05 1.2499761442e-03
8.7137740486e-02 3.9998336762e+00 1.8418388184e-06 1.3333333711e+00 5.0002080549e-01 1.0000415826e-04 1.2500519783e-03
8.8387844135e-02 4.0003481753e+00 1.0860173424e-06 1.3333356351e+00 4.9995734496e-01 9.9991296367e-05 1.2498912047e-03
8.9637524347e-02 4.0004996100e+00 -1.2229838584e-07 1.3333391126e+00 4.9993972349e-01 9.9987511306e-05 1.2498438914e-03
9.0887536165e-02 3.9995891130e+00 -9.3363007453e-07 1.3333416083e+00 5.0005446960e-01 1.0001027322e-04 1.2501284154e-03
9.2137775063e-02 4.0002074684e+00 -1.2635572500e-06 1.3333426815e+00 4.9997757318e-01 9.9994813551e-05 1.2499351695e-03
9.3387407954e-02 4.0004632135e+00 -1.3130986482e-06 1.3333428745e+00 4.9994568252e-01 9.9988421004e-05 1.2498552625e-03
9.4637489706e-02 3.9996893244e+00 -1.1734094220e-06 1.3333423894e+00 5.0004223376e-01 1.0000776749e-04 1.2500970937e-03
9.5887596780e-02 4.0002559627e+00 -6.8028630936e-07 1.3333408684e+00 4.9997083220e-01 9.9993601330e-05 1.2499200168e-03
9.7137332641e-02 4.0000974433e+00 -6.1790098125e-08 1.3333389131e+00 4.9998991223e-01 9.9997563969e-05 1.2499695497e-03
9.8387537022e-02 3.9996532693e+00 3.0953391158e-07 1.3333374957e+00 5.0004490611e-01 1.0000866902e-04 1.2501083627e-03
9.9637545023e-02 4.0002948309e+00 4.7430316257e-07 1.3333366405e+00 4.9996438896e-01 9.9992629776e-05 1.2499078721e-03
1.0088735587e-01 4.0001595888e+00 4.8700564076e-07 1.3333360034e+00 4.9998105344e-01 9.9996010443e-05 1.2499501305e-03
1.0213744591e-01 3.9998688020e+00 4.8058572939e-07 1.3333355253e+00 5.0001722229e-01 1.0000328006e-04 1.2500410007e-03
1.0338743665e-01 3.9998835184e+00 4.9054822951e-07 1.3333350316e+00 5.0001519749e-01 1.0000291213e-04 1.2500364016e-03
1.0463751839e-01 3.9999779534e+00 5.9658022193e-07 1.3333343473e+00 5.0000313607e-01 1.0000055117e-04 1.2500068896e-03
1.0588744932e-01 4.0003496680e+00 8.6172788981e-07 1.3333334749e+00 4.9995634842e-01 9.9991259060e-05 1.2498907383e-03
1.0713730330e-01 3.9998638360e+00 1.1545654971e-06 1.3333327556e+00 5.0001680443e-01 1.0000340421e-04 1.2500425527e-03
1.0838753217e-01 3.9999416127e+00 1.4009253732e-06 1.3333327144e+00 5.0000706641e-01 1.0000145970e-04 1.2500182463e-03
1.0963733872e-01 4.0002878266e+00 1.4283539241e-06 1.3333335075e+00 4.9996408958e-01 9.9992804851e-05 1.2499100607e-03
1.1088735602e-01 3.9997023652e+00 1.2509416373e-06 1.3333350998e+00 5.0003786958e-01 1.0000744141e-04 1.2500930178e-03
1.1213752031e-01 4.0002268265e+00 7.1244651372e-07 1.3333379031e+00 4.9997336186e-01 9.9994329655e-05 1.2499291207e-03
1.1338721647e-01 4.0001984239e+00 -4.3229205273e-07 1.3333422772e+00 4.9997855202e-01 9.9995039644e-05 1.2499379956e-03
1.1463739922e-01 3.9994412639e+00 -1.3050394238e-06 1.3333460254e+00 5.0007461197e-01 1.0001397035e-04 1.2501746294e-03
1.1588755904e-01 4.0003568795e+00 -1.5854958464e-06 1.3333478542e+00 4.9996083887e-01 9.9991078805e-05 1.2498884851e-03
1.1713718003e-01 4.0003128347e+00 -1.4796571938e-06 1.3333481817e+00 4.9996646640e-01 9.9992179759e-05 1.2499022468e-03
1.1838736646e-01 3.9995372196e+00 -8.6883726250e-07 1.3333465039e+00 5.0006279378e-01 1.0001157086e-04 1.2501446356e-03
1.1963746426e-01 4.0000202953e+00 9.2297795668e-07 1.3333412701e+00 5.0000043936e-01 9.9999492576e-05 1.2499936578e-03
1.2088735571e-01 4.0000193191e+00 3.8040927303e-06 1.3333330909e+00 4.9999749420e-01 9.9999516968e-05 1.2499939628e-03
1.2213745238e-01 3.9999698994e+00 5.8107252846e-06 1.3333268950e+00 5.0000134821e-01 1.0000075252e-04 1.2500094065e-03
1.2338737391e-01 4.0000744676e+00 6.5203355578e-06 1.3333243448e+00 4.9998732107e-01 9.9998138352e-05 1.2499767293e-03
1.2463740681e-01 3.9999364746e+00 6.4837754375e-06 1.3333243787e+00 5.0000458275e-01 1.0000158813e-04 1.2500198520e-03
1.2588741269e-01 4.0000291335e+00 5.3619328418e-06 1.3333278895e+00 4.9999431691e-01 9.9999271589e-05 1.2499908959e-03
1.2713738943e-01 3.9999145206e+00 2.2940222477e-06 1.3333368563e+00 5.0001200631e-01 1.0000213675e-04 1.2500267129e-03
1.2838746483e-01 4.0001223817e+00 -1.1375021485e-06 1.3333471767e+00 4.9998989386e-01 9.9996940465e-05 1.2499617569e-03
1.2963731443e-01 3.9999585122e+00 -2.8650713892e-06 1.3333531241e+00 5.0001260764e-01 1.0000103718e-04 1.2500129651e-03
1.3088749188e-01 3.9995138801e+00 -3.1565166103e-06 1.3333550487e+00 5.0006891663e-01 1.0001215448e-04 1.2501519309e-03
1.3213761267e-01 4.0004746824e+00 -2.6557852975e-06 1.3333540440e+00 4.9994843732e-01 9.9988134346e-05 1.2498516793e-03
1.3338719905e-01 4.0004824138e+00 -5.2514007347e-07 1.3333485725e+00 4.9994541955e-01 9.9987941043e-05 1.2498492639e-03
1.3463731609e-01 3.9992671182e+00 2.1771292374e-06 1.3333411531e+00 5.0009455996e-01 1.0001832536e-04 1.2502290675e-03
1.3588764916e-01 4.0000578954e+00 3.4348374048e-06 1.3333372983e+00 4.9999425002e-01 9.9998552647e-05 1.2499819079e-03
1.3713728158e-01 4.0004312785e+00 3.5414366808e-06 1.3333365837e+00 4.9994731476e-01 9.9989219184e-05 1.2498652400e-03
1.3838738416e-01 3.9996761762e+00 2.6688677634e-06 1.3333389531e+00 5.0004258884e-01 1.0000809621e-04 1.2501012031e-03
1.3963747986e-01 3.9999516613e+00 1.7128783780e-07 1.3333453412e+00 5.0001054543e-01 1.0000120840e-04 1.2500151060e-03
1.4088741565e-01 3.9999069711e+00 -1.6898587956e-06 1.3333504480e+00 5.0001804705e-01 1.0000232577e-04 1.2500290722e-03
1.4213753770e-01 3.9999401223e+00 -2.1916730118e-06 1.3333516640e+00 5.0001435893e-01 1.0000149698e-04 1.2500187121e-03
1.4338745216e-01 4.0002016497e+00 -1.5486842483e-06 1.3333491818e+00 4.9998073794e-01 9.9994959028e-05 1.2499369876e-03
1.4463741424e-01 3.9998206190e+00 1.5024196003e-06 1.3333399609e+00 5.0002490909e-01 1.0000448463e-04 1.2500560591e-03
1.4588756278e-01 3.9998152562e+00 6.2170622387e-06 1.3333262988e+00 5.0002045598e-01 1.0000461872e-04 1.2500577351e-03
1.4713752946e-01 3.9998735016e+00 8.9029769969e-06 1.3333177758e+00 5.0000997855e-01 1.0000316258e-04 1.2500395320e-03
1.4838764182e-01 3.9999371827e+00 9.4705987987e-06 1.3333153782e+00 5.0000111898e-01 1.0000157044e-04 1.2500196307e-03
1.4963756832e-01 4.0001000090e+00 8.6905197617e-06 1.3333178027e+00 4.9998167535e-01 9.9997499716e-05 1.2499687480e-03
1.5088758193e-01 3.9996085853e+00 5.0195207578e-06 1.3333283062e+00 5.0004704627e-01 1.0000978573e-04 1.2501223291e-03
1.5213780882e-01 4.0001575302e+00 -5.6600930383e-07 1.3333440777e+00 4.9998433850e-01 9.9996061546e-05 1.2499507738e-03
1.5338748515e-01 4.0002882114e+00 -3.8506560613e-06 1.3333540009e+00 4.9997172596e-01 9.9992795166e-05 1.2499099404e-03
1.5463763222e-01 3.9995400143e+00 -4.7592261826e-06 1.3333570217e+00 5.0006638899e-01 1.0001150096e-04 1.2501437621e-03
1.5588776638e-01 4.0003662738e+00 -4.4759051773e-06 1.3333555670e+00 4.9996255684e-01 9.9990844000e-05 1.2498855499e-03
1.5713740754e-01 4.0001360231e+00 -2.0517253143e-06 1.3333481510e+00 4.9998855414e-01 9.9996599456e-05 1.2499574942e-03
1.5838768357e-01 3.9993544479e+00 1.6910734970e-06 1.3333370154e+00 5.0008208803e-01 1.0001614134e-04 1.2502017676e-03
1.5963780488e-01 4.0001229576e+00 3.7297300439e-06 1.3333302311e+00 4.9998346747e-01 9.9996926175e-05 1.2499615769e-03
1.6088760984e-01 4.0001125441e+00 4.1756802819e-06 1.3333283290e+00 4.9998405581e-01 9.9997186476e-05 1.2499648310e-03
1.6213773589e-01 3.9997642769e+00 3.7752744659e-06 1.3333299877e+00 5.0002821242e-01 1.0000589339e-04 1.2500736678e-03
1.6338775501e-01 3.9999576060e+00 1.6867720765e-06 1.3333366429e+00 5.0000654042e-01 1.0000105972e-04 1.2500132483e-03
1.6463776280e-01 4.0000468556e+00 -1.2293146314e-06 1.3333460246e+00 4.9999890230e-01 9.9998828556e-05 1.2499853578e-03
1.6588772534e-01 4.0002331719e+00 -2.9774740066e-06 1.3333525242e+00 4.9997805137e-01 9.9994171010e-05 1.2499271380e-03
1.6713761916e-01 3.9998997840e+00 -3.5015214340e-06 1.3333562498e+00 5.0002112121e-01 1.0000250544e-04 1.2500313183e-03
1.6838778675e-01 3.9998732342e+00 -3.5595237804e-06 1.3333576666e+00 5.0002497147e-01 1.0000316924e-04 1.2500396156e-03
1.6963769814e-01 3.9999092480e+00 -3.1795207770e-06 1.3333580309e+00 5.0002060605e-01 1.0000226886e-04 1.2500283606e-03
1.7088784465e-01 3.9996491525e+00 -2.4683574125e-06 1.3333571029e+00 5.0005277417e-01 1.0000877197e-04 1.2501096495e-03
1.7213791341e-01 4.0003966392e+00 -9.5843089365e-07 1.3333534029e+00 4.9995795037e-01 9.9990085013e-05 1.2498760625e-03
1.7338760104e-01 4.0000794471e+00 1.6355847821e-06 1.3333461531e+00 4.9999487661e-01 9.9998013818e-05 1.2499751733e-03
1.7463786540e-01 3.9993503623e+00 5.2620946563e-06 1.3333360451e+00 5.0008223498e-01 1.0001624352e-04 1.2502030448e-03
1.7588799976e-01 4.0004629005e+00 7.9199770572e-06 1.3333280944e+00 4.9994017975e-01 9.9988428819e-05 1.2498553603e-03
1.7713758126e-01 4.0002905342e+00 8.8256536702e-06 1.3333244602e+00 4.9996035867e-01 9.9992737169e-05 1.2499092146e-03
1.7838782175e-01 3.9992279648e+00 8.5266058549e-06 1.3333244996e+00 5.0009320975e-01 1.0001930454e-04 1.2502413076e-03
1.7963805603e-01 4.0001277835e+00 6.1040350136e-06 1.3333309314e+00 4.9998312689e-01 9.9996805192e-05 1.2499600689e-03
1.8088774491e-01 4.0002723661e+00 1.6581907996e-06 1.3333427810e+00 4.9996949918e-01 9.9993191162e-05 1.2499148914e-03
1.8213788949e-01 3.9994975435e+00 -3.5934326831e-07 1.3333497696e+00 5.0006897934e-01 1.0001256299e-04 1.2501570374e-03
1.8338805284e-01 4.0002581891e+00 -4.6952820373e-07 1.3333495289e+00 4.9997380138e-01 9.9993545740e-05 1.2499193211e-03
1.8463773185e-01 4.0000887211e+00 2.0113804040e-06 1.3333424575e+00 4.9999233159e-01 9.9997782122e-05 1.2499722753e-03
1.8588799882e-01 3.9995622649e+00 8.8990547816e-06 1.3333244413e+00 5.0005138800e-01 1.0001094420e-04 1.2501368072e-03
1.8713800087e-01 4.0001843923e+00 2.1201734525e-05 1.3332919719e+00 4.9996144221e-01 9.9995389622e-05 1.2499423801e-03
1.8838788744e-01 3.9998408574e+00 2.3678284267e-05 1.3332791779e+00 4.9999958453e-01 1.0000397061e-04 1.2500497340e-03
1.8963809858e-01 3.9999369874e+00 -3.8902399907e-08 1.3333556984e+00 5.0001626374e-01 1.0000157070e-04 1.2500196917e-03
1.9088792686e-01 4.0000240439e+00 -1.9650031936e-05 1.3333490097e+00 5.0000287313e-01 9.9999397455e-05 1.2499924863e-03
1.9213808594e-01 3.9995128212e+00 6.9454927579e-05 1.3330828552e+00 4.9996696401e-01 1.0001215478e-04 1.2501522619e-03
1.9338822418e-01 4.0007296454e+00 1.5021661651e-04 1.3337020731e+00 5.0004706317e-01 9.9979865795e-05 1.2497720274e-03
1.9463764303e-01 3.9985594671e+00 -7.6394232325e-04 1.3345159766e+00 5.0062378249e-01 1.0002903123e-04 1.2504503287e-03
1.9588910946e-01 4.0007093632e+00 -1.4620701740e-03 1.3315036879e+00 4.9922534993e-01 9.9982062465e-05 1.2497783633e-03
1.9713708842e-01 4.0305608986e+00 6.9079003053e-03 1.3428886622e+00 4.9976493197e-01 9.9237593313e-05 1.2405221322e-03
1.9837157627e-01 3.7373289617e+00 5.0929807256e-03 1.3007927900e+00 5.2208119889e-01 1.0703976702e-04 1.3378538660e-03
1.9980519292e-01 2.2646739772e+00 -1.8563482777e-01 7.1145885754e-01 4.7123263527e-01 4.9258597634e-05 2.2078233116e-03
2.0279316141e-01 1.2988224600e+00 -7.6103308744e-01 8.7631341499e-02 1.0120475762e-01 3.6711288870e-05 3.8496408510e-03
2.0750461431e-01 1.0302343570e+00 -9.9319489254e-01 6.2303120222e-04 9.0712059543e-04 1.7463276084e-05 4.8532646637e-03
2.1249988933e-01 1.0005002591e+00 -9.9998922373e-01 1.0593623803e-06 1.5882490344e-06 1.3834958637e-05 4.9974999550e-03
2.1750010859e-01 1.0031301463e+00 -9.9999953195e-01 1.0028987635e-06 1.4996540088e-06 5.0494297723e-05 4.9843981047e-03
2.2249990647e-01 9.9686885472e-01 -1.0000004713e+00 9.8306516666e-07 1.4792294322e-06 4.0125564477e-04 5.0157049007e-03
2.2749982926e-01 9.9681816612e-01 -1.0000006531e+00 1.0147570362e-06 1.5269941961e-06 4.0127704367e-04 5.0159599513e-03
2.3250012876e-01 1.0063669865e+00 -9.9999938058e-01 1.0030796550e-06 1.4951001996e-06 5.0427105581e-05 4.9683664776e-03
2.3750015569e-01 9.9368358578e-01 -9.9999944263e-01 9.9283916409e-07 1.4987253160e-06 4.0254220169e-04 5.0317828246e-03
2.4249988736e-01 1.0064355873e+00 -1.0000005220e+00 9.9223989678e-07 1.4788426244e-06 5.0099832474e-05 4.9680278234e-03
2.4749982229e-01 9.9681543059e-01 -1.0000006697e+00 1.0150558724e-06 1.5274480730e-06 4.0127786948e-04 5.0159737165e-03
2.5250013127e-01 9.9682016081e-01 -9.9999938813e-01 9.9346311838e-07 1.4949483730e-06 4.0127590739e-04 5.0159499141e-03
2.5750003267e-01 1.0064131401e+00 -9.9999993975e-01 1.0058209902e-06 1.4991174352e-06 5.0760915697e-05 4.9681386311e-03
2.6249999322e-01 9.9365351660e-01 -1.0000000165e+00 9.9360694687e-07 1.4999296993e-06 4.0255436466e-04 5.0319350925e-03
2.6750011727e-01 1.0064073361e+00 -9.9999951135e-01 1.0061801229e-06 1.4996613501e-06 5.0918886429e-05 4.9681672825e-03
2.7249990255e-01 9.9686942049e-01 -1.0000004792e+00 9.8308006204e-07 1.4792510060e-06 4.0125608662e-04 5.0157020541e-03
2.7749984034e-01 9.9682206993e-01 -1.0000006085e+00 1.0150720860e-06 1.5274622973e-06 4.0127518805e-04 5.0159403075e-03
2.8250008550e-01 1.0063722605e+00 -9.9999948867e-01 1.0020729928e-06 1.4935919323e-06 5.0408476606e-05 4.9683404404e-03
2.8749991237e-01 9.9683286684e-01 -1.0000005182e+00 9.9262685238e-07 1.4936709333e-06 4.0127079970e-04 5.0158859788e-03
2.9250016168e-01 9.9682109603e-01 -9.9999938532e-01 1.0151227330e-06 1.5275400024e-06 4.0127558368e-04 5.0159452081e-03
2.9750009921e-01 1.0064303236e+00 -9.9999951545e-01 9.9248075044e-07 1.4792093311e-06 5.0100593272e-05 4.9680538066e-03
3.0249988039e-01 9.9367026358e-01 -1.0000005000e+00 9.9339606507e-07 1.4995860823e-06 4.0254759217e-04 5.0318502860e-03
3.0749999900e-01 1.0063954380e+00 -1.0000000030e+00 1.0064126462e-06 1.5000256483e-06 5.0776990797e-05 4.9682260187e-03
3.1250011746e-01 9.9366977115e-01 -9.9999950195e-01 9.9344106098e-07 1.4996547492e-06 4.0254779146e-04 5.0318527796e-03
3.1749990375e-01 1.0064314253e+00 -1.0000004782e+00 9.9246053444e-07 1.4791775815e-06 5.0101585489e-05 4.9680483680e-03
3.2249982561e-01 9.9681703705e-01 -1.0000006592e+00 1.0149020949e-06 1.5272142087e-06 4.0127722294e-04 5.0159656327e-03
3.2750013243e-01 9.9680826103e-01 -9.9999936943e-01 9.9345912884e-07 1.4949602160e-06 4.0128069845e-04 5.0160097939e-03
3.3250015813e-01 1.0064024519e+00 -9.9999943945e-01 1.0055224836e-06 1.4986884447e-06 5.0920121834e-05 4.9681913936e-03
3.3749988576e-01 9.9687574323e-01 -1.0000005269e+00 9.8278882333e-07 1.4788033965e-06 4.0125354135e-04 5.0156702417e-03
3.4249981848e-01 9.9681560479e-01 -1.0000006778e+00 1.0151264862e-06 1.5275540652e-06 4.0127779106e-04 5.0159728399e-03
3.4750013303e-01 1.0063782501e+00 -9.9999938315e-01 1.0029592683e-06 1.4949040307e-06 5.0411690160e-05 4.9683108705e-03
3.5250003575e-01 9.9367401824e-01 -9.9999992840e-01 9.9310354746e-07 1.4991388462e-06 4.0254606304e-04 5.0318312729e-03
3.5750000122e-01 1.0064269323e+00 -9.9999999634e-01 1.0062981166e-06 1.4998080104e-06 5.0771185345e-05 4.9680705470e-03
3.6249996353e-01 9.9367435878e-01 -1.0000000728e+00 9.9303515414e-07 1.4990350894e-06 4.0254592522e-04 5.0318295484e-03
3.6749986603e-01 1.0063780272e+00 -1.0000006197e+00 1.0030044789e-06 1.4949717479e-06 5.0414721573e-05 4.9683119710e-03
3.7250018278e-01 9.9681664106e-01 -9.9999932124e-01 1.0150692750e-06 1.5274663862e-06 4.0127737432e-04 5.0159676254e-03
3.7750010341e-01 9.9687081743e-01 -9.9999948811e-01 9.8284307859e-07 1.4788923420e-06 4.0125552026e-04 5.0156950255e-03
3.8249989586e-01 1.0058703373e+00 -1.0000002615e+00 1.0054579380e-06 1.4993850113e-06 5.1090244146e-05 4.9708196123e-03
3.8750533446e-01 9.9276328135e-01 -9.9998227988e-01 9.8455839227e-07 1.4876029524e-06 4.0291507233e-04 5.0364473525e-03
3.9251090230e-01 6.7099164509e-01 -9.9996450417e-01 6.7448690400e-07 1.5078136418e-06 1.1085626223e-04 7.4516576124e-03
4.0250174250e-01 4.9888259522e-01 -9.9999351991e-01 5.0019485291e-07 1.5039455907e-06 8.0179178382e-04 1.0022398151e-02
