# x  rho  v  p  e  w  vol
-1.0735783091e-03 9.7454909257e+00 7.9902009820e-09 1.3333326850e+00 2.0522301470e-01 5.1305778627e-05 5.1305778622e-04
2.1154163079e-03 2.1765681839e+00 3.9021209188e-07 1.3333336528e+00 9.1887793546e-01 2.2971942881e-04 2.2971942883e-03
3.4801062954e-03 3.6584217115e+00 8.7859492479e-07 1.3333348311e+00 5.4668444601e-01 1.3667095798e-04 1.3667095798e-03
4.8723689900e-03 3.8734184959e+00 7.1756139299e-07 1.3333369326e+00 5.1634115990e-01 1.2908494152e-04 1.2908494151e-03
6.0610724068e-03 4.2151464327e+00 4.9870738409e-07 1.3333386497e+00 4.7448125624e-01 1.1861984109e-04 1.1861984109e-03
7.2470521125e-03 4.1965189836e+00 2.5532210428e-07 1.3333400722e+00 4.7658788539e-01 1.1914636916e-04 1.1914636916e-03
8.4442355913e-03 4.1373879163e+00 -5.9200027754e-08 1.3333404311e+00 4.8339935416e-01 1.2084919522e-04 1.2084919522e-03
9.6640586844e-03 4.0758883866e+00 -2.5598720457e-07 1.3333395718e+00 4.9069286692e-01 1.2267264276e-04 1.2267264276e-03
1.0897522545e-02 4.0431909951e+00 -3.4725480104e-07 1.3333380977e+00 4.9466056610e-01 1.2366469964e-04 1.2366469964e-03
1.2137247118e-02 4.0281060350e+00 -2.9155740631e-07 1.3333363568e+00 4.9651238517e-01 1.2412781482e-04 1.2412781482e-03
1.3380034381e-02 4.0203137369e+00 1.3309752563e-07 1.3333339336e+00 4.9747383693e-01 1.2436840324e-04 1.2436840324e-03
1.4624607820e-02 4.0137399249e+00 5.8826032740e-07 1.3333319698e+00 4.9828787917e-01 1.2457209718e-04 1.2457209718e-03
1.5871481100e-02 4.0064201043e+00 9.4914614458e-07 1.3333310077e+00 4.9919790223e-01 1.2479969324e-04 1.2479969324e-03
1.7120596439e-02 3.9999655647e+00 1.2616619721e-06 1.3333312671e+00 5.0000352962e-01 1.2500107611e-04 1.2500107611e-03
1.8371494193e-02 3.9948767944e+00 1.3245996950e-06 1.3333321536e+00 5.0064077900e-01 1.2516030549e-04 1.2516030550e-03
1.9623787614e-02 3.9921795218e+00 1.2225135812e-06 1.3333333063e+00 5.0097946460e-01 1.2524486869e-04 1.2524486869e-03
2.0876377469e-02 3.9917314398e+00 6.6555416392e-07 1.3333353064e+00 5.0103645240e-01 1.2525892775e-04 1.2525892774e-03
2.2128965649e-02 3.9913663101e+00 -1.5787116817e-08 1.3333371759e+00 5.0108298976e-01 1.2527038642e-04 1.2527038642e-03
2.3381781523e-02 3.9915866700e+00 -6.0908656329e-07 1.3333381666e+00 5.0105569920e-01 1.2526347073e-04 1.2526347073e-03
2.4634229239e-02 3.9927353546e+00 -1.1228593353e-06 1.3333379546e+00 5.0091146900e-01 1.2522743322e-04 1.2522743322e-03
2.5886330776e-02 3.9937907666e+00 -1.3323221205e-06 1.3333371403e+00 5.0077879072e-01 1.2519434022e-04 1.2519434022e-03
2.7138117419e-02 3.9946272411e+00 -1.3427078160e-06 1.3333361753e+00 5.0067356533e-01 1.2516812454e-04 1.2516812454e-03
2.8389695978e-02 3.9950313092e+00 -1.0033073357e-06 1.3333347186e+00 5.0062237894e-01 1.2515546470e-04 1.2515546470e-03
2.9641223527e-02 3.9959441957e+00 -5.1576548784e-07 1.3333333707e+00 5.0050750414e-01 1.2512687252e-04 1.2512687253e-03
3.0892230192e-02 3.9973745575e+00 -1.8351042459e-08 1.3333328879e+00 5.0032822873e-01 1.2508209896e-04 1.2508209897e-03
3.2142873012e-02 3.9976061783e+00 3.2995174098e-07 1.3333335542e+00 5.0029948975e-01 1.2507485172e-04 1.2507485172e-03
3.3393729509e-02 3.9974730152e+00 4.5417644271e-07 1.3333348672e+00 5.0031664836e-01 1.2507901819e-04 1.2507901819e-03
3.4644448469e-02 3.9981240205e+00 4.4562328372e-07 1.3333364309e+00 5.0023576962e-01 1.2505865187e-04 1.2505865187e-03
3.5894902616e-02 3.9987640377e+00 1.3973583792e-07 1.3333384473e+00 5.0015646137e-01 1.2503863576e-04 1.2503863576e-03
3.7145223652e-02 3.9990096726e+00 -1.5657839083e-07 1.3333399916e+00 5.0012631903e-01 1.2503095540e-04 1.2503095539e-03
3.8395525075e-02 3.9987195323e+00 -3.8924125460e-07 1.3333404119e+00 5.0016276503e-01 1.2504002743e-04 1.2504002743e-03
3.9646021108e-02 3.9989239077e+00 -4.7588715197e-07 1.3333398639e+00 5.0013699734e-01 1.2503363693e-04 1.2503363693e-03
4.0896193630e-02 3.9997974007e+00 -3.6145905125e-07 1.3333387453e+00 5.0002735580e-01 1.2500633155e-04 1.2500633155e-03
4.2146154674e-02 3.9995616257e+00 8.7833505777e-08 1.3333368016e+00 5.0005610354e-01 1.2501370070e-04 1.2501370070e-03
4.3396468365e-02 3.9992105676e+00 8.0712696974e-07 1.3333344294e+00 5.0009910966e-01 1.2502467463e-04 1.2502467463e-03
4.4646642558e-02 3.9997566797e+00 1.4258639521e-06 1.3333329986e+00 5.0003029137e-01 1.2500760422e-04 1.2500760422e-03
4.5896622536e-02 3.9999690006e+00 1.8913863123e-06 1.3333326412e+00 5.0000361540e-01 1.2500096874e-04 1.2500096874e-03
4.7146663761e-02 3.9998888364e+00 2.1367125161e-06 1.3333334199e+00 5.0001392830e-01 1.2500347396e-04 1.2500347396e-03
4.8396691764e-02 3.9998488692e+00 2.1631425745e-06 1.3333347549e+00 5.0001942519e-01 1.2500472301e-04 1.2500472302e-03
4.9646756495e-02 4.0000852210e+00 1.9148550690e-06 1.3333365815e+00 4.9999056564e-01 1.2499733690e-04 1.2499733690e-03
5.0896636940e-02 4.0005715105e+00 1.2484795210e-06 1.3333390846e+00 4.9993072781e-01 1.2498214285e-04 1.2498214285e-03
5.2146405029e-02 4.0001492723e+00 6.2771861729e-07 1.3333407727e+00 4.9998413130e-01 1.2499533541e-04 1.2499533541e-03
5.3396541721e-02 4.0000354144e+00 1.1748681081e-07 1.3333412594e+00 4.9999854550e-01 1.2499889331e-04 1.2499889331e-03
5.4646377213e-02 4.0008309400e+00 -1.6382743512e-07 1.3333403078e+00 4.9989876895e-01 1.2497403852e-04 1.2497403852e-03
5.5896029008e-02 4.0005836399e+00 -2.0585636389e-07 1.3333385852e+00 4.9992902484e-01 1.2498176392e-04 1.2498176392e-03
5.7146014203e-02 4.0000623813e+00 -3.1725414328e-08 1.3333362621e+00 4.9999330074e-01 1.2499805061e-04 1.2499805062e-03
5.8395985058e-02 4.0003352860e+00 7.2735918741e-07 1.3333326725e+00 4.9995784498e-01 1.2498952318e-04 1.2498952319e-03
5.9645804989e-02 4.0005566190e+00 1.4688272275e-06 1.3333294137e+00 4.9992896265e-01 1.2498260807e-04 1.2498260808e-03
6.0895639045e-02 4.0004856885e+00 1.9160136270e-06 1.3333278900e+00 4.9993725530e-01 1.2498482408e-04 1.2498482408e-03
6.2145502886e-02 4.0001883171e+00 2.1479636932e-06 1.3333278651e+00 4.9997441098e-01 1.2499411537e-04 1.2499411537e-03
6.3395519063e-02 4.0002573775e+00 2.0487985483e-06 1.3333289046e+00 4.9996616921e-01 1.2499195747e-04 1.2499195747e-03
6.4645339189e-02 4.0007819569e+00 1.5267579500e-06 1.3333313287e+00 4.9990152291e-01 1.2497556863e-04 1.2497556862e-03
6.5895036674e-02 4.0003080828e+00 1.7834515282e-07 1.3333357640e+00 4.9996240405e-01 1.2499037316e-04 1.2499037315e-03
6.7145145334e-02 4.0000451024e+00 -1.2511940434e-06 1.3333403206e+00 4.9999698247e-01 1.2499859057e-04 1.2499859057e-03
6.8395002588e-02 4.0007259983e+00 -2.1236912197e-06 1.3333428099e+00 4.9991281974e-01 1.2497731667e-04 1.2497731667e-03
6.9644697267e-02 4.0005107887e+00 -2.5037718839e-06 1.3333434538e+00 4.9993995426e-01 1.2498403989e-04 1.2498403989e-03
7.0894685081e-02 4.0000242918e+00 -2.5615857039e-06 1.3333428960e+00 5.0000054952e-01 1.2499924089e-04 1.2499924088e-03
7.2144677971e-02 4.0001961161e+00 -2.1305677657e-06 1.3333411544e+00 4.9997841945e-01 1.2499387167e-04 1.2499387167e-03
7.3394562170e-02 4.0004230957e+00 -9.0783275926e-07 1.3333375149e+00 4.9994868656e-01 1.2498677965e-04 1.2498677966e-03
7.4644415067e-02 4.0004095604e+00 3.8721154902e-07 1.3333338046e+00 4.9994898691e-01 1.2498720254e-04 1.2498720255e-03
7.5894308660e-02 4.0000056244e+00 1.1776918766e-06 1.3333319944e+00 4.9999879484e-01 1.2499982424e-04 1.2499982424e-03
7.7144408921e-02 4.0000226161e+00 1.5800125151e-06 1.3333319243e+00 4.9999664461e-01 1.2499929325e-04 1.2499929325e-03
7.8394290844e-02 4.0006286581e+00 1.5736990467e-06 1.3333330689e+00 4.9992133094e-01 1.2498035752e-04 1.2498035752e-03
7.9644022540e-02 4.0001996184e+00 1.1749222452e-06 1.3333353853e+00 4.9997581841e-01 1.2499376224e-04 1.2499376224e-03
8.0894165615e-02 3.9998464567e+00 2.1132749858e-07 1.3333389802e+00 5.0002131132e-01 1.2500479842e-04 1.2500479841e-03
8.2144112556e-02 4.0004457033e+00 -5.1096839838e-07 1.3333418335e+00 4.9994748049e-01 1.2498607332e-04 1.2498607332e-03
8.3393891594e-02 4.0003228327e+00 -8.0122135779e-07 1.3333429789e+00 4.9996326598e-01 1.2498991229e-04 1.2498991229e-03
8.4643912657e-02 3.9999031086e+00 -8.4643483972e-07 1.3333430007e+00 5.0001573708e-01 1.2500302793e-04 1.2500302793e-03
8.5893948893e-02 4.0000050522e+00 -5.6272768230e-07 1.3333420613e+00 5.0000264147e-01 1.2499984212e-04 1.2499984212e-03
8.7143908699e-02 4.0002352064e+00 3.1938199454e-07 1.3333394831e+00 4.9997290696e-01 1.2499265023e-04 1.2499265023e-03
8.8393802834e-02 4.0003155051e+00 1.6313693049e-06 1.3333359326e+00 4.9996153963e-01 1.2499014123e-04 1.2499014124e-03
8.9643714877e-02 3.9998591796e+00 2.6262779191e-06 1.3333335357e+00 5.0001767906e-01 1.2500440079e-04 1.2500440079e-03
9.0893888159e-02 3.9998332978e+00 3.1967852913e-06 1.3333326186e+00 5.0002057060e-01 1.2500520966e-04 1.2500520966e-03
9.2143814553e-02 4.0005302712e+00 3.4941100980e-06 1.3333328690e+00 4.9993355077e-01 1.2498343122e-04 1.2498343122e-03
9.3393563541e-02 4.0001460054e+00 3.4548817322e-06 1.3333337171e+00 4.9998189390e-01 1.2499543749e-04 1.2499543750e-03
9.4643723687e-02 3.9997003341e+00 2.9975536226e-06 1.3333355621e+00 5.0003829689e-01 1.2500936526e-04 1.2500936526e-03
9.5893744825e-02 4.0002180437e+00 1.8251556605e-06 1.3333388482e+00 4.9997481398e-01 1.2499318652e-04 1.2499318651e-03
9.7143590662e-02 4.0002165122e+00 4.7574842578e-07 1.3333422393e+00 4.9997627699e-01 1.2499323436e-04 1.2499323436e-03
9.8393611399e-02 3.9999130684e+00 -4.7109986872e-07 1.3333440135e+00 5.0001487182e-01 1.2500271667e-04 1.2500271667e-03
9.9643643143e-02 3.9999060698e+00 -1.0388140775e-06 1.3333439683e+00 5.0001572976e-01 1.2500293539e-04 1.2500293539e-03
1.0089366891e-01 4.0000909196e+00 -1.0862283671e-06 1.3333425552e+00 4.9999209341e-01 1.2499715883e-04 1.2499715883e-03
1.0214358610e-01 4.0003110116e+00 -6.2262293162e-07 1.3333397138e+00 4.9996351906e-01 1.2499028164e-04 1.2499028164e-03
1.0339347898e-01 3.9998200763e+00 9.3532052289e-07 1.3333341863e+00 5.0002281134e-01 1.2500562285e-04 1.2500562287e-03
1.0464369608e-01 3.9997257755e+00 2.9284690006e-06 1.3333277235e+00 5.0003217657e-01 1.2500857009e-04 1.2500857010e-03
1.0589364492e-01 4.0005059560e+00 4.1011868041e-06 1.3333241235e+00 4.9993331023e-01 1.2498419088e-04 1.2498419087e-03
1.0714338687e-01 4.0001695199e+00 4.4772420046e-06 1.3333233476e+00 4.9997506641e-01 1.2499470272e-04 1.2499470273e-03
1.0839354042e-01 3.9996023809e+00 4.2405649055e-06 1.3333248420e+00 5.0004652275e-01 1.2501242682e-04 1.2501242683e-03
1.0964362925e-01 4.0000212301e+00 2.7998410787e-06 1.3333299834e+00 4.9999609005e-01 1.2499933658e-04 1.2499933656e-03
1.1089352886e-01 4.0001671865e+00 -4.5703945618e-07 1.3333397046e+00 4.9998149169e-01 1.2499477567e-04 1.2499477564e-03
1.1214352681e-01 3.9999850697e+00 -3.3270850089e-06 1.3333486857e+00 5.0000762346e-01 1.2500046658e-04 1.2500046657e-03
1.1339353787e-01 3.9998529104e+00 -4.6714534371e-06 1.3333530435e+00 5.0002577845e-01 1.2500459671e-04 1.2500459672e-03
1.1464361709e-01 3.9999856172e+00 -4.9484181108e-06 1.3333538409e+00 5.0000948822e-01 1.2500044947e-04 1.2500044946e-03
1.1589354540e-01 4.0003525019e+00 -4.4114089137e-06 1.3333518657e+00 4.9996289015e-01 1.2498898529e-04 1.2498898528e-03
1.1714340231e-01 3.9998377428e+00 -2.2082878596e-06 1.3333451487e+00 5.0002471390e-01 1.2500507072e-04 1.2500507074e-03
1.1839364463e-01 3.9996730047e+00 1.2775838644e-06 1.3333351141e+00 5.0004154561e-01 1.2501021942e-04 1.2501021944e-03
1.1964360082e-01 4.0004486833e+00 3.5501061414e-06 1.3333282775e+00 4.9994202514e-01 1.2498598022e-04 1.2498598022e-03
1.2089337088e-01 4.0001604639e+00 4.4229291231e-06 1.3333257864e+00 4.9997711284e-01 1.2499498571e-04 1.2499498570e-03
1.2214350225e-01 3.9995980102e+00 4.5972881268e-06 1.3333261789e+00 5.0004757059e-01 1.2501256344e-04 1.2501256344e-03
1.2339361674e-01 3.9999006808e+00 3.8345402224e-06 1.3333292245e+00 5.0001087434e-01 1.2500310381e-04 1.2500310380e-03
1.2464356474e-01 4.0001359079e+00 1.7764467591e-06 1.3333359681e+00 4.9998400008e-01 1.2499575304e-04 1.2499575302e-03
1.2589353374e-01 4.0000617624e+00 -3.6679378436e-07 1.3333431270e+00 4.9999595238e-01 1.2499806996e-04 1.2499806995e-03
1.2714352740e-01 3.9997870081e+00 -1.4888703937e-06 1.3333472498e+00 5.0003184435e-01 1.2500665635e-04 1.2500665635e-03
1.2839366467e-01 3.9998633057e+00 -1.8315499003e-06 1.3333487895e+00 5.0002288364e-01 1.2500427184e-04 1.2500427184e-03
1.2964361008e-01 4.0003795542e+00 -1.8237136795e-06 1.3333489469e+00 4.9995841476e-01 1.2498814006e-04 1.2498814006e-03
1.3089343365e-01 3.9999063498e+00 -1.4627998579e-06 1.3333478895e+00 5.0001716522e-01 1.2500292664e-04 1.2500292664e-03
1.3214366726e-01 3.9996495996e+00 -4.1926660801e-07 1.3333448341e+00 5.0004811705e-01 1.2501095097e-04 1.2501095097e-03
1.3339364682e-01 4.0003299559e+00 1.5087945985e-06 1.3333394074e+00 4.9996103650e-01 1.2498968972e-04 1.2498968973e-03
1.3464346654e-01 4.0001331755e+00 3.7533671453e-06 1.3333331791e+00 4.9998329577e-01 1.2499583840e-04 1.2499583841e-03
1.3589356527e-01 3.9996660767e+00 5.3581403232e-06 1.3333287997e+00 5.0004004365e-01 1.2501043597e-04 1.2501043597e-03
1.3714367130e-01 3.9998330206e+00 6.1583029532e-06 1.3333267402e+00 5.0001840078e-01 1.2500521833e-04 1.2500521833e-03
1.3839366903e-01 4.0000982542e+00 6.3348655642e-06 1.3333264139e+00 4.9998512381e-01 1.2499692963e-04 1.2499692963e-03
1.3964361131e-01 4.0001367925e+00 5.8963160609e-06 1.3333277129e+00 4.9998079391e-01 1.2499572537e-04 1.2499572538e-03
1.4089358644e-01 3.9997103500e+00 4.1316415641e-06 1.3333327586e+00 5.0003599332e-01 1.2500905223e-04 1.2500905222e-03
1.4214378948e-01 3.9997429073e+00 2.4778844807e-07 1.3333431332e+00 5.0003581384e-01 1.2500803470e-04 1.2500803466e-03
1.4339374309e-01 4.0004229179e+00 -3.6017413006e-06 1.3333536164e+00 4.9995474621e-01 1.2498678523e-04 1.2498678521e-03
1.4464353191e-01 4.0000265891e+00 -5.4785349413e-06 1.3333586709e+00 5.0000617792e-01 1.2499916909e-04 1.2499916910e-03
1.4589372643e-01 3.9996363303e+00 -5.8321369581e-06 1.3333590807e+00 5.0005511899e-01 1.2501136573e-04 1.2501136571e-03
1.4714375333e-01 4.0001888829e+00 -4.5175953942e-06 1.3333546707e+00 4.9998439189e-01 1.2499409769e-04 1.2499409769e-03
1.4839361227e-01 4.0001193437e+00 1.5414892654e-07 1.3333410221e+00 4.9998796567e-01 1.2499627057e-04 1.2499627062e-03
1.4964368063e-01 3.9997482889e+00 6.6709537443e-06 1.3333224397e+00 5.0002738051e-01 1.2500786643e-04 1.2500786647e-03
1.5089376716e-01 3.9997685441e+00 1.0338635319e-05 1.3333114943e+00 5.0002074354e-01 1.2500723342e-04 1.2500723342e-03
1.5214382415e-01 3.9999733892e+00 1.1201580901e-05 1.3333088577e+00 4.9999414795e-01 1.2500083158e-04 1.2500083159e-03
1.5339378386e-01 4.0001665316e+00 1.0079210597e-05 1.3333130351e+00 4.9997157289e-01 1.2499479610e-04 1.2499479610e-03
1.5464372407e-01 3.9997188821e+00 4.7532091320e-06 1.3333291077e+00 5.0003355748e-01 1.2500878561e-04 1.2500878555e-03
1.5589395691e-01 3.9996965656e+00 -3.6114943654e-06 1.3333533582e+00 5.0004544207e-01 1.2500948310e-04 1.2500948305e-03
1.5714390859e-01 4.0004965241e+00 -8.5837889270e-06 1.3333690782e+00 4.9995134486e-01 1.2498448554e-04 1.2498448555e-03
1.5839365369e-01 4.0001660379e+00 -9.8560465688e-06 1.3333740907e+00 4.9999452949e-01 1.2499481153e-04 1.2499481153e-03
1.5964380613e-01 3.9996269475e+00 -9.1668738200e-06 1.3333718330e+00 5.0006107464e-01 1.2501165899e-04 1.2501165898e-03
1.6089388094e-01 4.0000367835e+00 -4.6564758691e-06 1.3333586145e+00 5.0000488246e-01 1.2499885047e-04 1.2499885053e-03
1.6214378524e-01 4.0001099184e+00 3.1274420598e-06 1.3333364769e+00 4.9998743940e-01 1.2499656509e-04 1.2499656514e-03
1.6339381417e-01 3.9998738358e+00 8.0905588656e-06 1.3333211796e+00 5.0001121324e-01 1.2500394277e-04 1.2500394276e-03
1.6464386344e-01 3.9997435951e+00 9.7330741495e-06 1.3333156474e+00 5.0002542000e-01 1.2500801318e-04 1.2500801317e-03
1.6589397274e-01 3.9998857243e+00 9.7956003020e-06 1.3333159250e+00 5.0000775656e-01 1.2500357121e-04 1.2500357122e-03
1.6714393346e-01 4.0002522315e+00 7.9439199150e-06 1.3333220058e+00 4.9996422548e-01 1.2499211829e-04 1.2499211826e-03
1.6839382042e-01 3.9997681685e+00 4.0141928624e-06 1.3333339792e+00 5.0002922282e-01 1.2500724518e-04 1.2500724515e-03
1.6964407607e-01 3.9996507268e+00 1.1567005687e-06 1.3333436866e+00 5.0004754576e-01 1.2501091574e-04 1.2501091574e-03
1.7089403295e-01 4.0004581393e+00 -2.2780764334e-07 1.3333488800e+00 4.9994856847e-01 1.2498568478e-04 1.2498568479e-03
1.7214379657e-01 4.0001768814e+00 -9.1518530095e-07 1.3333518341e+00 4.9998482830e-01 1.2499447269e-04 1.2499447270e-03
1.7339392417e-01 3.9996131254e+00 -1.5441788689e-06 1.3333541098e+00 5.0005615594e-01 1.2501209100e-04 1.2501209100e-03
1.7464403292e-01 3.9999247281e+00 -2.4031054916e-06 1.3333567580e+00 5.0001819360e-01 1.2500235230e-04 1.2500235229e-03
1.7589397172e-01 4.0001551552e+00 -3.2829454770e-06 1.3333593932e+00 4.9999037844e-01 1.2499515160e-04 1.2499515159e-03
1.7714393794e-01 4.0000680126e+00 -3.5167078678e-06 1.3333605191e+00 5.0000169308e-01 1.2499787466e-04 1.2499787464e-03
1.7839393042e-01 3.9997888320e+00 -2.8280917104e-06 1.3333586648e+00 5.0003589719e-01 1.2500659938e-04 1.2500659935e-03
1.7964406781e-01 3.9998473826e+00 4.7341035155e-07 1.3333490416e+00 5.0002496872e-01 1.2500476946e-04 1.2500476948e-03
1.8089402320e-01 4.0003230975e+00 8.3179282326e-06 1.3333271371e+00 4.9995729266e-01 1.2498990394e-04 1.2498990402e-03
1.8214387208e-01 3.9998089037e+00 1.6934916614e-05 1.3333026877e+00 5.0001239552e-01 1.2500597200e-04 1.2500597204e-03
1.8339414112e-01 3.9995384817e+00 2.0559758186e-05 1.3332902302e+00 5.0004153091e-01 1.2501442410e-04 1.2501442411e-03
1.8464415453e-01 4.0002332523e+00 1.9989540319e-05 1.3332914879e+00 4.9995515402e-01 1.2499271130e-04 1.2499271129e-03
1.8589400061e-01 4.0000857448e+00 1.2489933084e-05 1.3333137989e+00 4.9998195686e-01 1.2499732054e-04 1.2499732053e-03
1.8714410254e-01 3.9996825088e+00 1.6346656796e-06 1.3333426102e+00 5.0004316865e-01 1.2500992233e-04 1.2500992239e-03
1.8839419497e-01 3.9999335571e+00 -1.5678403607e-05 1.3333903544e+00 5.0002968876e-01 1.2500207664e-04 1.2500207637e-03
1.8964414303e-01 4.0003496401e+00 -4.2792952022e-05 1.3334854559e+00 5.0001333979e-01 1.2498907571e-04 1.2498907470e-03
1.9089397935e-01 4.0003026691e+00 -4.3210167631e-05 1.3334427378e+00 5.0000319280e-01 1.2499054179e-04 1.2499054231e-03
1.9214395872e-01 3.9994809360e+00 6.5690100816e-05 1.3330776634e+00 4.9996900274e-01 1.2501621518e-04 1.2501622286e-03
1.9339429448e-01 4.0001524868e+00 1.3474897868e-04 1.3335492405e+00 5.0006190197e-01 1.2499523815e-04 1.2499523497e-03
1.9464387078e-01 3.9996478626e+00 -6.0014002560e-04 1.3343746290e+00 5.0043454132e-01 1.2501107045e-04 1.2501100526e-03
1.9589451405e-01 3.9992226039e+00 -9.8485571825e-04 1.3314061720e+00 4.9937436743e-01 1.2502421526e-04 1.2502429835e-03
1.9714423438e-01 4.0184518182e+00 5.6995562990e-03 1.3382230963e+00 4.9952935491e-01 1.2442431601e-04 1.2442602839e-03
1.9838488304e-01 3.7659171202e+00 2.7456536163e-03 1.3053102939e+00 5.1991729463e-01 1.3276330880e-04 1.3276978331e-03
1.9981934373e-01 2.2731401504e+00 -1.8345687605e-01 7.1580186757e-01 4.7234342377e-01 2.1996438446e-04 2.1996004070e-03
2.0279618366e-01 1.2986861718e+00 -7.5864948681e-01 8.8577462179e-02 1.0230816047e-01 3.8501173142e-04 3.8500448442e-03
2.0750457036e-01 1.0288326699e+00 -9.9310615632e-01 6.3139878976e-04 9.2055609466e-04 4.8598614269e-04 4.8598767772e-03
2.1250000533e-01 1.0001842374e+00 -9.9998861188e-01 1.0551251136e-06 1.5823961338e-06 4.9990610592e-04 4.9990789826e-03
2.1750000000e-01 9.9999862981e-01 -9.9999999827e-01 9.9999966305e-07 1.5000015499e-06 5.0000063061e-04 5.0000068510e-03
2.2250000000e-01 1.0000000129e+00 -1.0000000000e+00 1.0000000211e-06 1.5000000122e-06 4.9999999329e-04 4.9999999353e-03
2.2750000000e-01 9.9999999986e-01 -1.0000000000e+00 9.9999999985e-07 1.5000000000e-06 5.0000000006e-04 5.0000000007e-03
2.3250000000e-01 1.0000000000e+00 -1.0000000000e+00 1.0000000000e-06 1.5000000000e-06 5.0000000000e-04 5.0000000000e-03
2.3750000000e-01 1.0000000000e+00 -1.0000000000e+00 1.0000000000e-06 1.5000000000e-06 5.0000000000e-04 5.0000000000e-03
2.4250000000e-01 1.0000000000e+00 -1.0000000000e+00 1.0000000000e-06 1.5000000000e-06 5.0000000000e-04 5.0000000000e-03
2.4750000000e-01 1.0000000000e+00 -1.0000000000e+00 1.0000000000e-06 1.5000000000e-06 5.0000000000e-04 5.0000000000e-03
2.5250000000e-01 1.0000000000e+00 -1.0000000000e+00 1.0000000000e-06 1.5000000000e-06 5.0000000000e-04 5.0000000000e-03
2.5750000000e-01 1.0000000000e+00 -1.0000000000e+00 1.0000000000e-06 1.5000000000e-06 5.0000000000e-04 5.0000000000e-03
2.6250000000e-01 1.0000000000e+00 -1.0000000000e+00 1.0000000000e-06 1.5000000000e-06 5.0000000000e-04 5.0000000000e-03
2.6750000000e-01 1.0000000000e+00 -1.0000000000e+00 1.0000000000e-06 1.5000000000e-06 5.0000000000e-04 5.0000000000e-03
2.7250000000e-01 1.0000000000e+00 -1.0000000000e+00 1.0000000000e-06 1.5000000000e-06 5.0000000000e-04 5.0000000000e-03
2.7750000000e-01 1.0000000000e+00 -1.0000000000e+00 1.0000000000e-06 1.5000000000e-06 5.0000000000e-04 5.0000000000e-03
2.8250000000e-01 1.0000000000e+00 -1.0000000000e+00 1.0000000000e-06 1.5000000000e-06 5.0000000000e-04 5.0000000000e-03
2.8750000000e-01 1.0000000000e+00 -1.0000000000e+00 1.0000000000e-06 1.5000000000e-06 5.0000000000e-04 5.0000000000e-03
2.9250000000e-01 1.0000000000e+00 -1.0000000000e+00 1.0000000000e-06 1.5000000000e-06 5.0000000000e-04 5.0000000000e-03
2.9750000000e-01 1.0000000000e+00 -1.0000000000e+00 1.0000000000e-06 1.5000000000e-06 5.0000000000e-04 5.0000000000e-03
3.0250000000e-01 1.0000000000e+00 -1.0000000000e+00 1.0000000000e-06 1.5000000000e-06 5.0000000000e-04 5.0000000000e-03
3.0750000000e-01 1.0000000000e+00 -1.0000000000e+00 1.0000000000e-06 1.5000000000e-06 5.0000000000e-04 5.0000000000e-03
3.1250000000e-01 1.0000000000e+00 -1.0000000000e+00 1.0000000000e-06 1.5000000000e-06 5.0000000000e-04 5.0000000000e-03
3.1750000000e-01 1.0000000000e+00 -1.0000000000e+00 1.0000000000e-06 1.5000000000e-06 5.0000000000e-04 5.0000000000e-03
3.2250000000e-01 1.0000000000e+00 -1.0000000000e+00 1.0000000000e-06 1.5000000000e-06 5.0000000000e-04 5.0000000000e-03
3.2750000000e-01 1.0000000000e+00 -1.0000000000e+00 1.0000000000e-06 1.5000000000e-06 5.0000000000e-04 5.0000000000e-03
3.3250000000e-01 1.0000000000e+00 -1.0000000000e+00 1.0000000000e-06 1.5000000000e-06 5.0000000000e-04 5.0000000000e-03
3.3750000000e-01 1.0000000000e+00 -1.0000000000e+00 1.0000000000e-06 1.5000000000e-06 5.0000000000e-04 5.0000000000e-03
3.4250000000e-01 1.0000000000e+00 -1.0000000000e+00 1.0000000000e-06 1.5000000000e-06 5.0000000000e-04 5.0000000000e-03
3.4750000000e-01 1.0000000000e+00 -1.0000000000e+00 1.0000000000e-06 1.5000000000e-06 5.0000000000e-04 5.0000000000e-03
3.5250000000e-01 1.0000000000e+00 -1.0000000000e+00 1.0000000000e-06 1.5000000000e-06 5.0000000000e-04 5.0000000000e-03
3.5750000000e-01 1.0000000000e+00 -1.0000000000e+00 1.0000000000e-06 1.5000000000e-06 5.0000000000e-04 5.0000000000e-03
3.6250000000e-01 1.0000000000e+00 -1.0000000000e+00 1.0000000001e-06 1.5000000001e-06 5.0000000000e-04 5.0000000000e-03
3.6750000000e-01 1.0000000047e+00 -1.0000000000e+00 1.0000000061e-06 1.5000000022e-06 4.9999999766e-04 4.9999999766e-03
3.7249999997e-01 9.9999986435e-01 -1.0000000001e+00 9.9999988272e-07 1.5000000276e-06 5.0000006783e-04 5.0000006783e-03
3.7750000078e-01 1.0000055009e+00 -9.9999999148e-01 1.0000003635e-06 1.4999922940e-06 4.9999724972e-04 4.9999724958e-03
3.8250000545e-01 9.9940675904e-01 -9.9999977593e-01 9.9927699998e-07 1.4998052459e-06 5.0029679656e-04 5.0029679655e-03
3.8750529145e-01 1.0053077244e+00 -9.9998244319e-01 9.9671039755e-07 1.4871720967e-06 4.9736014882e-04 4.9736014940e-03
3.9251098424e-01 6.6596900121e-01 -9.9996422405e-01 6.6954855882e-07 1.5080624419e-06 7.5078569589e-04 7.5078569587e-03
4.0250174218e-01 4.9936472915e-01 -9.9999352238e-01 5.0068924121e-07 1.5039785911e-06 1.0012721584e-03 1.0012721580e-02
