# x  rho  v  p  e  w  vol
-1.0892529097e-03 9.7669259698e+00 1.0179352174e-09 1.3333318309e+00 2.0477248958e-01 0.0000000000e+00 5.1193180080e-04
2.1131165113e-03 2.1889768992e+00 4.7788681048e-08 1.3333320717e+00 9.1366798268e-01 0.0000000000e+00 2.2841721180e-03
3.4790913262e-03 3.6386435407e+00 7.0249248983e-08 1.3333324962e+00 5.4965503545e-01 0.0000000000e+00 1.3741384513e-03
4.8613934140e-03 3.8831478879e+00 -1.7054860321e-07 1.3333335312e+00 5.1504613125e-01 0.0000000000e+00 1.2876151371e-03
6.0543216004e-03 4.2043921201e+00 -5.5097979897e-07 1.3333348268e+00 4.7569355640e-01 0.0000000000e+00 1.1892325590e-03
7.2398585319e-03 4.1947554836e+00 -9.3030954183e-07 1.3333360475e+00 4.7678680653e-01 0.0000000000e+00 1.1919645899e-03
8.4382507803e-03 4.1348697684e+00 -1.2205289785e-06 1.3333368030e+00 4.8369242962e-01 0.0000000000e+00 1.2092279274e-03
9.6583143867e-03 4.0769595162e+00 -1.3672141579e-06 1.3333371992e+00 4.9056307547e-01 0.0000000000e+00 1.2264041328e-03
1.0891059046e-02 4.0451686639e+00 -1.3507183143e-06 1.3333374243e+00 4.9441847861e-01 0.0000000000e+00 1.2360424040e-03
1.2130399195e-02 4.0292440408e+00 -1.1800940481e-06 1.3333373631e+00 4.9637252656e-01 0.0000000000e+00 1.2409275659e-03
1.3372914178e-02 4.0205900917e+00 -8.2574827804e-07 1.3333371572e+00 4.9744084580e-01 0.0000000000e+00 1.2435985480e-03
1.4617596291e-02 4.0139962031e+00 -3.9339787061e-07 1.3333369677e+00 4.9825793310e-01 0.0000000000e+00 1.2456414374e-03
1.5864197052e-02 4.0066984104e+00 -2.4893333102e-08 1.3333370056e+00 4.9916547330e-01 0.0000000000e+00 1.2479102463e-03
1.7113416783e-02 3.9998603319e+00 1.6835924472e-07 1.3333372409e+00 5.0001892451e-01 0.0000000000e+00 1.2500436478e-03
1.8364284348e-02 3.9957462212e+00 2.2294437247e-07 1.3333374498e+00 5.0053383373e-01 0.0000000000e+00 1.2513307210e-03
1.9616078225e-02 3.9927166203e+00 1.2963016602e-07 1.3333376983e+00 5.0091372307e-01 0.0000000000e+00 1.2522802081e-03
2.0868844764e-02 3.9912475666e+00 -4.5266427334e-08 1.3333379259e+00 5.0109817930e-01 0.0000000000e+00 1.2527411333e-03
2.2121560492e-02 3.9919416699e+00 -2.3345189591e-07 1.3333378253e+00 5.0101101250e-01 0.0000000000e+00 1.2525233116e-03
2.3373891387e-02 3.9923870356e+00 -3.1671639169e-07 1.3333374435e+00 5.0095497942e-01 0.0000000000e+00 1.2523835879e-03
2.4626327668e-02 3.9924786920e+00 -3.2819015474e-07 1.3333369735e+00 5.0094330227e-01 0.0000000000e+00 1.2523548366e-03
2.5878601061e-02 3.9935426676e+00 -1.8166063575e-07 1.3333362703e+00 5.0080957484e-01 0.0000000000e+00 1.2520211792e-03
2.7130370026e-02 3.9947871031e+00 9.7746727248e-08 1.3333354338e+00 5.0065325113e-01 0.0000000000e+00 1.2516311561e-03
2.8381863373e-02 3.9955602148e+00 3.3322597724e-07 1.3333349762e+00 5.0055620660e-01 0.0000000000e+00 1.2513889746e-03
2.9633147975e-02 3.9958453199e+00 5.0000122384e-07 1.3333349885e+00 5.0052049632e-01 0.0000000000e+00 1.2512996875e-03
3.0884462748e-02 3.9965221237e+00 5.4522492337e-07 1.3333352768e+00 5.0043584229e-01 0.0000000000e+00 1.2510877821e-03
3.2135323540e-02 3.9977906416e+00 5.0915549437e-07 1.3333356768e+00 5.0027720169e-01 0.0000000000e+00 1.2506908060e-03
3.3385844360e-02 3.9978913027e+00 3.2138389361e-07 1.3333363496e+00 5.0026485787e-01 0.0000000000e+00 1.2506593155e-03
3.4636642171e-02 3.9977852159e+00 1.3758577141e-07 1.3333368683e+00 5.0027832773e-01 0.0000000000e+00 1.2506925035e-03
3.5887229367e-02 3.9987926809e+00 1.5481986039e-08 1.3333369989e+00 5.0015233547e-01 0.0000000000e+00 1.2503774011e-03
3.7137396973e-02 3.9990807183e+00 -2.6628281660e-08 1.3333368689e+00 5.0011626276e-01 0.0000000000e+00 1.2502873416e-03
3.8387804050e-02 3.9986317695e+00 3.8851515459e-08 1.3333366161e+00 5.0017231879e-01 0.0000000000e+00 1.2504277183e-03
3.9638252410e-02 3.9990899580e+00 2.7355959772e-07 1.3333360548e+00 5.0011480190e-01 0.0000000000e+00 1.2502844528e-03
4.0888372955e-02 3.9995366168e+00 5.7181377997e-07 1.3333354562e+00 5.0005872579e-01 0.0000000000e+00 1.2501448240e-03
4.2138542058e-02 3.9994393933e+00 8.2311745407e-07 1.3333352214e+00 5.0007079380e-01 0.0000000000e+00 1.2501752141e-03
4.3388723384e-02 3.9993749094e+00 9.8055472415e-07 1.3333354343e+00 5.0007893653e-01 0.0000000000e+00 1.2501953713e-03
4.4638932800e-02 3.9996536167e+00 1.0097665898e-06 1.3333358808e+00 5.0004425705e-01 0.0000000000e+00 1.2501082541e-03
4.5888939892e-02 4.0001358502e+00 9.4165343833e-07 1.3333365043e+00 4.9998420836e-01 0.0000000000e+00 1.2499575483e-03
4.7138847897e-02 3.9997978747e+00 6.4656059902e-07 1.3333375956e+00 5.0002686538e-01 0.0000000000e+00 1.2500631674e-03
4.8389066227e-02 3.9997375848e+00 3.3911780334e-07 1.3333386348e+00 5.0003479222e-01 0.0000000000e+00 1.2500820101e-03
4.9639011917e-02 4.0005617793e+00 1.5669837007e-07 1.3333391538e+00 4.9993196983e-01 0.0000000000e+00 1.2498244686e-03
5.0888715164e-02 4.0002817665e+00 1.1585422207e-07 1.3333393200e+00 4.9996702651e-01 0.0000000000e+00 1.2499119542e-03
5.2138835825e-02 3.9998083668e+00 2.0443238511e-07 1.3333392284e+00 5.0002616608e-01 0.0000000000e+00 1.2500598883e-03
5.3388834940e-02 4.0006520183e+00 4.9748040805e-07 1.3333386425e+00 4.9992050162e-01 0.0000000000e+00 1.2497962775e-03
5.4638428380e-02 4.0006491264e+00 1.0476282228e-06 1.3333374678e+00 4.9992042255e-01 0.0000000000e+00 1.2497971809e-03
5.5888429302e-02 3.9999253495e+00 1.5828381823e-06 1.3333363100e+00 5.0001044776e-01 0.0000000000e+00 1.2500233287e-03
5.7138475038e-02 4.0004254226e+00 1.9229123764e-06 1.3333356415e+00 4.9994769331e-01 0.0000000000e+00 1.2498670696e-03
5.8388163441e-02 4.0006665857e+00 2.0526497333e-06 1.3333353019e+00 4.9991742876e-01 0.0000000000e+00 1.2497917267e-03
5.9638058491e-02 4.0001876341e+00 1.9326453232e-06 1.3333351657e+00 4.9997723394e-01 0.0000000000e+00 1.2499413671e-03
6.0888046176e-02 4.0003160476e+00 1.6105267368e-06 1.3333354808e+00 4.9996130243e-01 0.0000000000e+00 1.2499012429e-03
6.2137860977e-02 4.0005668758e+00 1.1050934166e-06 1.3333360242e+00 4.9993015949e-01 0.0000000000e+00 1.2498228764e-03
6.3387691928e-02 4.0004459324e+00 6.3093473690e-07 1.3333362051e+00 4.9994534146e-01 0.0000000000e+00 1.2498606617e-03
6.4637582300e-02 4.0001879068e+00 3.5036531788e-07 1.3333357510e+00 4.9997741932e-01 0.0000000000e+00 1.2499412819e-03
6.5887574492e-02 4.0002938015e+00 2.9740432919e-07 1.3333349374e+00 4.9996387898e-01 0.0000000000e+00 1.2499081938e-03
6.7137398688e-02 4.0006411356e+00 4.5245028908e-07 1.3333337740e+00 4.9992003612e-01 0.0000000000e+00 1.2497996772e-03
6.8387173847e-02 4.0001872633e+00 9.4685174615e-07 1.3333319507e+00 4.9997607472e-01 0.0000000000e+00 1.2499414830e-03
6.9637281654e-02 4.0000371353e+00 1.3194981251e-06 1.3333306463e+00 4.9999435051e-01 0.0000000000e+00 1.2499883953e-03
7.0887150637e-02 4.0007287994e+00 1.4460407639e-06 1.3333302893e+00 4.9990777536e-01 0.0000000000e+00 1.2497722917e-03
7.2136826237e-02 4.0003318291e+00 1.3739018980e-06 1.3333306869e+00 4.9995753248e-01 0.0000000000e+00 1.2498963120e-03
7.3386943261e-02 3.9998231761e+00 8.7758246440e-07 1.3333323517e+00 5.0002173582e-01 0.0000000000e+00 1.2500552599e-03
7.4636936757e-02 4.0006543944e+00 -2.7177433372e-07 1.3333357451e+00 4.9991911835e-01 0.0000000000e+00 1.2497955352e-03
7.5886534332e-02 4.0005433560e+00 -1.3943208188e-06 1.3333392047e+00 4.9993429120e-01 0.0000000000e+00 1.2498302243e-03
7.7136597206e-02 3.9997225771e+00 -1.9613606651e-06 1.3333411781e+00 5.0003762225e-01 0.0000000000e+00 1.2500867007e-03
7.8386707733e-02 4.0002586670e+00 -2.0552794410e-06 1.3333419098e+00 4.9997088469e-01 0.0000000000e+00 1.2499191718e-03
7.9636435549e-02 4.0004622686e+00 -1.8451359164e-06 1.3333417465e+00 4.9994537767e-01 0.0000000000e+00 1.2498555577e-03
8.0886418849e-02 3.9998938672e+00 -1.0995573204e-06 1.3333401391e+00 5.0001581918e-01 0.0000000000e+00 1.2500331674e-03
8.2136501884e-02 4.0001054534e+00 1.5675365472e-07 1.3333372388e+00 4.9998828320e-01 0.0000000000e+00 1.2499670467e-03
8.3386352942e-02 4.0003647698e+00 1.0469435850e-06 1.3333352756e+00 4.9995513621e-01 0.0000000000e+00 1.2498860198e-03
8.4636273924e-02 4.0001462243e+00 1.4151213894e-06 1.3333347580e+00 4.9998225685e-01 0.0000000000e+00 1.2499543066e-03
8.5886261555e-02 3.9999624396e+00 1.4532947760e-06 1.3333351400e+00 5.0000537260e-01 0.0000000000e+00 1.2500117377e-03
8.7136297399e-02 4.0001050812e+00 1.0521741589e-06 1.3333365478e+00 4.9998807060e-01 0.0000000000e+00 1.2499671630e-03
8.8386195881e-02 4.0003650316e+00 1.0947855875e-07 1.3333392256e+00 4.9995658460e-01 0.0000000000e+00 1.2498859380e-03
8.9636069275e-02 3.9999365643e+00 -5.8788547935e-07 1.3333412372e+00 5.0001089359e-01 0.0000000000e+00 1.2500198240e-03
9.0886235529e-02 3.9998466436e+00 -8.4230027599e-07 1.3333418646e+00 5.0002236963e-01 0.0000000000e+00 1.2500479257e-03
9.2136165126e-02 4.0004964240e+00 -8.3021494819e-07 1.3333415618e+00 4.9994104000e-01 0.0000000000e+00 1.2498448867e-03
9.3385925302e-02 4.0000821200e+00 -3.7849574282e-07 1.3333400674e+00 4.9999226044e-01 0.0000000000e+00 1.2499743380e-03
9.4636113802e-02 3.9996475794e+00 6.8232575642e-07 1.3333370711e+00 5.0004545824e-01 0.0000000000e+00 1.2501101411e-03
9.5886145585e-02 4.0004916009e+00 1.5520792508e-06 1.3333345178e+00 4.9993900157e-01 0.0000000000e+00 1.2498463936e-03
9.7135806590e-02 4.0003304081e+00 1.9260141134e-06 1.3333334754e+00 4.9995875566e-01 0.0000000000e+00 1.2498967560e-03
9.8385939097e-02 3.9995403567e+00 2.0065133676e-06 1.3333335078e+00 5.0005752744e-01 0.0000000000e+00 1.2501436551e-03
9.9636093900e-02 4.0001235077e+00 1.7539764855e-06 1.3333344534e+00 4.9998498203e-01 0.0000000000e+00 1.2499614050e-03
1.0088586191e-01 4.0002984830e+00 9.7068809234e-07 1.3333368391e+00 4.9996400695e-01 0.0000000000e+00 1.2499067310e-03
1.0213590736e-01 3.9997092896e+00 1.0669173580e-07 1.3333394772e+00 5.0003864557e-01 0.0000000000e+00 1.2500908536e-03
1.0338604361e-01 3.9999796684e+00 -3.3136493818e-07 1.3333408848e+00 5.0000537328e-01 0.0000000000e+00 1.2500063536e-03
1.0463592007e-01 4.0002517525e+00 -4.3253565776e-07 1.3333412680e+00 4.9997150822e-01 0.0000000000e+00 1.2499213323e-03
1.0588588628e-01 4.0000013193e+00 -3.4478472681e-07 1.3333410343e+00 5.0000272295e-01 0.0000000000e+00 1.2499995877e-03
1.0713591924e-01 3.9998622308e+00 1.0113031118e-07 1.3333397998e+00 5.0001964676e-01 0.0000000000e+00 1.2500430544e-03
1.0838597239e-01 4.0000310321e+00 9.9948698986e-07 1.3333374581e+00 4.9999766781e-01 0.0000000000e+00 1.2499903025e-03
1.0963589985e-01 4.0002511572e+00 1.7631819704e-06 1.3333354575e+00 4.9996940382e-01 0.0000000000e+00 1.2499215183e-03
1.1088581542e-01 3.9998289911e+00 2.1713496229e-06 1.3333345464e+00 5.0002183196e-01 0.0000000000e+00 1.2500534426e-03
1.1213600673e-01 3.9997631266e+00 2.3347425330e-06 1.3333344661e+00 5.0003003576e-01 0.0000000000e+00 1.2500740273e-03
1.1338596348e-01 4.0003953957e+00 2.2990037434e-06 1.3333349255e+00 4.9995117741e-01 0.0000000000e+00 1.2498764510e-03
1.1463575964e-01 3.9999799836e+00 1.9759892142e-06 1.3333362311e+00 5.0000358872e-01 0.0000000000e+00 1.2500062552e-03
1.1588597599e-01 3.9995886483e+00 1.1773014954e-06 1.3333388186e+00 5.0005348144e-01 0.0000000000e+00 1.2501285606e-03
1.1713601676e-01 4.0004446580e+00 1.5046831519e-07 1.3333420326e+00 4.9994768580e-01 0.0000000000e+00 1.2498610598e-03
1.1838569811e-01 4.0002739346e+00 -4.8597525830e-07 1.3333442347e+00 4.9996984825e-01 0.0000000000e+00 1.2499144013e-03
1.1963584556e-01 3.9995124270e+00 -6.6051561607e-07 1.3333451916e+00 5.0006540146e-01 0.0000000000e+00 1.2501523851e-03
1.2088600288e-01 4.0001093487e+00 -5.1958147643e-07 1.3333452431e+00 4.9999079782e-01 0.0000000000e+00 1.2499658295e-03
1.2213577722e-01 4.0002615888e+00 1.0040779698e-07 1.3333437623e+00 4.9997121414e-01 0.0000000000e+00 1.2499182588e-03
1.2338583940e-01 3.9996535396e+00 1.6575394956e-06 1.3333397071e+00 5.0004570168e-01 0.0000000000e+00 1.2501082782e-03
1.2463599378e-01 3.9999242421e+00 3.5690284342e-06 1.3333345597e+00 5.0000992982e-01 0.0000000000e+00 1.2500236748e-03
1.2588588675e-01 4.0001891315e+00 4.6416649044e-06 1.3333314293e+00 4.9997564570e-01 0.0000000000e+00 1.2499408992e-03
1.2713587557e-01 3.9999279894e+00 4.8777911585e-06 1.3333304007e+00 5.0000790174e-01 0.0000000000e+00 1.2500225037e-03
1.2838593175e-01 3.9998038726e+00 4.5367021499e-06 1.3333310478e+00 5.0002366003e-01 0.0000000000e+00 1.2500612928e-03
1.2963599816e-01 3.9999917458e+00 3.0184289621e-06 1.3333349351e+00 5.0000163246e-01 0.0000000000e+00 1.2500025794e-03
1.3088593691e-01 4.0002196724e+00 2.4385945433e-07 1.3333420111e+00 4.9997579642e-01 0.0000000000e+00 1.2499313561e-03
1.3213586087e-01 3.9998108259e+00 -1.6945098684e-06 1.3333470515e+00 5.0002879243e-01 0.0000000000e+00 1.2500591197e-03
1.3338605515e-01 3.9997546821e+00 -2.3329906463e-06 1.3333484696e+00 5.0003634307e-01 0.0000000000e+00 1.2500766665e-03
1.3463601421e-01 4.0003828473e+00 -2.0964476305e-06 1.3333470652e+00 4.9995729763e-01 0.0000000000e+00 1.2498803717e-03
1.3588581590e-01 3.9999530473e+00 -1.6713116242e-07 1.3333408340e+00 5.0000868193e-01 0.0000000000e+00 1.2500146729e-03
1.3713604355e-01 3.9995407128e+00 3.8487060801e-06 1.3333293059e+00 5.0005590704e-01 0.0000000000e+00 1.2501435437e-03
1.3838610298e-01 4.0003766150e+00 6.7471626188e-06 1.3333203022e+00 4.9994804135e-01 0.0000000000e+00 1.2498823189e-03
1.3963580819e-01 4.0001955193e+00 7.5919230050e-06 1.3333170040e+00 4.9996943808e-01 0.0000000000e+00 1.2499389032e-03
1.4088598079e-01 3.9994329696e+00 7.2157262179e-06 1.3333181399e+00 5.0006519051e-01 0.0000000000e+00 1.2501772221e-03
1.4213616263e-01 4.0000433915e+00 4.3991513491e-06 1.3333265750e+00 4.9999204179e-01 0.0000000000e+00 1.2499864403e-03
1.4338595367e-01 4.0002306184e+00 -1.7098715206e-06 1.3333437337e+00 4.9997507427e-01 0.0000000000e+00 1.2499279359e-03
1.4463601851e-01 3.9996582323e+00 -6.4520351478e-06 1.3333582163e+00 5.0005205652e-01 0.0000000000e+00 1.2501068115e-03
1.4588616729e-01 3.9999466092e+00 -8.1106859731e-06 1.3333643092e+00 5.0001829005e-01 0.0000000000e+00 1.2500166848e-03
1.4713605187e-01 4.0002208677e+00 -7.8827153519e-06 1.3333645890e+00 4.9998411328e-01 0.0000000000e+00 1.2499309826e-03
1.4838602926e-01 3.9999553160e+00 -5.2460235187e-06 1.3333571450e+00 5.0001451505e-01 0.0000000000e+00 1.2500139639e-03
1.4963607980e-01 3.9997947327e+00 1.3488215714e-06 1.3333394976e+00 5.0002797143e-01 0.0000000000e+00 1.2500641493e-03
1.5088615756e-01 3.9999445382e+00 6.8302973323e-06 1.3333238029e+00 5.0000335886e-01 0.0000000000e+00 1.2500173320e-03
1.5213611447e-01 4.0001598950e+00 8.8848681761e-06 1.3333173769e+00 4.9997403049e-01 0.0000000000e+00 1.2499500348e-03
1.5338605763e-01 3.9997409597e+00 8.9322794326e-06 1.3333175589e+00 5.0002646632e-01 0.0000000000e+00 1.2500809553e-03
1.5463627638e-01 3.9996907051e+00 6.3803557948e-06 1.3333254842e+00 5.0003572120e-01 0.0000000000e+00 1.2500966621e-03
1.5588625095e-01 4.0003604257e+00 1.1411866357e-07 1.3333431717e+00 4.9995863989e-01 0.0000000000e+00 1.2498873771e-03
1.5713605113e-01 3.9999745006e+00 -4.7382397856e-06 1.3333580428e+00 5.0001245355e-01 0.0000000000e+00 1.2500079686e-03
1.5838626689e-01 3.9995830780e+00 -6.3437809137e-06 1.3333639399e+00 5.0006359934e-01 0.0000000000e+00 1.2501303017e-03
1.5963631174e-01 4.0004398402e+00 -6.1499156465e-06 1.3333637735e+00 4.9995643984e-01 0.0000000000e+00 1.2498625651e-03
1.6088599202e-01 4.0002643583e+00 -3.4530891490e-06 1.3333559778e+00 4.9997544850e-01 0.0000000000e+00 1.2499173935e-03
1.6213614652e-01 3.9994641616e+00 2.5051498502e-06 1.3333396426e+00 5.0006935507e-01 0.0000000000e+00 1.2501674719e-03
1.6338632696e-01 4.0000292587e+00 6.8495450067e-06 1.3333268061e+00 4.9999389498e-01 0.0000000000e+00 1.2499908567e-03
1.6463612824e-01 4.0001910200e+00 8.3032196110e-06 1.3333219406e+00 4.9997185158e-01 0.0000000000e+00 1.2499403091e-03
1.6588620758e-01 3.9996011104e+00 8.2676289929e-06 1.3333222800e+00 5.0004572077e-01 0.0000000000e+00 1.2501246654e-03
1.6713637757e-01 3.9998785264e+00 6.2200547517e-06 1.3333285598e+00 5.0001339452e-01 0.0000000000e+00 1.2500379617e-03
1.6838628350e-01 4.0001754446e+00 1.8822239909e-06 1.3333410064e+00 4.9998094765e-01 0.0000000000e+00 1.2499451760e-03
1.6963626792e-01 3.9999542265e+00 -1.1153349298e-06 1.3333504236e+00 5.0001213067e-01 0.0000000000e+00 1.2500143044e-03
1.7088631211e-01 3.9998173526e+00 -2.0776505390e-06 1.3333541775e+00 5.0003064890e-01 0.0000000000e+00 1.2500570799e-03
1.7213638208e-01 3.9999876201e+00 -2.0456907273e-06 1.3333544514e+00 5.0000946678e-01 0.0000000000e+00 1.2500038687e-03
1.7338631985e-01 4.0002302509e+00 -1.0246664333e-06 1.3333516175e+00 4.9997807648e-01 0.0000000000e+00 1.2499280507e-03
1.7463623818e-01 3.9998002981e+00 1.0751767130e-06 1.3333459797e+00 5.0002970660e-01 0.0000000000e+00 1.2500624100e-03
1.7588644467e-01 3.9997174513e+00 2.4967086005e-06 1.3333417777e+00 5.0003848795e-01 0.0000000000e+00 1.2500883027e-03
1.7713641478e-01 4.0003661050e+00 3.2304805379e-06 1.3333398004e+00 4.9995666599e-01 0.0000000000e+00 1.2498856027e-03
1.7838621587e-01 3.9999575808e+00 3.6716043201e-06 1.3333387125e+00 5.0000731965e-01 0.0000000000e+00 1.2500132561e-03
1.7963644130e-01 3.9995355535e+00 4.1090461058e-06 1.3333378183e+00 5.0005974461e-01 0.0000000000e+00 1.2501451564e-03
1.8088650619e-01 4.0003921467e+00 4.8069524126e-06 1.3333362820e+00 4.9995209213e-01 0.0000000000e+00 1.2498774662e-03
1.8213619623e-01 4.0002405628e+00 6.0258385531e-06 1.3333335438e+00 4.9997001040e-01 0.0000000000e+00 1.2499248287e-03
1.8338635584e-01 3.9994494165e+00 6.5543250020e-06 1.3333320577e+00 5.0006835399e-01 0.0000000000e+00 1.2501720810e-03
1.8463654039e-01 4.0000356661e+00 5.2017284043e-06 1.3333361127e+00 4.9999658404e-01 0.0000000000e+00 1.2499888544e-03
1.8588633355e-01 4.0002390168e+00 2.4253136634e-06 1.3333455109e+00 4.9997469099e-01 0.0000000000e+00 1.2499253117e-03
1.8713639102e-01 3.9996621038e+00 1.0040675845e-06 1.3333478800e+00 5.0004769606e-01 0.0000000000e+00 1.2501056015e-03
1.8838654476e-01 3.9999421498e+00 -3.0616591373e-06 1.3333619267e+00 5.0001795406e-01 0.0000000000e+00 1.2500180784e-03
1.8963642717e-01 4.0003149838e+00 -2.1930414596e-05 1.3334284019e+00 4.9999627801e-01 0.0000000000e+00 1.2499015753e-03
1.9088634791e-01 4.0000002678e+00 -2.9655532008e-05 1.3333826011e+00 5.0001844193e-01 0.0000000000e+00 1.2499999163e-03
1.9213642700e-01 3.9995939594e+00 7.7347424278e-05 1.3330773924e+00 4.9995477263e-01 0.0000000000e+00 1.2501269006e-03
1.9338660171e-01 4.0003174864e+00 1.8093782246e-04 1.3335624997e+00 5.0004624790e-01 0.0000000000e+00 1.2499007934e-03
1.9463622859e-01 3.9988497198e+00 -6.6049961264e-04 1.3341686558e+00 5.0045716242e-01 0.0000000000e+00 1.2503595660e-03
1.9588732084e-01 4.0010234923e+00 -1.2117636887e-03 1.3317412887e+00 4.9927523218e-01 0.0000000000e+00 1.2496802405e-03
1.9713558907e-01 4.0272025364e+00 6.8013923469e-03 1.3429955517e+00 5.0022150843e-01 0.0000000000e+00 1.2415566277e-03
1.9837043410e-01 3.7469240354e+00 4.7221114908e-03 1.3028676991e+00 5.2157490521e-01 0.0000000000e+00 1.3344279075e-03
1.9980444489e-01 2.2615545403e+00 -1.8553058947e-01 7.1125079834e-01 4.7174462454e-01 0.0000000000e+00 2.2108686352e-03
2.0279217137e-01 1.2986959318e+00 -7.6133690533e-01 8.7603777420e-02 1.0118278106e-01 0.0000000000e+00 3.8500159101e-03
2.0750447671e-01 1.0300959171e+00 -9.9323864874e-01 6.1885734923e-04 9.0116464734e-04 0.0000000000e+00 4.8539169189e-03
2.1250000520e-01 1.0004478712e+00 -9.9998889221e-01 1.0549492097e-06 1.5817154099e-06 0.0000000000e+00 4.9977616467e-03
2.1750000000e-01 1.0000005204e+00 -9.9999999824e-01 1.0000011346e-06 1.5000009213e-06 0.0000000000e+00 4.9999973980e-03
2.2250000000e-01 1.0000000001e+00 -1.0000000000e+00 1.0000000001e-06 1.5000000001e-06 0.0000000000e+00 4.9999999997e-03
2.2750000000e-01 1.0000000000e+00 -1.0000000000e+00 1.0000000000e-06 1.5000000000e-06 0.0000000000e+00 5.0000000000e-03
2.3250000000e-01 1.0000000000e+00 -1.0000000000e+00 1.0000000000e-06 1.5000000000e-06 0.0000000000e+00 5.0000000000e-03
2.3750000000e-01 1.0000000000e+00 -1.0000000000e+00 1.0000000000e-06 1.5000000000e-06 0.0000000000e+00 5.0000000000e-03
2.4250000000e-01 1.0000000000e+00 -1.0000000000e+00 1.0000000000e-06 1.5000000000e-06 0.0000000000e+00 5.0000000000e-03
2.4750000000e-01 1.0000000000e+00 -1.0000000000e+00 1.0000000000e-06 1.5000000000e-06 0.0000000000e+00 5.0000000000e-03
2.5250000000e-01 1.0000000000e+00 -1.0000000000e+00 1.0000000000e-06 1.5000000000e-06 0.0000000000e+00 5.0000000000e-03
2.5750000000e-01 1.0000000000e+00 -1.0000000000e+00 1.0000000000e-06 1.5000000000e-06 0.0000000000e+00 5.0000000000e-03
2.6250000000e-01 1.0000000000e+00 -1.0000000000e+00 1.0000000000e-06 1.5000000000e-06 0.0000000000e+00 5.0000000000e-03
2.6750000000e-01 1.0000000000e+00 -1.0000000000e+00 1.0000000000e-06 1.5000000000e-06 0.0000000000e+00 5.0000000000e-03
2.7250000000e-01 1.0000000000e+00 -1.0000000000e+00 1.0000000000e-06 1.5000000000e-06 0.0000000000e+00 5.0000000000e-03
2.7750000000e-01 1.0000000000e+00 -1.0000000000e+00 1.0000000000e-06 1.5000000000e-06 0.0000000000e+00 5.0000000000e-03
2.8250000000e-01 1.0000000000e+00 -1.0000000000e+00 1.0000000000e-06 1.5000000000e-06 0.0000000000e+00 5.0000000000e-03
2.8750000000e-01 1.0000000000e+00 -1.0000000000e+00 1.0000000000e-06 1.5000000000e-06 0.0000000000e+00 5.0000000000e-03
2.9250000000e-01 1.0000000000e+00 -1.0000000000e+00 1.0000000000e-06 1.5000000000e-06 0.0000000000e+00 5.0000000000e-03
2.9750000000e-01 1.0000000000e+00 -1.0000000000e+00 1.0000000000e-06 1.5000000000e-06 0.0000000000e+00 5.0000000000e-03
3.0250000000e-01 1.0000000000e+00 -1.0000000000e+00 1.0000000000e-06 1.5000000000e-06 0.0000000000e+00 5.0000000000e-03
3.0750000000e-01 1.0000000000e+00 -1.0000000000e+00 1.0000000000e-06 1.5000000000e-06 0.0000000000e+00 5.0000000000e-03
3.1250000000e-01 1.0000000000e+00 -1.0000000000e+00 1.0000000000e-06 1.5000000000e-06 0.0000000000e+00 5.0000000000e-03
3.1750000000e-01 1.0000000000e+00 -1.0000000000e+00 1.0000000000e-06 1.5000000000e-06 0.0000000000e+00 5.0000000000e-03
3.2250000000e-01 1.0000000000e+00 -1.0000000000e+00 1.0000000000e-06 1.5000000000e-06 0.0000000000e+00 5.0000000000e-03
3.2750000000e-01 1.0000000000e+00 -1.0000000000e+00 1.0000000000e-06 1.5000000000e-06 0.0000000000e+00 5.0000000000e-03
3.3250000000e-01 1.0000000000e+00 -1.0000000000e+00 1.0000000000e-06 1.5000000000e-06 0.0000000000e+00 5.0000000000e-03
3.3750000000e-01 1.0000000000e+00 -1.0000000000e+00 1.0000000000e-06 1.5000000000e-06 0.0000000000e+00 5.0000000000e-03
3.4250000000e-01 1.0000000000e+00 -1.0000000000e+00 1.0000000000e-06 1.5000000000e-06 0.0000000000e+00 5.0000000000e-03
3.4750000000e-01 1.0000000000e+00 -1.0000000000e+00 1.0000000000e-06 1.5000000000e-06 0.0000000000e+00 5.0000000000e-03
3.5250000000e-01 1.0000000000e+00 -1.0000000000e+00 1.0000000000e-06 1.5000000000e-06 0.0000000000e+00 5.0000000000e-03
3.5750000000e-01 1.0000000000e+00 -1.0000000000e+00 1.0000000000e-06 1.5000000000e-06 0.0000000000e+00 5.0000000000e-03
3.6250000000e-01 9.9999999996e-01 -1.0000000000e+00 9.9999999993e-07 1.5000000000e-06 0.0000000000e+00 5.0000000002e-03
3.6750000000e-01 9.9999999692e-01 -1.0000000000e+00 9.9999999485e-07 1.4999999969e-06 0.0000000000e+00 5.0000000154e-03
3.7250000003e-01 9.9999979397e-01 -9.9999999974e-01 9.9999966134e-07 1.4999998011e-06 0.0000000000e+00 5.0000010301e-03
3.7750000206e-01 9.9999052339e-01 -9.9999998622e-01 9.9998338328e-07 1.4999892897e-06 0.0000000000e+00 5.0000473835e-03
3.8250009480e-01 9.9947165643e-01 -9.9999952114e-01 9.9923063174e-07 1.4996382718e-06 0.0000000000e+00 5.0026431143e-03
3.8750528829e-01 9.9892404108e-01 -9.9998238638e-01 9.9057318052e-07 1.4874602169e-06 0.0000000000e+00 5.0053855893e-03
3.9251086598e-01 6.6682482974e-01 -9.9996462736e-01 6.7025437772e-07 1.5077146527e-06 0.0000000000e+00 7.4982210875e-03
4.0250173046e-01 5.0045719327e-01 -9.9999357788e-01 5.0186609701e-07 1.5042228499e-06 0.0000000000e+00 9.9908644880e-03
