# x  rho  v  p  e  w  vol
-7.2373736582e-04 5.7777624754e+00 -7.8094810610e-09 1.3333353094e+00 3.4615527596e-01 0.0000000000e+00 8.6538690735e-04
2.4545111805e-03 2.3012264867e+00 1.6468029765e-07 1.3333354748e+00 8.6910316032e-01 0.0000000000e+00 2.1727544111e-03
3.6217714564e-03 3.8677558381e+00 2.7800003213e-07 1.3333352963e+00 5.1709648390e-01 0.0000000000e+00 1.2927393065e-03
5.0399897936e-03 3.8734668164e+00 3.1505533345e-07 1.3333352919e+00 5.1633408331e-01 0.0000000000e+00 1.2908333121e-03
6.2034380806e-03 4.2773059005e+00 3.2765262963e-07 1.3333352513e+00 4.6758471885e-01 0.0000000000e+00 1.1689601156e-03
7.3779100248e-03 4.2369093531e+00 3.0343431792e-07 1.3333352327e+00 4.7204286953e-01 0.0000000000e+00 1.1801054928e-03
8.5636490662e-03 4.1787860635e+00 2.5092398036e-07 1.3333352343e+00 4.7860857702e-01 0.0000000000e+00 1.1965197366e-03
9.7709494980e-03 4.1142097029e+00 1.7591143637e-07 1.3333352527e+00 4.8612079196e-01 0.0000000000e+00 1.2153002304e-03
1.0994249527e-02 4.0727462181e+00 8.7943562471e-08 1.3333352888e+00 4.9106986445e-01 0.0000000000e+00 1.2276728606e-03
1.2226295219e-02 4.0471827041e+00 3.3450451624e-10 1.3333353335e+00 4.9417166124e-01 0.0000000000e+00 1.2354272998e-03
1.3465104127e-02 4.0279461868e+00 -7.5515428510e-08 1.3333353882e+00 4.9653172848e-01 0.0000000000e+00 1.2413274081e-03
1.4708950035e-02 4.0130460756e+00 -1.2762774317e-07 1.3333354531e+00 4.9837533436e-01 0.0000000000e+00 1.2459363550e-03
1.5956976837e-02 4.0015480635e+00 -1.4862743742e-07 1.3333355227e+00 4.9980738764e-01 0.0000000000e+00 1.2495164173e-03
1.7207982870e-02 3.9940855601e+00 -1.3320156391e-07 1.3333355823e+00 5.0074124437e-01 0.0000000000e+00 1.2518509994e-03
1.8460678835e-02 3.9897376584e+00 -7.7683900607e-08 1.3333356289e+00 5.0128695534e-01 0.0000000000e+00 1.2532152307e-03
1.9714413331e-02 3.9876795085e+00 1.0975075438e-08 1.3333356565e+00 5.0154569357e-01 0.0000000000e+00 1.2538620492e-03
2.0968402934e-02 3.9871092645e+00 1.2369527658e-07 1.3333356520e+00 5.0161742386e-01 0.0000000000e+00 1.2540413789e-03
2.2222496089e-02 3.9871862019e+00 2.4697190582e-07 1.3333356130e+00 5.0160772991e-01 0.0000000000e+00 1.2540171807e-03
2.3476437295e-02 3.9880207305e+00 3.6507322412e-07 1.3333355488e+00 5.0150273993e-01 0.0000000000e+00 1.2537547665e-03
2.4730005622e-02 3.9890974351e+00 4.6149356887e-07 1.3333354818e+00 5.0136735319e-01 0.0000000000e+00 1.2534163633e-03
2.5983270022e-02 3.9903733623e+00 5.2259376661e-07 1.3333354354e+00 5.0120702286e-01 0.0000000000e+00 1.2530155818e-03
2.7236036786e-02 3.9918053397e+00 5.3961260102e-07 1.3333354275e+00 5.0102722230e-01 0.0000000000e+00 1.2525660884e-03
2.8488402199e-02 3.9929325752e+00 5.1391256347e-07 1.3333354546e+00 5.0088578862e-01 0.0000000000e+00 1.2522124794e-03
2.9740461745e-02 3.9940463794e+00 4.5433473904e-07 1.3333355155e+00 5.0074613143e-01 0.0000000000e+00 1.2518632798e-03
3.0992128758e-02 3.9949944726e+00 3.6934598004e-07 1.3333356110e+00 5.0062733007e-01 0.0000000000e+00 1.2515661872e-03
3.2243594119e-02 3.9957087120e+00 2.7429953002e-07 1.3333357236e+00 5.0053788440e-01 0.0000000000e+00 1.2513424677e-03
3.3494813694e-02 3.9965175973e+00 1.8417981466e-07 1.3333358395e+00 5.0043662026e-01 0.0000000000e+00 1.2510891991e-03
3.4745772517e-02 3.9970576256e+00 1.1213828643e-07 1.3333359493e+00 5.0036904925e-01 0.0000000000e+00 1.2509201689e-03
3.5996654032e-02 3.9975213259e+00 6.8834151960e-08 1.3333360452e+00 5.0031104395e-01 0.0000000000e+00 1.2507750659e-03
3.7247322649e-02 3.9980473386e+00 6.0853895850e-08 1.3333361135e+00 5.0024524496e-01 0.0000000000e+00 1.2506105047e-03
3.8497875041e-02 3.9983334751e+00 9.6243776384e-08 1.3333361300e+00 5.0020945163e-01 0.0000000000e+00 1.2505210061e-03
3.9748364661e-02 3.9987854555e+00 1.7439431128e-07 1.3333360902e+00 5.0015289830e-01 0.0000000000e+00 1.2503796604e-03
4.0998634362e-02 3.9991225097e+00 2.8568550908e-07 1.3333360000e+00 5.0011071058e-01 0.0000000000e+00 1.2502742759e-03
4.2248913213e-02 3.9992910273e+00 4.1833207199e-07 1.3333358647e+00 5.0008958673e-01 0.0000000000e+00 1.2502215932e-03
4.3499077548e-02 3.9996315923e+00 5.5367714284e-07 1.3333357097e+00 5.0004694644e-01 0.0000000000e+00 1.2501151380e-03
4.4749143489e-02 3.9997532460e+00 6.7025634376e-07 1.3333355738e+00 5.0003168638e-01 0.0000000000e+00 1.2500771154e-03
4.5999231779e-02 3.9999788250e+00 7.4911698409e-07 1.3333354953e+00 5.0000345762e-01 0.0000000000e+00 1.2500066172e-03
4.7249156724e-02 4.0002235150e+00 7.7761439748e-07 1.3333355032e+00 4.9997287584e-01 0.0000000000e+00 1.2499301555e-03
4.8499092090e-02 4.0002375232e+00 7.5222564346e-07 1.3333355981e+00 4.9997116061e-01 0.0000000000e+00 1.2499257784e-03
4.9749008280e-02 4.0004114097e+00 6.8614205998e-07 1.3333357651e+00 4.9994949091e-01 0.0000000000e+00 1.2498714477e-03
5.0998834985e-02 4.0004652244e+00 5.9001297587e-07 1.3333359893e+00 4.9994284957e-01 0.0000000000e+00 1.2498546343e-03
5.2248717549e-02 4.0004978547e+00 4.8062657060e-07 1.3333362429e+00 4.9993886687e-01 0.0000000000e+00 1.2498444398e-03
5.3498523865e-02 4.0006689850e+00 3.7534116931e-07 1.3333364973e+00 4.9991757715e-01 0.0000000000e+00 1.2497909772e-03
5.4748299503e-02 4.0006158507e+00 2.8898289431e-07 1.3333367296e+00 4.9992430390e-01 0.0000000000e+00 1.2498075763e-03
5.5998139017e-02 4.0006473950e+00 2.3365467639e-07 1.3333369199e+00 4.9992043348e-01 0.0000000000e+00 1.2497977218e-03
5.7247894947e-02 4.0006982784e+00 2.1786064940e-07 1.3333370504e+00 4.9991412411e-01 0.0000000000e+00 1.2497818261e-03
5.8497702670e-02 4.0006086494e+00 2.4802421747e-07 1.3333370932e+00 4.9992534013e-01 0.0000000000e+00 1.2498098260e-03
5.9747514599e-02 4.0007300723e+00 3.2994860952e-07 1.3333370337e+00 4.9991014501e-01 0.0000000000e+00 1.2497718940e-03
6.0997246458e-02 4.0006907501e+00 4.5431924151e-07 1.3333368834e+00 4.9991500218e-01 0.0000000000e+00 1.2497841779e-03
6.2247082955e-02 4.0006089211e+00 6.0802598073e-07 1.3333366610e+00 4.9992514414e-01 0.0000000000e+00 1.2498097411e-03
6.3496865940e-02 4.0006793509e+00 7.7140360288e-07 1.3333364037e+00 4.9991624673e-01 0.0000000000e+00 1.2497877389e-03
6.4746658432e-02 4.0005483824e+00 9.2003948598e-07 1.3333361648e+00 4.9993252326e-01 0.0000000000e+00 1.2498286540e-03
6.5996523248e-02 4.0006200121e+00 1.0314324498e-06 1.3333359970e+00 4.9992350921e-01 0.0000000000e+00 1.2498062763e-03
6.7246270985e-02 4.0006360717e+00 1.0900077902e-06 1.3333359393e+00 4.9992148075e-01 0.0000000000e+00 1.2498012592e-03
6.8496125766e-02 4.0004951366e+00 1.0870311794e-06 1.3333360060e+00 4.9993911770e-01 0.0000000000e+00 1.2498452890e-03
6.9745961563e-02 4.0005656856e+00 1.0336085942e-06 1.3333361784e+00 4.9993036607e-01 0.0000000000e+00 1.2498232483e-03
7.0995772263e-02 4.0004515858e+00 9.4392263477e-07 1.3333364286e+00 4.9994471875e-01 0.0000000000e+00 1.2498588954e-03
7.2245679353e-02 4.0004581628e+00 8.3308279772e-07 1.3333367284e+00 4.9994400922e-01 0.0000000000e+00 1.2498568405e-03
7.3495485944e-02 4.0005237666e+00 7.1820574155e-07 1.3333370441e+00 4.9993592909e-01 0.0000000000e+00 1.2498363444e-03
7.4745352042e-02 4.0003805925e+00 6.1439226126e-07 1.3333373474e+00 4.9995393561e-01 0.0000000000e+00 1.2498810762e-03
7.5995248096e-02 4.0004192823e+00 5.3407800322e-07 1.3333376163e+00 4.9994920114e-01 0.0000000000e+00 1.2498689880e-03
7.7245090018e-02 4.0003626466e+00 4.8715837725e-07 1.3333378316e+00 4.9995635997e-01 0.0000000000e+00 1.2498866832e-03
7.8495021463e-02 4.0003032043e+00 4.7972009371e-07 1.3333379753e+00 4.9996384295e-01 0.0000000000e+00 1.2499052558e-03
7.9744900530e-02 4.0004001588e+00 5.1865298818e-07 1.3333380221e+00 4.9995174326e-01 0.0000000000e+00 1.2498749629e-03
8.0994771388e-02 4.0002863082e+00 6.0762606678e-07 1.3333379605e+00 4.9996594912e-01 0.0000000000e+00 1.2499105351e-03
8.2244721600e-02 4.0002760437e+00 7.3845938103e-07 1.3333378020e+00 4.9996717256e-01 0.0000000000e+00 1.2499137423e-03
8.3494598873e-02 4.0002887663e+00 8.9890932567e-07 1.3333375668e+00 4.9996549424e-01 0.0000000000e+00 1.2499097671e-03
8.4744541134e-02 4.0001796354e+00 1.0703909851e-06 1.3333372933e+00 4.9997903151e-01 0.0000000000e+00 1.2499438665e-03
8.5994486606e-02 4.0002873453e+00 1.2302490988e-06 1.3333370339e+00 4.9996547202e-01 0.0000000000e+00 1.2499102111e-03
8.7244361556e-02 4.0002320026e+00 1.3574270709e-06 1.3333368394e+00 4.9997231606e-01 0.0000000000e+00 1.2499275034e-03
8.8494341613e-02 4.0001563432e+00 1.4361075534e-06 1.3333367500e+00 4.9998173904e-01 0.0000000000e+00 1.2499511446e-03
8.9744263846e-02 4.0002235733e+00 1.4562071510e-06 1.3333367915e+00 4.9997335164e-01 0.0000000000e+00 1.2499301373e-03
9.0994201887e-02 4.0001002404e+00 1.4189609909e-06 1.3333369584e+00 4.9998882963e-01 0.0000000000e+00 1.2499686757e-03
9.2244201197e-02 4.0001858013e+00 1.3401506142e-06 1.3333372248e+00 4.9997823514e-01 0.0000000000e+00 1.2499419398e-03
9.3494085767e-02 4.0002012501e+00 1.2322316768e-06 1.3333375654e+00 4.9997643197e-01 0.0000000000e+00 1.2499371125e-03
9.4744075422e-02 4.0000800359e+00 1.1106995989e-06 1.3333379493e+00 4.9999172666e-01 0.0000000000e+00 1.2499749893e-03
9.5994035745e-02 4.0001653052e+00 9.9162020714e-07 1.3333383433e+00 4.9998121636e-01 0.0000000000e+00 1.2499483443e-03
9.7243972110e-02 4.0000584185e+00 8.8974765139e-07 1.3333387164e+00 4.9999471640e-01 0.0000000000e+00 1.2499817445e-03
9.8493999234e-02 4.0000952041e+00 8.1818947416e-07 1.3333390390e+00 4.9999023934e-01 0.0000000000e+00 1.2499702494e-03
9.9743912609e-02 4.0001690684e+00 7.8776541676e-07 1.3333392840e+00 4.9998109875e-01 0.0000000000e+00 1.2499471684e-03
1.0099389357e-01 4.0000380098e+00 8.0508988294e-07 1.3333394193e+00 4.9999753105e-01 0.0000000000e+00 1.2499881221e-03
1.0224388885e-01 4.0001031570e+00 8.8220224675e-07 1.3333394139e+00 4.9998938587e-01 0.0000000000e+00 1.2499677643e-03
1.0349382910e-01 4.0000492562e+00 1.0172144453e-06 1.3333392626e+00 4.9999606651e-01 0.0000000000e+00 1.2499846076e-03
1.0474385807e-01 4.0000184349e+00 1.1989919260e-06 1.3333389855e+00 4.9999981521e-01 0.0000000000e+00 1.2499942391e-03
1.0599381758e-01 4.0001257314e+00 1.4080658290e-06 1.3333386259e+00 4.9998626871e-01 0.0000000000e+00 1.2499607102e-03
1.0724377949e-01 4.0000196965e+00 1.6167334733e-06 1.3333382524e+00 4.9999938258e-01 0.0000000000e+00 1.2499938449e-03
1.0849380527e-01 4.0000354992e+00 1.7946534849e-06 1.3333379446e+00 4.9999729184e-01 0.0000000000e+00 1.2499889066e-03
1.0974375730e-01 4.0000461459e+00 1.9151496169e-06 1.3333377750e+00 4.9999589745e-01 0.0000000000e+00 1.2499855796e-03
1.1099377643e-01 3.9999609861e+00 1.9589209598e-06 1.3333377989e+00 5.0000655140e-01 0.0000000000e+00 1.2500121920e-03
1.1224378169e-01 4.0000818836e+00 1.9187321749e-06 1.3333380274e+00 4.9999152499e-01 0.0000000000e+00 1.2499744119e-03
1.1349372525e-01 4.0000234304e+00 1.8149041431e-06 1.3333384269e+00 4.9999898130e-01 0.0000000000e+00 1.2499926780e-03
1.1474376704e-01 3.9999747297e+00 1.6659059894e-06 1.3333389519e+00 5.0000526577e-01 0.0000000000e+00 1.2500078970e-03
1.1599374104e-01 4.0000428110e+00 1.4948010234e-06 1.3333395472e+00 4.9999697885e-01 0.0000000000e+00 1.2499866217e-03
1.1724374029e-01 3.9999322180e+00 1.3271809557e-06 1.3333401489e+00 5.0001102877e-01 0.0000000000e+00 1.2500211822e-03
1.1849378341e-01 4.0000343381e+00 1.1880633617e-06 1.3333406928e+00 4.9999846756e-01 0.0000000000e+00 1.2499892694e-03
1.1974371882e-01 4.0000424281e+00 1.0998313948e-06 1.3333411191e+00 4.9999761619e-01 0.0000000000e+00 1.2499867414e-03
1.2099375689e-01 3.9999382371e+00 1.0789469317e-06 1.3333413773e+00 5.0001073701e-01 0.0000000000e+00 1.2500193012e-03
1.2224375743e-01 4.0000307225e+00 1.1396173178e-06 1.3333414131e+00 4.9999918961e-01 0.0000000000e+00 1.2499903993e-03
1.2349373769e-01 3.9999207447e+00 1.2960729325e-06 1.3333411928e+00 5.0001285445e-01 0.0000000000e+00 1.2500247678e-03
1.2474380696e-01 3.9999803722e+00 1.5360911126e-06 1.3333407425e+00 5.0000523192e-01 0.0000000000e+00 1.2500061337e-03
1.2599374996e-01 4.0000492053e+00 1.8295109171e-06 1.3333401414e+00 4.9999640240e-01 0.0000000000e+00 1.2499846235e-03
1.2724377621e-01 3.9999172257e+00 2.1327664824e-06 1.3333395087e+00 5.0001266279e-01 0.0000000000e+00 1.2500258675e-03
1.2849380169e-01 3.9999986270e+00 2.3966915668e-06 1.3333389814e+00 5.0000228966e-01 0.0000000000e+00 1.2500004291e-03
1.2974377707e-01 3.9999337905e+00 2.5778830415e-06 1.3333386823e+00 5.0001028220e-01 0.0000000000e+00 1.2500206908e-03
1.3099384307e-01 3.9999242266e+00 2.6469216399e-06 1.3333386957e+00 5.0001148279e-01 0.0000000000e+00 1.2500236797e-03
1.3224382443e-01 4.0000318987e+00 2.5938701271e-06 1.3333390331e+00 4.9999815010e-01 0.0000000000e+00 1.2499900317e-03
1.3349382314e-01 3.9999255746e+00 2.4491378189e-06 1.3333396345e+00 5.0001166632e-01 0.0000000000e+00 1.2500232584e-03
1.3474387094e-01 3.9999618102e+00 2.2401415262e-06 1.3333404228e+00 5.0000743234e-01 0.0000000000e+00 1.2500119344e-03
1.3599384701e-01 3.9999625447e+00 1.9981735832e-06 1.3333413149e+00 5.0000767509e-01 0.0000000000e+00 1.2500117049e-03
1.3724389435e-01 3.9998976450e+00 1.7595048888e-06 1.3333422123e+00 5.0001612440e-01 0.0000000000e+00 1.2500319867e-03
1.3849391098e-01 4.0000224361e+00 1.5623384391e-06 1.3333430088e+00 5.0000082379e-01 0.0000000000e+00 1.2499929888e-03
1.3974388033e-01 3.9999553644e+00 1.4419142772e-06 1.3333436042e+00 5.0000943113e-01 0.0000000000e+00 1.2500139488e-03
1.4099393888e-01 3.9999293893e+00 1.4222391088e-06 1.3333439195e+00 5.0001279636e-01 0.0000000000e+00 1.2500220662e-03
1.4224392446e-01 3.9999881833e+00 1.5220255998e-06 1.3333438872e+00 5.0000543481e-01 0.0000000000e+00 1.2500036927e-03
1.4349394626e-01 3.9998837645e+00 1.7502653696e-06 1.3333434953e+00 5.0001834072e-01 0.0000000000e+00 1.2500363247e-03
1.4474399711e-01 3.9999949873e+00 2.0732109211e-06 1.3333428329e+00 5.0000418894e-01 0.0000000000e+00 1.2500015665e-03
1.4599394940e-01 3.9999879749e+00 2.4359709567e-06 1.3333420602e+00 5.0000477573e-01 0.0000000000e+00 1.2500037579e-03
1.4724400463e-01 3.9998963259e+00 2.7810780922e-06 1.3333413430e+00 5.0001596329e-01 0.0000000000e+00 1.2500323990e-03
1.4849401419e-01 3.9999895268e+00 3.0628829746e-06 1.3333407964e+00 5.0000410781e-01 0.0000000000e+00 1.2500032729e-03
1.4974401117e-01 3.9998764296e+00 3.2639323888e-06 1.3333404961e+00 5.0001813289e-01 0.0000000000e+00 1.2500386169e-03
1.5099409143e-01 3.9999548343e+00 3.3730254068e-06 1.3333404610e+00 5.0000831869e-01 0.0000000000e+00 1.2500141144e-03
1.5224403940e-01 4.0000153987e+00 3.3699600843e-06 1.3333406889e+00 5.0000083351e-01 0.0000000000e+00 1.2499951879e-03
1.5349408180e-01 3.9998880300e+00 3.2746869226e-06 1.3333412399e+00 5.0001696167e-01 0.0000000000e+00 1.2500349916e-03
1.5474410939e-01 3.9999825808e+00 3.0898496403e-06 1.3333420292e+00 5.0000543837e-01 0.0000000000e+00 1.2500054435e-03
1.5599409269e-01 3.9999086304e+00 2.8308899325e-06 1.3333429859e+00 5.0001504124e-01 0.0000000000e+00 1.2500285537e-03
1.5724416649e-01 3.9999203319e+00 2.5654539907e-06 1.3333440695e+00 5.0001398487e-01 0.0000000000e+00 1.2500248968e-03
1.5849414248e-01 4.0000247438e+00 2.3357259957e-06 1.3333450840e+00 5.0000131351e-01 0.0000000000e+00 1.2499922676e-03
1.5974415103e-01 3.9999146789e+00 2.1588436932e-06 1.3333458069e+00 5.0001534305e-01 0.0000000000e+00 1.2500266634e-03
1.6099419581e-01 3.9999656565e+00 2.0982700224e-06 1.3333462460e+00 5.0000913528e-01 0.0000000000e+00 1.2500107324e-03
1.6224417249e-01 3.9999514164e+00 2.2667145315e-06 1.3333466040e+00 5.0001104957e-01 0.0000000000e+00 1.2500151826e-03
1.6349422618e-01 3.9998991315e+00 2.3565481220e-06 1.3333460398e+00 5.0001737394e-01 0.0000000000e+00 1.2500315222e-03
1.6474423554e-01 4.0000215940e+00 2.4863097429e-06 1.3333453516e+00 5.0000180759e-01 0.0000000000e+00 1.2499932519e-03
1.6599421268e-01 3.9999432243e+00 3.2251641087e-06 1.3333462359e+00 5.0001193561e-01 0.0000000000e+00 1.2500177427e-03
1.6724427102e-01 3.9999321044e+00 3.2592150062e-06 1.3333446473e+00 5.0001272990e-01 0.0000000000e+00 1.2500212177e-03
1.6849425512e-01 3.9999766460e+00 2.6907241524e-06 1.3333417887e+00 5.0000609006e-01 0.0000000000e+00 1.2500072982e-03
1.6974428562e-01 3.9998877250e+00 4.7640258464e-06 1.3333465503e+00 5.0001899127e-01 0.0000000000e+00 1.2500350869e-03
1.7099432529e-01 4.0000002389e+00 4.8814575041e-06 1.3333449210e+00 5.0000431551e-01 0.0000000000e+00 1.2499999253e-03
1.7224428547e-01 3.9999588618e+00 6.1158001056e-07 1.3333314259e+00 5.0000442702e-01 0.0000000000e+00 1.2500128558e-03
1.7349435100e-01 3.9999249858e+00 6.5960576105e-06 1.3333500482e+00 5.0001564514e-01 0.0000000000e+00 1.2500234424e-03
1.7474433236e-01 4.0000102992e+00 9.9158967519e-06 1.3333597174e+00 5.0000860659e-01 0.0000000000e+00 1.2499967815e-03
1.7599434456e-01 3.9997850176e+00 -1.0183351146e-05 1.3332945581e+00 5.0001233274e-01 0.0000000000e+00 1.2500671856e-03
1.7724446673e-01 4.0000278908e+00 4.6966320224e-06 1.3333498446e+00 5.0000270537e-01 0.0000000000e+00 1.2499912842e-03
1.7849432713e-01 4.0001651445e+00 3.5273999680e-05 1.3334456825e+00 5.0002148698e-01 0.0000000000e+00 1.2499483945e-03
1.7974436352e-01 3.9994886674e+00 -4.4207718739e-05 1.3331603763e+00 4.9999905758e-01 0.0000000000e+00 1.2501598119e-03
1.8099464676e-01 4.0000125935e+00 -3.4448971238e-05 1.3332534223e+00 4.9996845930e-01 0.0000000000e+00 1.2499960646e-03
1.8224435564e-01 4.0007595061e+00 1.5709235607e-04 1.3338403167e+00 5.0009516242e-01 0.0000000000e+00 1.2497626994e-03
1.8349417216e-01 3.9984237926e+00 -1.1660926804e-04 1.3327658805e+00 4.9998422491e-01 0.0000000000e+00 1.2504927590e-03
1.8474534116e-01 3.9991258325e+00 -3.1872514882e-04 1.3324812592e+00 4.9978969717e-01 0.0000000000e+00 1.2502732370e-03
1.8599471863e-01 4.0039968327e+00 6.5916259377e-04 1.3354321458e+00 5.0028716366e-01 0.0000000000e+00 1.2487522366e-03
1.8724284564e-01 3.9954416893e+00 -1.1572153545e-04 1.3321225713e+00 5.0011588512e-01 0.0000000000e+00 1.2514260972e-03
1.8849757082e-01 3.9921633169e+00 -1.8718099207e-03 1.3279964515e+00 4.9897624901e-01 0.0000000000e+00 1.2524537708e-03
1.8974775318e-01 4.0169287114e+00 2.4278807970e-03 1.3409166178e+00 5.0072457620e-01 0.0000000000e+00 1.2447320725e-03
1.9098703497e-01 3.9913979399e+00 1.1695086304e-03 1.3341908065e+00 5.0139982028e-01 0.0000000000e+00 1.2526939371e-03
1.9225314105e-01 3.9527595327e+00 -9.1585258640e-03 1.3056594429e+00 4.9547389567e-01 0.0000000000e+00 1.2649390783e-03
1.9351691313e-01 4.0606488295e+00 7.2736178934e-03 1.3551579626e+00 5.0059412404e-01 0.0000000000e+00 1.2313303144e-03
1.9471580168e-01 4.0130466070e+00 1.1283531211e-02 1.3629070045e+00 5.0942854816e-01 0.0000000000e+00 1.2459361900e-03
1.9600878551e-01 3.7530016133e+00 -3.9793650097e-02 1.2041743942e+00 4.8128452301e-01 0.0000000000e+00 1.3322669466e-03
1.9738033557e-01 4.1482936967e+00 1.1468186224e-02 1.3537759501e+00 4.8951787738e-01 0.0000000000e+00 1.2053148512e-03
1.9841941521e-01 4.2868313709e+00 6.3183435181e-02 1.5977714815e+00 5.5907429402e-01 0.0000000000e+00 1.1663626505e-03
1.9971306087e-01 2.2840442490e+00 -1.6955549477e-01 6.2485623743e-01 4.1036173295e-01 0.0000000000e+00 2.1890994459e-03
2.0279761410e-01 1.2826609148e+00 -7.8896303372e-01 7.3841477133e-02 8.6353466002e-02 0.0000000000e+00 3.8981463786e-03
2.0750935363e-01 1.0306703322e+00 -9.8911675762e-01 9.9122361460e-04 1.4425906863e-03 0.0000000000e+00 4.8512117248e-03
2.1250003755e-01 1.0009362381e+00 -9.9993165707e-01 1.5202225055e-06 2.2782008200e-06 0.0000000000e+00 4.9953231882e-03
2.1750000001e-01 1.0000037549e+00 -9.9999997796e-01 1.0000119590e-06 1.5000123060e-06 0.0000000000e+00 4.9999812254e-03
2.2250000000e-01 1.0000000008e+00 -1.0000000000e+00 1.0000000015e-06 1.5000000010e-06 0.0000000000e+00 4.9999999959e-03
2.2750000000e-01 1.0000000000e+00 -1.0000000000e+00 1.0000000000e-06 1.5000000000e-06 0.0000000000e+00 5.0000000000e-03
2.3250000000e-01 1.0000000000e+00 -1.0000000000e+00 1.0000000000e-06 1.5000000000e-06 0.0000000000e+00 5.0000000000e-03
2.3750000000e-01 1.0000000000e+00 -1.0000000000e+00 1.0000000000e-06 1.5000000000e-06 0.0000000000e+00 5.0000000000e-03
2.4250000000e-01 1.0000000000e+00 -1.0000000000e+00 1.0000000000e-06 1.5000000000e-06 0.0000000000e+00 5.0000000000e-03
2.4750000000e-01 1.0000000000e+00 -1.0000000000e+00 1.0000000000e-06 1.5000000000e-06 0.0000000000e+00 5.0000000000e-03
2.5250000000e-01 1.0000000000e+00 -1.0000000000e+00 1.0000000000e-06 1.5000000000e-06 0.0000000000e+00 5.0000000000e-03
2.5750000000e-01 1.0000000000e+00 -1.0000000000e+00 1.0000000000e-06 1.5000000000e-06 0.0000000000e+00 5.0000000000e-03
2.6250000000e-01 1.0000000000e+00 -1.0000000000e+00 1.0000000000e-06 1.5000000000e-06 0.0000000000e+00 5.0000000000e-03
2.6750000000e-01 1.0000000000e+00 -1.0000000000e+00 1.0000000000e-06 1.5000000000e-06 0.0000000000e+00 5.0000000000e-03
2.7250000000e-01 1.0000000000e+00 -1.0000000000e+00 1.0000000000e-06 1.5000000000e-06 0.0000000000e+00 5.0000000000e-03
2.7750000000e-01 1.0000000000e+00 -1.0000000000e+00 1.0000000000e-06 1.5000000000e-06 0.0000000000e+00 5.0000000000e-03
2.8250000000e-01 1.0000000000e+00 -1.0000000000e+00 1.0000000000e-06 1.5000000000e-06 0.0000000000e+00 5.0000000000e-03
2.8750000000e-01 1.0000000000e+00 -1.0000000000e+00 1.0000000000e-06 1.5000000000e-06 0.0000000000e+00 5.0000000000e-03
2.9250000000e-01 1.0000000000e+00 -1.0000000000e+00 1.0000000000e-06 1.5000000000e-06 0.0000000000e+00 5.0000000000e-03
2.9750000000e-01 1.0000000000e+00 -1.0000000000e+00 1.0000000000e-06 1.5000000000e-06 0.0000000000e+00 5.0000000000e-03
3.0250000000e-01 1.0000000000e+00 -1.0000000000e+00 1.0000000000e-06 1.5000000000e-06 0.0000000000e+00 5.0000000000e-03
3.0750000000e-01 1.0000000000e+00 -1.0000000000e+00 1.0000000000e-06 1.5000000000e-06 0.0000000000e+00 5.0000000000e-03
3.1250000000e-01 1.0000000000e+00 -1.0000000000e+00 1.0000000000e-06 1.5000000000e-06 0.0000000000e+00 5.0000000000e-03
3.1750000000e-01 1.0000000000e+00 -1.0000000000e+00 1.0000000000e-06 1.5000000000e-06 0.0000000000e+00 5.0000000000e-03
3.2250000000e-01 1.0000000000e+00 -1.0000000000e+00 1.0000000000e-06 1.5000000000e-06 0.0000000000e+00 5.0000000000e-03
3.2750000000e-01 1.0000000000e+00 -1.0000000000e+00 1.0000000000e-06 1.5000000000e-06 0.0000000000e+00 5.0000000000e-03
3.3250000000e-01 1.0000000000e+00 -1.0000000000e+00 1.0000000000e-06 1.5000000000e-06 0.0000000000e+00 5.0000000000e-03
3.3750000000e-01 1.0000000000e+00 -1.0000000000e+00 1.0000000000e-06 1.5000000000e-06 0.0000000000e+00 5.0000000000e-03
3.4250000000e-01 1.0000000000e+00 -1.0000000000e+00 1.0000000000e-06 1.5000000000e-06 0.0000000000e+00 5.0000000000e-03
3.4750000000e-01 1.0000000000e+00 -1.0000000000e+00 1.0000000000e-06 1.5000000000e-06 0.0000000000e+00 5.0000000000e-03
3.5250000000e-01 1.0000000000e+00 -1.0000000000e+00 1.0000000000e-06 1.5000000000e-06 0.0000000000e+00 5.0000000000e-03
3.5750000000e-01 1.0000000000e+00 -1.0000000000e+00 1.0000000000e-06 1.5000000000e-06 0.0000000000e+00 5.0000000000e-03
3.6250000000e-01 9.9999999991e-01 -1.0000000000e+00 9.9999999982e-07 1.4999999999e-06 0.0000000000e+00 5.0000000005e-03
3.6750000000e-01 9.9999999543e-01 -9.9999999999e-01 9.9999999044e-07 1.4999999925e-06 0.0000000000e+00 5.0000000229e-03
3.7250000005e-01 9.9999965454e-01 -9.9999999962e-01 9.9999935975e-07 1.4999995578e-06 0.0000000000e+00 5.0000017273e-03
3.7750000346e-01 9.9999247419e-01 -9.9999997703e-01 9.9998227011e-07 1.4999846938e-06 0.0000000000e+00 5.0000376293e-03
3.8250007530e-01 9.9940404031e-01 -9.9999961872e-01 9.9897238699e-07 1.4993521339e-06 0.0000000000e+00 5.0029815754e-03
3.8750596661e-01 9.9911885774e-01 -9.9998017231e-01 9.9351814523e-07 1.4915915222e-06 0.0000000000e+00 5.0044095968e-03
3.9250889450e-01 6.6679667035e-01 -9.9997053463e-01 6.6850884598e-07 1.5038516441e-06 0.0000000000e+00 7.4985377437e-03
4.0250304209e-01 5.0029279158e-01 -9.9998979179e-01 5.0170453308e-07 1.5042327459e-06 0.0000000000e+00 9.9941475956e-03
