# x  rho  v  p  e  w  vol
1.1981731495e-03 3.5119112047e+00 1.1440039253e-03 1.3364023371e+00 5.7080130697e-01 0.0000000000e+00 1.4237262017e-03
1.6492792539e-03 2.6319416302e+00 -1.1080455971e-03 1.3123204852e+00 7.4791959871e-01 0.0000000000e+00 1.8997381791e-03
4.9976495077e-03 2.9511136003e+00 1.0338218066e-03 1.3542627081e+00 6.8834831092e-01 0.0000000000e+00 1.6942756793e-03
5.0378306126e-03 4.0387490294e+00 -1.1626299294e-03 1.2937596557e+00 4.8050509436e-01 0.0000000000e+00 1.2380071066e-03
7.4736637208e-03 3.7693801535e+00 1.2293377338e-03 1.3727507845e+00 5.4627713124e-01 0.0000000000e+00 1.3264780405e-03
7.6907866936e-03 4.3628793790e+00 -8.8772494848e-04 1.2746168704e+00 4.3822557066e-01 0.0000000000e+00 1.1460321420e-03
9.7657280048e-03 3.9217395159e+00 7.6394091589e-04 1.3918245128e+00 5.3234967819e-01 0.0000000000e+00 1.2749444423e-03
1.0240675578e-02 4.4571989595e+00 -1.2450109051e-03 1.2562527178e+00 4.2277203548e-01 0.0000000000e+00 1.1217807519e-03
1.2009289508e-02 4.0389876721e+00 1.2516554079e-03 1.4102931780e+00 5.2375494523e-01 0.0000000000e+00 1.2379339592e-03
1.2716543497e-02 4.3659379763e+00 -6.2649322056e-04 1.2389611518e+00 4.2566837590e-01 0.0000000000e+00 1.1452292788e-03
1.4299748066e-02 3.9818130403e+00 5.6833910775e-04 1.4274166197e+00 5.3772613326e-01 0.0000000000e+00 1.2557093840e-03
1.5227962265e-02 4.2556386057e+00 -1.1557418005e-03 1.2233997440e+00 4.3121603736e-01 0.0000000000e+00 1.1749117966e-03
1.6649571659e-02 3.9025699275e+00 1.0708949164e-03 1.4431329160e+00 5.5468560824e-01 0.0000000000e+00 1.2812070233e-03
1.7790376311e-02 4.1680462299e+00 -4.8201716542e-04 1.2093787210e+00 4.3523223627e-01 0.0000000000e+00 1.1996028173e-03
1.9048777294e-02 3.9064973863e+00 4.3190585012e-04 1.4570153926e+00 5.5945847976e-01 0.0000000000e+00 1.2799189416e-03
2.0350214194e-02 4.1168376997e+00 -9.4222825328e-04 1.1971186084e+00 4.3617894210e-01 0.0000000000e+00 1.2145244396e-03
2.1477826173e-02 3.9234636732e+00 8.1740479305e-04 1.4693222149e+00 5.6174429177e-01 0.0000000000e+00 1.2743841709e-03
2.2898982536e-02 4.0931537529e+00 -3.7716198994e-04 1.1864178925e+00 4.3478133150e-01 0.0000000000e+00 1.2215519626e-03
2.3920930098e-02 3.9275471702e+00 2.8544147229e-04 1.4800293923e+00 5.6524950364e-01 0.0000000000e+00 1.2730591851e-03
2.5445100906e-02 4.0786877243e+00 -7.3574289928e-04 1.1772794372e+00 4.3296257893e-01 0.0000000000e+00 1.2258844849e-03
2.6372699068e-02 3.9390730901e+00 5.8868656551e-04 1.4891061910e+00 5.6705200319e-01 0.0000000000e+00 1.2693341519e-03
2.7983769210e-02 4.0592845153e+00 -2.7111742713e-04 1.1696877837e+00 4.3222682935e-01 0.0000000000e+00 1.2317441611e-03
2.8836187390e-02 3.9527516172e+00 1.7828204220e-04 1.4969167310e+00 5.6805367852e-01 0.0000000000e+00 1.2649416114e-03
3.0513652433e-02 4.0365842958e+00 -5.3239410709e-04 1.1632516729e+00 4.3226584199e-01 0.0000000000e+00 1.2386710232e-03
3.1313529437e-02 3.9555861040e+00 4.0687725324e-04 1.5031300442e+00 5.7000277761e-01 0.0000000000e+00 1.2640351818e-03
3.3041722796e-02 4.0277184716e+00 -1.7466197315e-04 1.1582408829e+00 4.3135123188e-01 0.0000000000e+00 1.2413975891e-03
3.3796324615e-02 3.9602696186e+00 1.0109484636e-04 1.5085359638e+00 5.7137623537e-01 0.0000000000e+00 1.2625403019e-03
3.5566803400e-02 4.0192739696e+00 -3.6324440905e-04 1.1538883608e+00 4.3063313281e-01 0.0000000000e+00 1.2440057677e-03
3.6284336150e-02 3.9694051212e+00 2.4686582160e-04 1.5124384900e+00 5.7153595203e-01 0.0000000000e+00 1.2596345919e-03
3.8086072584e-02 4.0086775768e+00 -1.2498607105e-04 1.1508211866e+00 4.3062375230e-01 0.0000000000e+00 1.2472941274e-03
3.8778924405e-02 3.9741894191e+00 5.0130390891e-05 1.5160332927e+00 5.7220471882e-01 0.0000000000e+00 1.2581181903e-03
4.0602308965e-02 4.0041000451e+00 -2.3650255535e-04 1.1479618156e+00 4.3004488002e-01 0.0000000000e+00 1.2487200479e-03
4.1276364501e-02 3.9783450161e+00 1.2532323313e-04 1.5182692273e+00 5.7245005944e-01 0.0000000000e+00 1.2568040177e-03
4.3115917000e-02 4.0059454012e+00 -1.0131729409e-04 1.1462242964e+00 4.2919617530e-01 0.0000000000e+00 1.2481448196e-03
4.3772654140e-02 3.9846334617e+00 4.4711653148e-05 1.5205912307e+00 5.7242074285e-01 0.0000000000e+00 1.2548205621e-03
4.5625558124e-02 4.0038057780e+00 -1.2384655500e-04 1.1443845442e+00 4.2873628531e-01 0.0000000000e+00 1.2488118249e-03
4.6270277789e-02 3.9893479271e+00 4.1610722244e-05 1.5217570818e+00 5.7218263846e-01 0.0000000000e+00 1.2533376610e-03
4.8132233446e-02 4.0031828208e+00 -9.1365106972e-05 1.1434686714e+00 4.2845982406e-01 0.0000000000e+00 1.2490061593e-03
4.8768290108e-02 3.9919806889e+00 4.9012309566e-05 1.5232164899e+00 5.7235365424e-01 0.0000000000e+00 1.2525110690e-03
5.0637255584e-02 4.0024402140e+00 -4.7324685609e-05 1.1423664504e+00 4.2812623900e-01 0.0000000000e+00 1.2492378981e-03
5.1266765904e-02 3.9938272994e+00 -4.9297545172e-05 1.5238435501e+00 5.7232452829e-01 0.0000000000e+00 1.2519319503e-03
5.3141119485e-02 4.0045173510e+00 -1.2316268833e-04 1.1418387156e+00 4.2770649327e-01 0.0000000000e+00 1.2485899203e-03
5.3763945745e-02 3.9961882438e+00 5.4923181333e-05 1.5246269031e+00 5.7228043704e-01 0.0000000000e+00 1.2511923100e-03
5.5643504105e-02 4.0034639456e+00 -2.4134655274e-05 1.1414211643e+00 4.2766258663e-01 0.0000000000e+00 1.2489184536e-03
5.6261782652e-02 3.9978647066e+00 -6.8435241530e-05 1.5251840957e+00 5.7224951603e-01 0.0000000000e+00 1.2506676356e-03
5.8144839376e-02 4.0026612149e+00 -1.3353926527e-04 1.1408247612e+00 4.2752485159e-01 0.0000000000e+00 1.2491689233e-03
5.8760120498e-02 3.9968086321e+00 -1.0133846568e-05 1.5252797266e+00 5.7243661143e-01 0.0000000000e+00 1.2509980988e-03
6.0646835574e-02 4.0019579516e+00 -4.8031380797e-05 1.1408862111e+00 4.2762301288e-01 0.0000000000e+00 1.2493884395e-03
6.1258897377e-02 3.9977807867e+00 -1.9635316641e-06 1.5259710788e+00 5.7255681097e-01 0.0000000000e+00 1.2506938891e-03
6.3148223352e-02 4.0014002077e+00 -4.0113521437e-05 1.1403340211e+00 4.2747561926e-01 0.0000000000e+00 1.2495625882e-03
6.3758022554e-02 3.9978451458e+00 -8.0735545661e-05 1.5258554162e+00 5.7250419684e-01 0.0000000000e+00 1.2506737549e-03
6.5649570862e-02 4.0018628374e+00 -1.1722752940e-04 1.1402788982e+00 4.2740554006e-01 0.0000000000e+00 1.2494181343e-03
6.6256858822e-02 3.9988257139e+00 1.6538858966e-05 1.5262623644e+00 5.7251646117e-01 0.0000000000e+00 1.2503670722e-03
6.8150305006e-02 4.0021103102e+00 -2.0536204199e-05 1.1401840677e+00 4.2734356853e-01 0.0000000000e+00 1.2493408758e-03
6.8755540574e-02 3.9991417248e+00 -4.9992909384e-05 1.5265139946e+00 5.7256560267e-01 0.0000000000e+00 1.2502682686e-03
7.0650841543e-02 4.0010748511e+00 -8.3115262745e-05 1.1398707777e+00 4.2733671082e-01 0.0000000000e+00 1.2496641993e-03
7.1254868972e-02 3.9987848898e+00 -3.9106689219e-05 1.5264630319e+00 5.7259757926e-01 0.0000000000e+00 1.2503798373e-03
7.3151601218e-02 4.0002608771e+00 -5.4490588213e-05 1.1399171605e+00 4.2744105780e-01 0.0000000000e+00 1.2499184812e-03
7.3754705935e-02 3.9994517980e+00 -3.5020664324e-06 1.5267843433e+00 5.7262260694e-01 0.0000000000e+00 1.2501713366e-03
7.5651943891e-02 4.0014213408e+00 -2.2277382971e-05 1.1396943825e+00 4.2723358232e-01 0.0000000000e+00 1.2495559888e-03
7.6253817912e-02 3.9991331391e+00 -4.4453900307e-05 1.5267459223e+00 5.7265382366e-01 0.0000000000e+00 1.2502709528e-03
7.8152485796e-02 4.0015319824e+00 -6.3444181389e-05 1.1395900836e+00 4.2718267226e-01 0.0000000000e+00 1.2495214388e-03
7.8752860790e-02 4.0002489605e+00 -7.5811277354e-06 1.5268232376e+00 5.7252308021e-01 0.0000000000e+00 1.2499222047e-03
8.0652330206e-02 4.0011684198e+00 -2.1753450309e-05 1.1395769085e+00 4.2721654861e-01 0.0000000000e+00 1.2496349754e-03
8.1252130741e-02 3.9997571789e+00 -2.9316467709e-05 1.5269626380e+00 5.7264575186e-01 0.0000000000e+00 1.2500758862e-03
8.3152481978e-02 3.9996709419e+00 -4.1274407490e-05 1.1394429461e+00 4.2732625858e-01 0.0000000000e+00 1.2501028391e-03
8.3752336419e-02 3.9998103805e+00 -3.0873497961e-05 1.5269345997e+00 5.7262762022e-01 0.0000000000e+00 1.2500592589e-03
8.5652600496e-02 4.0008558165e+00 -3.7138622059e-05 1.1394506368e+00 4.2720258706e-01 0.0000000000e+00 1.2497326146e-03
8.6251801648e-02 4.0000558769e+00 -2.0695391701e-05 1.5270530907e+00 5.7263690972e-01 0.0000000000e+00 1.2499825387e-03
8.8152565574e-02 4.0012616851e+00 -2.9662237658e-05 1.1393605795e+00 4.2712549283e-01 0.0000000000e+00 1.2496058477e-03
8.8751013344e-02 4.0007307999e+00 -4.1003725658e-05 1.5270389553e+00 5.7253500610e-01 0.0000000000e+00 1.2497716668e-03
9.0652108907e-02 4.0011767145e+00 -4.9948965201e-05 1.1393285297e+00 4.2712254832e-01 0.0000000000e+00 1.2496323849e-03
9.1250278113e-02 4.0007191122e+00 -3.7026780643e-05 1.5270844815e+00 5.7255374796e-01 0.0000000000e+00 1.2497753178e-03
9.3151659543e-02 4.0005995782e+00 -4.4570040823e-05 1.1393061542e+00 4.2717577652e-01 0.0000000000e+00 1.2498126599e-03
9.3749903433e-02 4.0002845761e+00 -5.2449762364e-05 1.5271223181e+00 5.7263013007e-01 0.0000000000e+00 1.2499110763e-03
9.5651481695e-02 4.0002264330e+00 -5.9648537487e-05 1.1392655791e+00 4.2720040908e-01 0.0000000000e+00 1.2499292437e-03
9.6249761920e-02 4.0005310651e+00 -5.3166986589e-05 1.5271318899e+00 5.7259843697e-01 0.0000000000e+00 1.2498340642e-03
9.8151149824e-02 4.0014548899e+00 -5.6304067535e-05 1.1392829710e+00 4.2707577707e-01 0.0000000000e+00 1.2495455122e-03
9.8748852945e-02 4.0004839669e+00 -4.7704491043e-05 1.5272059039e+00 5.7263293013e-01 0.0000000000e+00 1.2498487786e-03
1.0065084738e-01 4.0015376311e+00 -4.9693088765e-05 1.1392616961e+00 4.2705897126e-01 0.0000000000e+00 1.2495196749e-03
1.0124789229e-01 4.0012620546e+00 -4.6190615969e-05 1.5272203479e+00 5.7252699037e-01 0.0000000000e+00 1.2496057323e-03
1.0315005885e-01 4.0011966989e+00 -4.8109722977e-05 1.1392641660e+00 4.2709628585e-01 0.0000000000e+00 1.2496261434e-03
1.0374714458e-01 4.0004837800e+00 -3.6640782733e-05 1.5272567934e+00 5.7265203814e-01 0.0000000000e+00 1.2498488370e-03
1.0564975652e-01 3.9998825161e+00 -3.9164169372e-05 1.1392675510e+00 4.2723788001e-01 0.0000000000e+00 1.2500367148e-03
1.0624721801e-01 4.0005990575e+00 -4.0484536116e-05 1.5272881750e+00 5.7264730344e-01 0.0000000000e+00 1.2498128226e-03
1.0814938216e-01 4.0008435089e+00 -4.3387285298e-05 1.1392530565e+00 4.2712982423e-01 0.0000000000e+00 1.2497364590e-03
1.0874669093e-01 4.0005756620e+00 -4.5261173155e-05 1.5272959548e+00 5.7265356935e-01 0.0000000000e+00 1.2498201315e-03
1.1064902243e-01 4.0013018230e+00 -4.7181141952e-05 1.1392510857e+00 4.2708016145e-01 0.0000000000e+00 1.2495933127e-03
1.1124587755e-01 4.0011141569e+00 -4.1588847028e-05 1.5273166134e+00 5.7258424285e-01 0.0000000000e+00 1.2496519229e-03
1.1314832627e-01 4.0012012540e+00 -4.2373243939e-05 1.1392301366e+00 4.2708304240e-01 0.0000000000e+00 1.2496247208e-03
1.1374512700e-01 4.0009398120e+00 -3.4379266642e-05 1.5273093500e+00 5.7260647065e-01 0.0000000000e+00 1.2497063777e-03
1.1564773903e-01 4.0004013477e+00 -3.4799756585e-05 1.1391860439e+00 4.2715190736e-01 0.0000000000e+00 1.2498745914e-03
1.1624487618e-01 4.0003313619e+00 -2.4806096002e-05 1.5272727185e+00 5.7267982838e-01 0.0000000000e+00 1.2498964580e-03
1.1814753195e-01 3.9998947749e+00 -2.5498844496e-05 1.1391533798e+00 4.2719375529e-01 0.0000000000e+00 1.2500328837e-03
1.1874494195e-01 4.0003886312e+00 -2.4475608612e-05 1.5272535777e+00 5.7266445280e-01 0.0000000000e+00 1.2498785645e-03
1.2064728907e-01 4.0010182798e+00 -2.6749735234e-05 1.1391337158e+00 4.2706642514e-01 0.0000000000e+00 1.2496818686e-03
1.2124430568e-01 4.0001816716e+00 -3.0811527880e-05 1.5272515725e+00 5.7269332917e-01 0.0000000000e+00 1.2499432302e-03
1.2314717553e-01 4.0010581925e+00 -3.6580439591e-05 1.1391371738e+00 4.2706346134e-01 0.0000000000e+00 1.2496694023e-03
1.2374364449e-01 4.0009314171e+00 -4.2590845627e-05 1.5272706829e+00 5.7259317531e-01 0.0000000000e+00 1.2497089999e-03
1.2564659353e-01 4.0006862777e+00 -4.8126099440e-05 1.1391526245e+00 4.2710895534e-01 0.0000000000e+00 1.2497855750e-03
1.2624321564e-01 4.0000537212e+00 -5.1330052527e-05 1.5272934171e+00 5.7272733951e-01 0.0000000000e+00 1.2499832124e-03
1.2814655996e-01 3.9993557327e+00 -5.3274225958e-05 1.1391570566e+00 4.2725271247e-01 0.0000000000e+00 1.2502013660e-03
1.2874361837e-01 4.0001570313e+00 -5.3078652118e-05 1.5273021716e+00 5.7271583076e-01 0.0000000000e+00 1.2499509296e-03
1.3064646182e-01 4.0003279993e+00 -5.3826712057e-05 1.1391402386e+00 4.2714256386e-01 0.0000000000e+00 1.2498975086e-03
1.3124341339e-01 4.0000554757e+00 -4.9623681876e-05 1.5272955046e+00 5.7272787111e-01 0.0000000000e+00 1.2499826641e-03
1.3314642715e-01 4.0006737771e+00 -5.0283474726e-05 1.1391357577e+00 4.2710396592e-01 0.0000000000e+00 1.2497894801e-03
1.3374299235e-01 4.0006420412e+00 -4.8785422168e-05 1.5273032020e+00 5.7264678503e-01 0.0000000000e+00 1.2497993943e-03
1.3564602594e-01 4.0005912006e+00 -4.9573188231e-05 1.1391415094e+00 4.2711493839e-01 0.0000000000e+00 1.2498152771e-03
1.3624262290e-01 4.0004616856e+00 -4.9695100526e-05 1.5273241121e+00 5.7268044247e-01 0.0000000000e+00 1.2498557399e-03
1.3814573742e-01 3.9999057790e+00 -5.3481965507e-05 1.1391618131e+00 4.2719574263e-01 0.0000000000e+00 1.2500294448e-03
1.3874268179e-01 4.0000526306e+00 -5.8188667203e-05 1.5273716749e+00 5.7275684197e-01 0.0000000000e+00 1.2499835532e-03
1.4064570452e-01 3.9997049215e+00 -6.1635898403e-05 1.1391862763e+00 4.2722636995e-01 0.0000000000e+00 1.2500922188e-03
1.4124286623e-01 4.0002091409e+00 -6.0477680119e-05 1.5274017123e+00 5.7274569598e-01 0.0000000000e+00 1.2499346469e-03
1.4314557382e-01 4.0008264556e+00 -5.3062957433e-05 1.1391856541e+00 4.2710637418e-01 0.0000000000e+00 1.2497417860e-03
1.4374234980e-01 4.0000904493e+00 -5.1180628760e-05 1.5273475645e+00 5.7274238563e-01 0.0000000000e+00 1.2499717352e-03
1.4564551729e-01 4.0007859793e+00 -3.3653509322e-05 1.1391333025e+00 4.2709106725e-01 0.0000000000e+00 1.2497544297e-03
1.4624185866e-01 4.0006382559e+00 -3.6483949959e-05 1.5273314517e+00 5.7265791883e-01 0.0000000000e+00 1.2498005769e-03
1.4814511844e-01 4.0003553592e+00 -4.1535415479e-05 1.1391100194e+00 4.2712831130e-01 0.0000000000e+00 1.2498889601e-03
1.4874163658e-01 3.9997967467e+00 -4.2380614684e-05 1.5273385728e+00 5.7278106971e-01 0.0000000000e+00 1.2500635199e-03
1.5064524548e-01 3.9990543228e+00 -2.5641218188e-05 1.1390993110e+00 4.2726325491e-01 0.0000000000e+00 1.2502955940e-03
1.5124222777e-01 3.9998725736e+00 -2.6292668092e-05 1.5272451264e+00 5.7273516778e-01 0.0000000000e+00 1.2500398220e-03
1.5314532512e-01 4.0000479649e+00 -2.5632861066e-05 1.1390227934e+00 4.2712842573e-01 0.0000000000e+00 1.2499850112e-03
1.5374219779e-01 3.9997932471e+00 -4.1983943957e-05 1.5273266056e+00 5.7277708293e-01 0.0000000000e+00 1.2500646136e-03
1.5564545435e-01 4.0003334413e+00 -6.5046825945e-05 1.1390946750e+00 4.2712489787e-01 0.0000000000e+00 1.2498958083e-03
1.5624198941e-01 4.0006504732e+00 -7.1861751010e-05 1.5273827900e+00 5.7267541876e-01 0.0000000000e+00 1.2497967602e-03
1.5814504787e-01 4.0001683743e+00 -1.8658316421e-05 1.1390608499e+00 4.2712983928e-01 0.0000000000e+00 1.2499473853e-03
1.5874188418e-01 3.9997748500e+00 -2.1104869773e-05 1.5270712820e+00 5.7268396569e-01 0.0000000000e+00 1.2500703633e-03
1.6064518860e-01 3.9988495684e+00 -2.6630066909e-05 1.1388185990e+00 4.2717983491e-01 0.0000000000e+00 1.2503596133e-03
1.6124260340e-01 3.9999374508e+00 -7.7627985649e-05 1.5273893479e+00 5.7277996220e-01 0.0000000000e+00 1.2500195469e-03
1.6314522769e-01 3.9993593779e+00 -1.4828569165e-04 1.1390656343e+00 4.2721803418e-01 0.0000000000e+00 1.2502002265e-03
1.6374300386e-01 4.0002740787e+00 -1.6967897609e-04 1.5275124338e+00 5.7277791611e-01 0.0000000000e+00 1.2499143563e-03
1.6564505640e-01 4.0000321024e+00 5.7699629945e-05 1.1389271874e+00 4.2709426758e-01 0.0000000000e+00 1.2499899681e-03
1.6624298379e-01 3.9989072596e+00 3.9011344003e-05 1.5265019365e+00 5.7259465050e-01 0.0000000000e+00 1.2503415747e-03
1.6814573955e-01 3.9987675864e+00 -4.3393013266e-05 1.1381952098e+00 4.2695474990e-01 0.0000000000e+00 1.2503852479e-03
1.6874375429e-01 4.0014374420e+00 -2.1425682554e-04 1.5278319447e+00 5.7273116232e-01 0.0000000000e+00 1.2495509607e-03
1.7064484147e-01 4.0000948650e+00 -4.1176709092e-04 1.1391782213e+00 4.2718170182e-01 0.0000000000e+00 1.2499703554e-03
1.7124369500e-01 4.0009904241e+00 -4.7025949039e-04 1.5279035233e+00 5.7282198706e-01 0.0000000000e+00 1.2496905691e-03
1.7314422261e-01 3.9972368409e+00 4.5363377250e-04 1.1384173747e+00 4.2720162202e-01 0.0000000000e+00 1.2508640841e-03
1.7374542317e-01 3.9958277927e+00 3.4883972019e-04 1.5244826269e+00 5.7227790060e-01 0.0000000000e+00 1.2513051761e-03
1.7564683297e-01 3.9941872523e+00 -9.6433569088e-05 1.1360624103e+00 4.2664339647e-01 0.0000000000e+00 1.2518191272e-03
1.7624906142e-01 4.0035681893e+00 -6.9761891257e-04 1.5294703945e+00 5.7304021895e-01 0.0000000000e+00 1.2488859346e-03
1.7814460483e-01 4.0001151571e+00 -1.2467795768e-03 1.1394860696e+00 4.2729497458e-01 0.0000000000e+00 1.2499640144e-03
1.7874898945e-01 4.0036328911e+00 -1.4002570659e-03 1.5285933228e+00 5.7270235474e-01 0.0000000000e+00 1.2488657517e-03
1.8064233634e-01 3.9922129772e+00 1.9889405373e-03 1.1359867750e+00 4.2682596651e-01 0.0000000000e+00 1.2524381912e-03
1.8125386583e-01 3.9864582906e+00 1.4378481302e-03 1.5179552303e+00 5.7116685524e-01 0.0000000000e+00 1.2542461593e-03
1.8315082866e-01 3.9789369587e+00 -7.0882417300e-04 1.1293885119e+00 4.2576265609e-01 0.0000000000e+00 1.2566170442e-03
1.8376709992e-01 4.0154062186e+00 -2.8323430101e-03 1.5362209365e+00 5.7387254971e-01 0.0000000000e+00 1.2452040286e-03
1.8564123671e-01 3.9997080920e+00 -4.0798513543e-03 1.1411456899e+00 4.2796086501e-01 0.0000000000e+00 1.2500912279e-03
1.8626728238e-01 4.0049059789e+00 -4.3612631632e-03 1.5282891616e+00 5.7240638220e-01 0.0000000000e+00 1.2484687596e-03
1.8813817423e-01 3.9658970799e+00 8.0499789017e-03 1.1248549742e+00 4.2544786900e-01 0.0000000000e+00 1.2607488039e-03
1.8878877999e-01 3.9549852413e+00 5.4464743800e-03 1.4951668231e+00 5.6706917924e-01 0.0000000000e+00 1.2642272208e-03
1.9066662867e-01 3.9369781234e+00 -3.5218061227e-03 1.1095752989e+00 4.2275138347e-01 0.0000000000e+00 1.2700095970e-03
1.9132879918e-01 4.0573287124e+00 -1.1366479547e-02 1.5584465020e+00 5.7615981319e-01 0.0000000000e+00 1.2323379135e-03
1.9313130450e-01 3.9980348606e+00 -1.4138850612e-02 1.1461677438e+00 4.3002416829e-01 0.0000000000e+00 1.2506144079e-03
1.9383002800e-01 4.0236980805e+00 -1.2135888967e-02 1.5297636611e+00 5.7028272146e-01 0.0000000000e+00 1.2426379664e-03
1.9561658043e-01 3.8492123769e+00 3.3696370300e-02 1.0835371606e+00 4.2224371683e-01 0.0000000000e+00 1.2989670381e-03
1.9642796207e-01 3.7751759593e+00 1.2787298771e-02 1.3507842216e+00 5.3671043527e-01 0.0000000000e+00 1.3244415767e-03
1.9826546359e-01 3.7648911158e+00 -2.5084331809e-02 1.0521581932e+00 4.1919865441e-01 0.0000000000e+00 1.3280596560e-03
1.9908408138e-01 4.4515410835e+00 -3.6643779210e-02 1.7627103666e+00 5.9396633669e-01 0.0000000000e+00 1.1232065270e-03
2.0051187664e-01 2.4880412618e+00 -1.0815237073e-01 6.0145691276e-01 3.6260868459e-01 0.0000000000e+00 2.0096129742e-03
2.0310330733e-01 1.4266563406e+00 -6.1321093077e-01 9.9055968069e-02 1.0414838380e-01 0.0000000000e+00 3.5046982639e-03
2.0752127317e-01 1.0641986365e+00 -9.7339246229e-01 1.2941097256e-03 1.8240622773e-03 0.0000000000e+00 4.6983709888e-03
2.1250004931e-01 1.0021318515e+00 -9.9989265554e-01 1.3149257867e-06 1.9681927853e-06 0.0000000000e+00 4.9893634181e-03
2.1750000001e-01 1.0000049310e+00 -9.9999998508e-01 1.0000067248e-06 1.5000026906e-06 0.0000000000e+00 4.9999753449e-03
2.2250000000e-01 1.0000000006e+00 -1.0000000000e+00 1.0000000008e-06 1.5000000003e-06 0.0000000000e+00 4.9999999972e-03
2.2750000000e-01 1.0000000000e+00 -1.0000000000e+00 1.0000000000e-06 1.5000000000e-06 0.0000000000e+00 5.0000000000e-03
2.3250000000e-01 1.0000000000e+00 -1.0000000000e+00 1.0000000000e-06 1.5000000000e-06 0.0000000000e+00 5.0000000000e-03
2.3750000000e-01 1.0000000000e+00 -1.0000000000e+00 1.0000000000e-06 1.5000000000e-06 0.0000000000e+00 5.0000000000e-03
2.4250000000e-01 1.0000000000e+00 -1.0000000000e+00 1.0000000000e-06 1.5000000000e-06 0.0000000000e+00 5.0000000000e-03
2.4750000000e-01 1.0000000000e+00 -1.0000000000e+00 1.0000000000e-06 1.5000000000e-06 0.0000000000e+00 5.0000000000e-03
2.5250000000e-01 1.0000000000e+00 -1.0000000000e+00 1.0000000000e-06 1.5000000000e-06 0.0000000000e+00 5.0000000000e-03
2.5750000000e-01 1.0000000000e+00 -1.0000000000e+00 1.0000000000e-06 1.5000000000e-06 0.0000000000e+00 5.0000000000e-03
2.6250000000e-01 1.0000000000e+00 -1.0000000000e+00 1.0000000000e-06 1.5000000000e-06 0.0000000000e+00 5.0000000000e-03
2.6750000000e-01 1.0000000000e+00 -1.0000000000e+00 1.0000000000e-06 1.5000000000e-06 0.0000000000e+00 5.0000000000e-03
2.7250000000e-01 1.0000000000e+00 -1.0000000000e+00 1.0000000000e-06 1.5000000000e-06 0.0000000000e+00 5.0000000000e-03
2.7750000000e-01 1.0000000000e+00 -1.0000000000e+00 1.0000000000e-06 1.5000000000e-06 0.0000000000e+00 5.0000000000e-03
2.8250000000e-01 1.0000000000e+00 -1.0000000000e+00 1.0000000000e-06 1.5000000000e-06 0.0000000000e+00 5.0000000000e-03
2.8750000000e-01 1.0000000000e+00 -1.0000000000e+00 1.0000000000e-06 1.5000000000e-06 0.0000000000e+00 5.0000000000e-03
2.9250000000e-01 1.0000000000e+00 -1.0000000000e+00 1.0000000000e-06 1.5000000000e-06 0.0000000000e+00 5.0000000000e-03
2.9750000000e-01 1.0000000000e+00 -1.0000000000e+00 1.0000000000e-06 1.5000000000e-06 0.0000000000e+00 5.0000000000e-03
3.0250000000e-01 1.0000000000e+00 -1.0000000000e+00 1.0000000000e-06 1.5000000000e-06 0.0000000000e+00 5.0000000000e-03
3.0750000000e-01 1.0000000000e+00 -1.0000000000e+00 1.0000000000e-06 1.5000000000e-06 0.0000000000e+00 5.0000000000e-03
3.1250000000e-01 1.0000000000e+00 -1.0000000000e+00 1.0000000000e-06 1.5000000000e-06 0.0000000000e+00 5.0000000000e-03
3.1750000000e-01 1.0000000000e+00 -1.0000000000e+00 1.0000000000e-06 1.5000000000e-06 0.0000000000e+00 5.0000000000e-03
3.2250000000e-01 1.0000000000e+00 -1.0000000000e+00 1.0000000000e-06 1.5000000000e-06 0.0000000000e+00 5.0000000000e-03
3.2750000000e-01 1.0000000000e+00 -1.0000000000e+00 1.0000000000e-06 1.5000000000e-06 0.0000000000e+00 5.0000000000e-03
3.3250000000e-01 1.0000000000e+00 -1.0000000000e+00 1.0000000000e-06 1.5000000000e-06 0.0000000000e+00 5.0000000000e-03
3.3750000000e-01 1.0000000000e+00 -1.0000000000e+00 1.0000000000e-06 1.5000000000e-06 0.0000000000e+00 5.0000000000e-03
3.4250000000e-01 1.0000000000e+00 -1.0000000000e+00 1.0000000000e-06 1.5000000000e-06 0.0000000000e+00 5.0000000000e-03
3.4750000000e-01 1.0000000000e+00 -1.0000000000e+00 1.0000000000e-06 1.5000000000e-06 0.0000000000e+00 5.0000000000e-03
3.5250000000e-01 1.0000000000e+00 -1.0000000000e+00 1.0000000000e-06 1.5000000000e-06 0.0000000000e+00 5.0000000000e-03
3.5750000000e-01 1.0000000000e+00 -1.0000000000e+00 1.0000000000e-06 1.5000000000e-06 0.0000000000e+00 5.0000000000e-03
3.6250000000e-01 9.9999999999e-01 -1.0000000000e+00 9.9999999999e-07 1.5000000000e-06 0.0000000000e+00 5.0000000000e-03
3.6750000000e-01 9.9999999993e-01 -1.0000000000e+00 9.9999999989e-07 1.5000000000e-06 0.0000000000e+00 5.0000000004e-03
3.7250000000e-01 9.9999990986e-01 -9.9999999999e-01 9.9999987975e-07 1.4999999548e-06 0.0000000000e+00 5.0000004507e-03
3.7750000090e-01 9.9999940438e-01 -9.9999999399e-01 9.9999911582e-07 1.4999995672e-06 0.0000000000e+00 5.0000029781e-03
3.8250000596e-01 9.9955006690e-01 -9.9999996041e-01 9.9939969938e-07 1.4997743472e-06 0.0000000000e+00 5.0022506781e-03
3.8750450226e-01 9.9884805934e-01 -9.9998498520e-01 9.9785885812e-07 1.4985144870e-06 0.0000000000e+00 5.0057663458e-03
3.9251153865e-01 6.6678020226e-01 -9.9996228473e-01 6.6683537424e-07 1.5001241158e-06 0.0000000000e+00 7.4987229421e-03
4.0250194814e-01 5.0047998566e-01 -9.9999280264e-01 5.0066107028e-07 1.5005427328e-06 0.0000000000e+00 9.9904094934e-03
