# x  rho  v  p  e  w  vol
8.9509987195e-04 8.6102540279e-02 4.1174255983e-03 8.1776511514e-01 1.4246358687e+01 1.0000000000e-01 5.8070295996e-02
7.7111674645e-02 3.4427005530e+00 2.0813809320e-05 6.7903804091e-04 2.9585990582e-04 3.0000000000e-03 1.4523482141e-03
7.7111153098e-02 3.4426620713e+00 3.7676345822e-04 6.7974385671e-04 2.9617074344e-04 3.0000000000e-03 1.4523644483e-03
7.7105420603e-02 3.4422198825e+00 4.8716427258e-03 6.7652854669e-04 2.9480766908e-04 3.0000000000e-03 1.4525510196e-03
8.4185428140e-02 1.1863236062e+00 1.7575935510e-03 8.1983088935e-01 1.0366027681e+00 8.4294031979e-03 4.2147015989e-03
8.4907456878e-02 1.1617389765e+00 1.7342282005e-03 1.1291874246e+00 1.4579704831e+00 8.6077855715e-03 4.3038927858e-03
9.1166708085e-02 1.1876160870e+00 2.0391698381e-03 1.1969040981e+00 1.5117310777e+00 8.4202294912e-03 4.2101147456e-03
9.4459605842e-02 1.1563390634e+00 2.6711995687e-03 1.2991885453e+00 1.6853039731e+00 8.6479825132e-03 4.3239912566e-03
9.9673206276e-02 1.1054661272e+00 2.7017456319e-03 1.3630212188e+00 1.8494748757e+00 9.0459578581e-03 4.5229789291e-03
1.0362031538e-01 1.0752778433e+00 3.1494465693e-03 1.3802062875e+00 1.9253716090e+00 9.2999219341e-03 4.6499609670e-03
1.0888483269e-01 1.0475737685e+00 2.9300339831e-03 1.3775256126e+00 1.9724514693e+00 9.5458671272e-03 4.7729335636e-03
1.1323823502e-01 1.0364119883e+00 4.0359608952e-03 1.3729253085e+00 1.9870360301e+00 9.6486726445e-03 4.8243363222e-03
1.1844756064e-01 1.0347633537e+00 3.7812723405e-03 1.3708627845e+00 1.9872120223e+00 9.6640453724e-03 4.8320226862e-03
1.2295197616e-01 1.0410464820e+00 4.7753412400e-03 1.3661347797e+00 1.9684060269e+00 9.6057190265e-03 4.8028595132e-03
1.2798664642e-01 1.0552323540e+00 4.5347316614e-03 1.3668121590e+00 1.9429069159e+00 9.4765858549e-03 4.7382929274e-03
1.3247298811e-01 1.0733395403e+00 5.3983920342e-03 1.3616513795e+00 1.9029179423e+00 9.3167163091e-03 4.6583581546e-03
1.3725404917e-01 1.0978217166e+00 5.1394241519e-03 1.3619997505e+00 1.8609575625e+00 9.1089471530e-03 4.5544735765e-03
1.4162015275e-01 1.1242745144e+00 5.8617677771e-03 1.3585332232e+00 1.8125464987e+00 8.8946248195e-03 4.4473124098e-03
1.4611350235e-01 1.1551863466e+00 5.8188002359e-03 1.3592117575e+00 1.7649253233e+00 8.6566120082e-03 4.3283060041e-03
1.5030751129e-01 1.1871091965e+00 6.5173646328e-03 1.3571152867e+00 1.7148152301e+00 8.4238248926e-03 4.2119124463e-03
1.5451633020e-01 1.2217948918e+00 6.5735478835e-03 1.3573107462e+00 1.6663730819e+00 8.1846798237e-03 4.0923399119e-03
1.5851396488e-01 1.2566971735e+00 7.0238692290e-03 1.3554265661e+00 1.6178438943e+00 7.9573665087e-03 3.9786832544e-03
1.6246419780e-01 1.2923361502e+00 7.1120899498e-03 1.3545868461e+00 1.5722536809e+00 7.7379248415e-03 3.8689624208e-03
1.6626569367e-01 1.3268978802e+00 7.4990808767e-03 1.3540800900e+00 1.5307282989e+00 7.5363749910e-03 3.7681874955e-03
1.6999836357e-01 1.3603116772e+00 7.7304857509e-03 1.3540407006e+00 1.4930850665e+00 7.3512564568e-03 3.6756282284e-03
1.7362575666e-01 1.3916510501e+00 8.0220507370e-03 1.3544047363e+00 1.4598538220e+00 7.1857093768e-03 3.5928546884e-03
1.7718469753e-01 1.4209206132e+00 8.4506709008e-03 1.3551022029e+00 1.4305185564e+00 7.0376908515e-03 3.5188454258e-03
1.8066865976e-01 1.4481435321e+00 8.5932532773e-03 1.3561441022e+00 1.4047061691e+00 6.9053928555e-03 3.4526964277e-03
1.8409152630e-01 1.4738438644e+00 9.0436190809e-03 1.3574079387e+00 1.3814976995e+00 6.7849792244e-03 3.3924896122e-03
1.8745615418e-01 1.4986961066e+00 9.1371909581e-03 1.3585661914e+00 1.3597481691e+00 6.6724667902e-03 3.3362333951e-03
1.9076512876e-01 1.5234779787e+00 9.6327232814e-03 1.3593886494e+00 1.3384394147e+00 6.5639281563e-03 3.2819640782e-03
1.9402104245e-01 1.5488899047e+00 9.6726122817e-03 1.3597830507e+00 1.3168622056e+00 6.4562367989e-03 3.2281183995e-03
1.9722247379e-01 1.5753383148e+00 1.0185887892e-02 1.3600788040e+00 1.2950349693e+00 6.3478428133e-03 3.1739214066e-03
2.0036890579e-01 1.6029532694e+00 1.0376805133e-02 1.3599891003e+00 1.2726407497e+00 6.2384850457e-03 3.1192425229e-03
2.0346261509e-01 1.6315699743e+00 1.0924000923e-02 1.3596256551e+00 1.2499852993e+00 6.1290659658e-03 3.0645329829e-03
2.0649866695e-01 1.6605918653e+00 1.1034408427e-02 1.3589684728e+00 1.2275458840e+00 6.0219492874e-03 3.0109746437e-03
2.0948586623e-01 1.6893574013e+00 1.1559979425e-02 1.3584148543e+00 1.2061522800e+00 5.9194105357e-03 2.9597052679e-03
2.1242018350e-01 1.7170930015e+00 1.1686248556e-02 1.3581318324e+00 1.1864224866e+00 5.8237963763e-03 2.9118981882e-03
2.1531029030e-01 1.7432632704e+00 1.2122136014e-02 1.3580885223e+00 1.1685743732e+00 5.7363682067e-03 2.8681841034e-03
2.1815996362e-01 1.7674948235e+00 1.2314184241e-02 1.3585156275e+00 1.1529162146e+00 5.6577251979e-03 2.8288625989e-03
2.2096690761e-01 1.7897399817e+00 1.2751239440e-02 1.3591288448e+00 1.1391002537e+00 5.5874038141e-03 2.7937019070e-03
2.2375176665e-01 1.8104972543e+00 1.3001285214e-02 1.3600732714e+00 1.1268229777e+00 5.5233444715e-03 2.7616722357e-03
2.2648783067e-01 1.8300888721e+00 1.3357669302e-02 1.3610246045e+00 1.1155397631e+00 5.4642155101e-03 2.7321077550e-03
2.2921993730e-01 1.8494735156e+00 1.3713241489e-02 1.3619884253e+00 1.1046293016e+00 5.4069441468e-03 2.7034720734e-03
2.3189195389e-01 1.8689145082e+00 1.4067344386e-02 1.3625922462e+00 1.0936232558e+00 5.3506995403e-03 2.6753497702e-03
2.3457353855e-01 1.8894676449e+00 1.4298344359e-02 1.3630736704e+00 1.0821092973e+00 5.2924960249e-03 2.6462480125e-03
2.3718254162e-01 1.9107808881e+00 1.4631958646e-02 1.3630096420e+00 1.0699889641e+00 5.2334624353e-03 2.6167312176e-03
2.3980800670e-01 1.9336392627e+00 1.4819781903e-02 1.3629847162e+00 1.0573208321e+00 5.1715954432e-03 2.5857977216e-03
2.4235438014e-01 1.9570520062e+00 1.5177804928e-02 1.3625325086e+00 1.0443252179e+00 5.1097262455e-03 2.5548631227e-03
2.4491691673e-01 1.9815263002e+00 1.5285434169e-02 1.3624086273e+00 1.0313327361e+00 5.0466148236e-03 2.5233074118e-03
2.4740348446e-01 2.0057208245e+00 1.5677080857e-02 1.3620291986e+00 1.0186082594e+00 4.9857387319e-03 2.4928693660e-03
2.4990016371e-01 2.0300237287e+00 1.5893202295e-02 1.3620955433e+00 1.0064627748e+00 4.9260507937e-03 2.4630253969e-03
2.5233422496e-01 2.0533046592e+00 1.6149730084e-02 1.3620317809e+00 9.9500464396e-01 4.8701978809e-03 2.4350989405e-03
2.5476639101e-01 2.0758084048e+00 1.6467685849e-02 1.3622673472e+00 9.8438806586e-01 4.8174002845e-03 2.4087001422e-03
2.5715732968e-01 2.0970537387e+00 1.6596963361e-02 1.3624684598e+00 9.7455904542e-01 4.7685950128e-03 2.3842975064e-03
2.5953066328e-01 2.1172879143e+00 1.6933351550e-02 1.3627915514e+00 9.6547442289e-01 4.7230232281e-03 2.3615116141e-03
2.6188573694e-01 2.1366458930e+00 1.6937655750e-02 1.3630955936e+00 9.5694068783e-01 4.6802327109e-03 2.3401163555e-03
2.6420699157e-01 2.1552375458e+00 1.7333709088e-02 1.3632815370e+00 9.4881527538e-01 4.6398597777e-03 2.3199298889e-03
2.6652959776e-01 2.1736572148e+00 1.7316214365e-02 1.3636502915e+00 9.4102944260e-01 4.6005413971e-03 2.3002706986e-03
2.6880522884e-01 2.1917533649e+00 1.7705442844e-02 1.3638942714e+00 9.3342683531e-01 4.5625571564e-03 2.2812785782e-03
2.7109380685e-01 2.2101895209e+00 1.7869016589e-02 1.3643515311e+00 9.2595104504e-01 4.5244988746e-03 2.2622494373e-03
2.7332945121e-01 2.2285999243e+00 1.8200211656e-02 1.3645409137e+00 9.1842925609e-01 4.4871221124e-03 2.2435610562e-03
2.7558058976e-01 2.2476464078e+00 1.8385239588e-02 1.3649178520e+00 9.1089807142e-01 4.4490983838e-03 2.2245491919e-03
2.7777976077e-01 2.2668384094e+00 1.8630138360e-02 1.3650549892e+00 9.0327677324e-01 4.4114304569e-03 2.2057152285e-03
2.7999042165e-01 2.2867785677e+00 1.8879124797e-02 1.3652172778e+00 8.9550686961e-01 4.3729638459e-03 2.1864819229e-03
2.8215496055e-01 2.3069120323e+00 1.8982961426e-02 1.3652007938e+00 8.8768065794e-01 4.3347990127e-03 2.1673995064e-03
2.8432301569e-01 2.3275679169e+00 1.9322328018e-02 1.3653369982e+00 8.7989075741e-01 4.2963300565e-03 2.1481650282e-03
2.8645384473e-01 2.3481967621e+00 1.9422673655e-02 1.3653984127e+00 8.7220017168e-01 4.2585869129e-03 2.1292934564e-03
2.8857964317e-01 2.3688815564e+00 1.9851127454e-02 1.3656720796e+00 8.6475751137e-01 4.2214014344e-03 2.1107007172e-03
2.9067757492e-01 2.3891346273e+00 1.9972292226e-02 1.3660488470e+00 8.5766337614e-01 4.1856159488e-03 2.0928079744e-03
2.9276372536e-01 2.4089098850e+00 2.0478705850e-02 1.3665032347e+00 8.5090557552e-01 4.1512553302e-03 2.0756276651e-03
2.9483079795e-01 2.4280135938e+00 2.0637024830e-02 1.3670943806e+00 8.4457581957e-01 4.1185930859e-03 2.0592965430e-03
2.9688135559e-01 2.4464031426e+00 2.1069538495e-02 1.3677049729e+00 8.3860154673e-01 4.0876337287e-03 2.0438168644e-03
2.9891960356e-01 2.4641975122e+00 2.1314472598e-02 1.3683744947e+00 8.3295341867e-01 4.0581162632e-03 2.0290581316e-03
3.0093912739e-01 2.4815564796e+00 2.1634058973e-02 1.3690284414e+00 8.2752203268e-01 4.0297289553e-03 2.0148644777e-03
3.0294991353e-01 2.4987935730e+00 2.1917455567e-02 1.3696996915e+00 8.2221659264e-01 4.0019312152e-03 2.0009656076e-03
3.0494086267e-01 2.5160713516e+00 2.2193387972e-02 1.3702919902e+00 8.1692356775e-01 3.9744500861e-03 1.9872250431e-03
3.0692459668e-01 2.5337549476e+00 2.2513406369e-02 1.3709207601e+00 8.1159432647e-01 3.9467115829e-03 1.9733557914e-03
3.0888764831e-01 2.5518591551e+00 2.2742477728e-02 1.3714438315e+00 8.0614392184e-01 3.9187115715e-03 1.9593557857e-03
3.1084313947e-01 2.5705206499e+00 2.3126471980e-02 1.3719759178e+00 8.0060196242e-01 3.8902624650e-03 1.9451312325e-03
3.1277831147e-01 2.5895343282e+00 2.3340888598e-02 1.3723928970e+00 7.9496507272e-01 3.8616981792e-03 1.9308490896e-03
3.1470455323e-01 2.6088015100e+00 2.3692370961e-02 1.3728149011e+00 7.8933653776e-01 3.8331777875e-03 1.9165888937e-03
3.1661209720e-01 2.6279427592e+00 2.3941019198e-02 1.3732154284e+00 7.8381583292e-01 3.8052579209e-03 1.9026289604e-03
3.1850950556e-01 2.6467453476e+00 2.4254495699e-02 1.3736272390e+00 7.7848095976e-01 3.7782252112e-03 1.8891126056e-03
3.2039123048e-01 2.6648565290e+00 2.4472079737e-02 1.3740613741e+00 7.7343453154e-01 3.7525472352e-03 1.8762736176e-03
3.2226152879e-01 2.6821133100e+00 2.4737466200e-02 1.3745129761e+00 7.6871079850e-01 3.7284032568e-03 1.8642016284e-03
3.2412084455e-01 2.6984231012e+00 2.4930998714e-02 1.3750074176e+00 7.6433941197e-01 3.7058680662e-03 1.8529340331e-03
3.2596671575e-01 2.7137724980e+00 2.5183211359e-02 1.3755850476e+00 7.6033550083e-01 3.6849072674e-03 1.8424536337e-03
3.2780686538e-01 2.7283404964e+00 2.5335675927e-02 1.3762266836e+00 7.5662844436e-01 3.6652316723e-03 1.8326158361e-03
3.2963148852e-01 2.7422341920e+00 2.5571272882e-02 1.3767899903e+00 7.5310306882e-01 3.6466615539e-03 1.8233307770e-03
3.3145390916e-01 2.7558548037e+00 2.5765168864e-02 1.3774418348e+00 7.4973570796e-01 3.6286381948e-03 1.8143190974e-03
3.3326044100e-01 2.7693738287e+00 2.5910374114e-02 1.3781142538e+00 7.4643999280e-01 3.6109245694e-03 1.8054622847e-03
3.3506421129e-01 2.7831266288e+00 2.6179067946e-02 1.3786849179e+00 7.4305903132e-01 3.5930812118e-03 1.7965406059e-03
3.3685437167e-01 2.7972787601e+00 2.6309376523e-02 1.3792236584e+00 7.3958860200e-01 3.5749029173e-03 1.7874514586e-03
3.3863824522e-01 2.8119835151e+00 2.6554153565e-02 1.3797690357e+00 7.3601197961e-01 3.5562086144e-03 1.7781043072e-03
3.4041128518e-01 2.8272120848e+00 2.6720369870e-02 1.3802763537e+00 7.3231666692e-01 3.5370533586e-03 1.7685266793e-03
3.4217467053e-01 2.8429278190e+00 2.6909391157e-02 1.3806676552e+00 7.2847487331e-01 3.5175004913e-03 1.7587502456e-03
3.4392933878e-01 2.8589960578e+00 2.7067164806e-02 1.3809587459e+00 7.2453339459e-01 3.4977313007e-03 1.7488656504e-03
3.4567191072e-01 2.8752534396e+00 2.7129692787e-02 1.3812912802e+00 7.2061018750e-01 3.4779542778e-03 1.7389771389e-03
3.4740785125e-01 2.8915608152e+00 2.7369874046e-02 1.3816429593e+00 7.1672863600e-01 3.4583398515e-03 1.7291699257e-03
3.4913009922e-01 2.9075943026e+00 2.7488994829e-02 1.3819706795e+00 7.1294541242e-01 3.4392693613e-03 1.7196346806e-03
3.5084698352e-01 2.9233881371e+00 2.7523394478e-02 1.3824578166e+00 7.0934362036e-01 3.4206884379e-03 1.7103442189e-03
3.5255170992e-01 2.9387629865e+00 2.8026715263e-02 1.3830393130e+00 7.0592932435e-01 3.4027922789e-03 1.7013961395e-03
3.5424912697e-01 2.9534554074e+00 2.8059073106e-02 1.3836040907e+00 7.0270440884e-01 3.3858645622e-03 1.6929322811e-03
3.5593797974e-01 2.9675811493e+00 2.8254710870e-02 1.3842920070e+00 6.9970723835e-01 3.3697477834e-03 1.6848738917e-03
3.5761935684e-01 2.9812660498e+00 2.8763027980e-02 1.3851487599e+00 6.9692644171e-01 3.3542796358e-03 1.6771398179e-03
3.5929214002e-01 2.9942578935e+00 2.8802174231e-02 1.3859131265e+00 6.9428545022e-01 3.3397256868e-03 1.6698628434e-03
3.6095874779e-01 3.0067968976e+00 2.8976384261e-02 1.3866661264e+00 6.9176577617e-01 3.3257982965e-03 1.6628991483e-03
3.6261912258e-01 3.0191391840e+00 2.9365877648e-02 1.3874848867e+00 6.8934461224e-01 3.3122023831e-03 1.6561011915e-03
3.6427004592e-01 3.0311125400e+00 2.9546048865e-02 1.3881603406e+00 6.8695585645e-01 3.2991186794e-03 1.6495593397e-03
3.6591848140e-01 3.0429940293e+00 2.9699935592e-02 1.3888077373e+00 6.8459273530e-01 3.2862371414e-03 1.6431185707e-03
3.6755704501e-01 3.0549631388e+00 2.9964668233e-02 1.3894894531e+00 6.8224527924e-01 3.2733619182e-03 1.6366809591e-03
3.6919052965e-01 3.0671049737e+00 3.0052223864e-02 1.3902189730e+00 6.7990123501e-01 3.2604035681e-03 1.6302017840e-03
3.7081889290e-01 3.0794535993e+00 3.0371284237e-02 1.3910319268e+00 6.7757081664e-01 3.2473293321e-03 1.6236646661e-03
3.7243722424e-01 3.0915783772e+00 3.0705558132e-02 1.3916578588e+00 6.7521716531e-01 3.2345937188e-03 1.6172968594e-03
3.7405281632e-01 3.1036864909e+00 3.0628746302e-02 1.3922399041e+00 6.7286430579e-01 3.2219749093e-03 1.6109874546e-03
3.7566064305e-01 3.1162433223e+00 3.1281056424e-02 1.3931418920e+00 6.7058718522e-01 3.2089920349e-03 1.6044960175e-03
3.7726097189e-01 3.1287832704e+00 3.1574352220e-02 1.3940871946e+00 6.6835271450e-01 3.1961306156e-03 1.5980653078e-03
3.7885676138e-01 3.1410189266e+00 3.1494463126e-02 1.3949099199e+00 6.6614207960e-01 3.1836802750e-03 1.5918401375e-03
3.8044495924e-01 3.1533238650e+00 3.1877387164e-02 1.3958921073e+00 6.6400986722e-01 3.1712568794e-03 1.5856284397e-03
3.8202814116e-01 3.1657000464e+00 3.1980751524e-02 1.3970415627e+00 6.6195859157e-01 3.1588589738e-03 1.5794294869e-03
3.8360355669e-01 3.1778785553e+00 3.2019194417e-02 1.3981994581e+00 6.5996832499e-01 3.1467533532e-03 1.5733766766e-03
3.8517503307e-01 3.1900772396e+00 3.2070994197e-02 1.3994886051e+00 6.5805080882e-01 3.1347203371e-03 1.5673601686e-03
3.8673831480e-01 3.2025816804e+00 3.1849560542e-02 1.4010887625e+00 6.5623092662e-01 3.1224808601e-03 1.5612404300e-03
3.8829749607e-01 3.2154664612e+00 3.1641292299e-02 1.4030287852e+00 6.5450633779e-01 3.1099686844e-03 1.5549843422e-03
3.8984833436e-01 3.2285693393e+00 3.1386629580e-02 1.4051828855e+00 6.5285087811e-01 3.0973471371e-03 1.5486735685e-03
3.9139462537e-01 3.2418598888e+00 3.1118008833e-02 1.4075244351e+00 6.5125783505e-01 3.0846490419e-03 1.5423245210e-03
3.9293336648e-01 3.2552955331e+00 3.0854518641e-02 1.4099772643e+00 6.4970011936e-01 3.0719177102e-03 1.5359588551e-03
3.9446604230e-01 3.2689039210e+00 3.0556799837e-02 1.4125044435e+00 6.4815507474e-01 3.0591293723e-03 1.5295646861e-03
3.9599311064e-01 3.2826697208e+00 3.0272917283e-02 1.4151453289e+00 6.4664379113e-01 3.0463009838e-03 1.5231504919e-03
3.9751183023e-01 3.2965044632e+00 3.0035700147e-02 1.4177916388e+00 6.4513410552e-01 3.0335162933e-03 1.5167581466e-03
3.9902688515e-01 3.3104851676e+00 2.9825565372e-02 1.4203033070e+00 6.4354765318e-01 3.0207052724e-03 1.5103526362e-03
4.0053298588e-01 3.3241360563e+00 2.9749574895e-02 1.4224345468e+00 6.4186657347e-01 3.0083004518e-03 1.5041502259e-03
4.0203694404e-01 3.3365911827e+00 2.9707189324e-02 1.4240794814e+00 6.4021005427e-01 3.0000000000e-03 1.4985353992e-03
4.0353470466e-01 3.3473489557e+00 2.9675615880e-02 1.4250691256e+00 6.3859601038e-01 3.0000000000e-03 1.4937193780e-03
4.0502411786e-01 3.3560946769e+00 3.0115763344e-02 1.4247483784e+00 6.3678852156e-01 3.0000000000e-03 1.4898268617e-03
4.0651255066e-01 3.3621831035e+00 3.1465284572e-02 1.4224158913e+00 6.3459477704e-01 3.0000000000e-03 1.4871290010e-03
4.0799731342e-01 3.3649195937e+00 3.3524867334e-02 1.4177760693e+00 6.3201037789e-01 3.0000000000e-03 1.4859196069e-03
4.0948236022e-01 3.3638216836e+00 3.6554084407e-02 1.4107008438e+00 6.2906166400e-01 3.0000000000e-03 1.4864045929e-03
4.1096826070e-01 3.3590235813e+00 4.0747017445e-02 1.4012472019e+00 6.2573862673e-01 3.0000000000e-03 1.4885278055e-03
4.1245800240e-01 3.3516428203e+00 4.5694803225e-02 1.3899262059e+00 6.2204996790e-01 3.0000000000e-03 1.4918057407e-03
4.1395206338e-01 3.3414852008e+00 5.1441083253e-02 1.3766416118e+00 6.1797742431e-01 3.0000000000e-03 1.4963406089e-03
4.1545313799e-01 3.3250004827e+00 5.8446081477e-02 1.3597379091e+00 6.1341550903e-01 3.0075183604e-03 1.5037591802e-03
4.1696351131e-01 3.2989942074e+00 6.7343303035e-02 1.3376501567e+00 6.0820817159e-01 3.0312269047e-03 1.5156134523e-03
4.1848692161e-01 3.2643729634e+00 7.8131253071e-02 1.3107552154e+00 6.0230030243e-01 3.0633754514e-03 1.5316877257e-03
4.2002831891e-01 3.2236358694e+00 9.0362423650e-02 1.2804850379e+00 5.9582646263e-01 3.1020873341e-03 1.5510436670e-03
4.2158930179e-01 3.1790875068e+00 1.0368763959e-01 1.2485298597e+00 5.8909821939e-01 3.1455566978e-03 1.5727783489e-03
4.2317397940e-01 3.1342298161e+00 1.1713420816e-01 1.2171569091e+00 5.8251483481e-01 3.1905765010e-03 1.5952882505e-03
4.2478017962e-01 3.0936300822e+00 1.2947548795e-01 1.1890606155e+00 5.7653658514e-01 3.2324485263e-03 1.6162242631e-03
4.2640639481e-01 3.0599685813e+00 1.3974122947e-01 1.1656785101e+00 5.7141690143e-01 3.2680074106e-03 1.6340037053e-03
4.2804826601e-01 3.0320706367e+00 1.4852321618e-01 1.1461343126e+00 5.6700574458e-01 3.2980761988e-03 1.6490380994e-03
4.2970499976e-01 3.0048831837e+00 1.5727419592e-01 1.1274800974e+00 5.6282392449e-01 3.3279163910e-03 1.6639581955e-03
4.3137585561e-01 2.9726664256e+00 1.6701444452e-01 1.1065409774e+00 5.5835779345e-01 3.3639832287e-03 1.6819916143e-03
4.3306986673e-01 2.9325716652e+00 1.7901740598e-01 1.0816967543e+00 5.5328405124e-01 3.4099763422e-03 1.7049881711e-03
4.3478762277e-01 2.8858975576e+00 1.9304316606e-01 1.0537478996e+00 5.4770546003e-01 3.4651264643e-03 1.7325632321e-03
4.3653433247e-01 2.8371738544e+00 2.0680147507e-01 1.0251155759e+00 5.4197361276e-01 3.5246342005e-03 1.7623171002e-03
4.3831497590e-01 2.7911848348e+00 2.2036373365e-01 9.9835528447e-01 5.3652230695e-01 3.5827079150e-03 1.7913539575e-03
4.4011909272e-01 2.7485985293e+00 2.3337458279e-01 9.7361965523e-01 5.3133604900e-01 3.6382177657e-03 1.8191088828e-03
4.4194901492e-01 2.7073565667e+00 2.4465884919e-01 9.4982125388e-01 5.2624463964e-01 3.6936398119e-03 1.8468199060e-03
4.4381717040e-01 2.6658303797e+00 2.5832159521e-01 9.2629897074e-01 5.2120662541e-01 3.7511763975e-03 1.8755881987e-03
4.4570119277e-01 2.6224328206e+00 2.7236888268e-01 9.0194404528e-01 5.1590113474e-01 3.8132530685e-03 1.9066265343e-03
4.4762348620e-01 2.5776361782e+00 2.8450324349e-01 8.7713384079e-01 5.1042919568e-01 3.8795234505e-03 1.9397617252e-03
4.4959350098e-01 2.5335224073e+00 3.0064215584e-01 8.5290658236e-01 5.0497278801e-01 3.9470738333e-03 1.9735369166e-03
4.5156536692e-01 2.4893928708e+00 3.1413980012e-01 8.2860486374e-01 4.9928129472e-01 4.0170437207e-03 2.0085218603e-03
4.5360364288e-01 2.4447811560e+00 3.2606878072e-01 8.0446157913e-01 4.9357888975e-01 4.0903456636e-03 2.0451728318e-03
4.5567747886e-01 2.4010580595e+00 3.4373569611e-01 7.8087422604e-01 4.8783132687e-01 4.1648305672e-03 2.0824152836e-03
4.5774764634e-01 2.3561627284e+00 3.5522534033e-01 7.5658661618e-01 4.8166449227e-01 4.2441890280e-03 2.1220945140e-03
4.5993014928e-01 2.3093984850e+00 3.6988037369e-01 7.3203427032e-01 4.7547073951e-01 4.3301318785e-03 2.1650659392e-03
4.6209629345e-01 2.2630688644e+00 3.8844883271e-01 7.0751394477e-01 4.6895210917e-01 4.4187784815e-03 2.2093892407e-03
4.6431300161e-01 2.2145426725e+00 3.9883102398e-01 6.8224703903e-01 4.6211372273e-01 4.5156050160e-03 2.2578025080e-03
4.6665509768e-01 2.1649229482e+00 4.1947945813e-01 6.5693724636e-01 4.5516902592e-01 4.6191020369e-03 2.3095510185e-03
4.6891354845e-01 2.1162225440e+00 4.3512601373e-01 6.3168501042e-01 4.4774474137e-01 4.7254009406e-03 2.3627004703e-03
4.7136345351e-01 2.0634176862e+00 4.4893033858e-01 6.0554608520e-01 4.4020129026e-01 4.8463285291e-03 2.4231642646e-03
4.7382166861e-01 2.0117018488e+00 4.7431227839e-01 5.7983313023e-01 4.3234522842e-01 4.9709155488e-03 2.4854577744e-03
4.7625900023e-01 1.9595147390e+00 4.8493200564e-01 5.5397361285e-01 4.2406438836e-01 5.1033043034e-03 2.5516521517e-03
4.7899216568e-01 1.9033804049e+00 5.0892739633e-01 5.2765427144e-01 4.1582933455e-01 5.2538105228e-03 2.6269052614e-03
4.8150151130e-01 1.8521551364e+00 5.2953202754e-01 5.0260307879e-01 4.0704183110e-01 5.3991157672e-03 2.6995578836e-03
4.8433157847e-01 1.7956306146e+00 5.4250623525e-01 4.7688364270e-01 3.9837005352e-01 5.5690741284e-03 2.7845370642e-03
4.8720930983e-01 1.7410304211e+00 5.7570333656e-01 4.5193851634e-01 3.8937158494e-01 5.7437250255e-03 2.8718625128e-03
4.8992445525e-01 1.6883364627e+00 5.8458409205e-01 4.2761518156e-01 3.7991406720e-01 5.9229900089e-03 2.9614950045e-03
4.9324836224e-01 1.6273655810e+00 6.1241348182e-01 4.0228281874e-01 3.7079819997e-01 6.1449007629e-03 3.0724503814e-03
4.9607098858e-01 1.5758506151e+00 6.3968922198e-01 3.7904128414e-01 3.6079684252e-01 6.3457791646e-03 3.1728895823e-03
4.9944955833e-01 1.5145736804e+00 6.5055956828e-01 3.5442921733e-01 3.5101879353e-01 6.6025180086e-03 3.3012590043e-03
5.0295692655e-01 1.4566135276e+00 6.9456807043e-01 3.3115737562e-01 3.4102117963e-01 6.8652390018e-03 3.4326195009e-03
5.0605374183e-01 1.4033279306e+00 7.0582699659e-01 3.0905468748e-01 3.3034476200e-01 7.1259181709e-03 3.5629590854e-03
5.1023759562e-01 1.3332340483e+00 7.3828156196e-01 2.8446836622e-01 3.2005074419e-01 7.5005585200e-03 3.7502792600e-03
5.1361280748e-01 1.2788235732e+00 7.7882067882e-01 2.6302029843e-01 3.0851045908e-01 7.8196869448e-03 3.9098434724e-03
5.1779649895e-01 1.2118705304e+00 7.9387968421e-01 2.4026920780e-01 2.9739464956e-01 8.2517065555e-03 4.1258532777e-03
5.2231844320e-01 1.1468962528e+00 8.4864930618e-01 2.1854815335e-01 2.8583424981e-01 8.7191844737e-03 4.3595922368e-03
5.2615962974e-01 1.0905307329e+00 8.7227906699e-01 1.9854008956e-01 2.7308733753e-01 9.1698470280e-03 4.5849235140e-03
5.3167870895e-01 1.0075495725e+00 9.1702477882e-01 1.7459355043e-01 2.5992798050e-01 9.9250699644e-03 4.9625349822e-03
5.3625825484e-01 9.3909902846e-01 9.7588201225e-01 1.5282806218e-01 2.4410854056e-01 1.0648504255e-02 5.3242521273e-03
5.4185068130e-01 8.5863141683e-01 1.0035795146e+00 1.3331735274e-01 2.3290089925e-01 1.1646440841e-02 5.8232204203e-03
5.4889927747e-01 7.7717518215e-01 1.0839546919e+00 1.1704237633e-01 2.2589960221e-01 1.2867111855e-02 6.4335559277e-03
5.5380346762e-01 7.3173477987e-01 1.1068551911e+00 1.0370372227e-01 2.1258465182e-01 1.3666153742e-02 6.8330768710e-03
5.6348267278e-01 6.5025535922e-01 1.1945807427e+00 7.7489713494e-02 1.7875219111e-01 1.5378573753e-02 7.6892868765e-03
5.6969785906e-01 5.7556716392e-01 1.2640389026e+00 4.8220491780e-02 1.2566863123e-01 1.7374166956e-02 8.6870834778e-03
5.8021140322e-01 4.1835975322e-01 1.3312769200e+00 3.0201508831e-02 1.0828542396e-01 2.3902872882e-02 1.1951436441e-02
6.0079524393e-01 2.3004807926e-01 1.5911728520e+00 1.9569492717e-02 1.2760045279e-01 4.3469174063e-02 2.1734587031e-02
6.1698389804e-01 1.5576341016e-01 1.8202038348e+00 1.5515551612e-02 1.4941459868e-01 6.4199929815e-02 3.2099964908e-02
