# x  rho  v  p  e  w  vol
-1.0688255045e-03 8.9125541403e+00 -2.4255645024e-09 1.3333397711e+00 2.2440364740e-01 0.0000000000e+00 5.6100640976e-04
2.1908383240e-03 2.1518483605e+00 3.2069709964e-08 1.3333397927e+00 9.2943802443e-01 0.0000000000e+00 2.3235838044e-03
3.5783421043e-03 3.4803605212e+00 1.0732413614e-07 1.3333397745e+00 5.7465588684e-01 0.0000000000e+00 1.4366327769e-03
5.0641038777e-03 3.5917943373e+00 1.0666536333e-07 1.3333397972e+00 5.5682745391e-01 0.0000000000e+00 1.3920618862e-03
6.3624658766e-03 3.9773479076e+00 1.6484655018e-07 1.3333397856e+00 5.0285007118e-01 0.0000000000e+00 1.2571190945e-03
7.5783420666e-03 4.1391457794e+00 1.6376822352e-07 1.3333398045e+00 4.8319383113e-01 0.0000000000e+00 1.2079787151e-03
8.7784233067e-03 4.1649864990e+00 2.0835193530e-07 1.3333398037e+00 4.8019596367e-01 0.0000000000e+00 1.2004840835e-03
9.9793102336e-03 4.1388258512e+00 2.0787420379e-07 1.3333398197e+00 4.8323118718e-01 0.0000000000e+00 1.2080720909e-03
1.1194567489e-02 4.1033304300e+00 2.4391890534e-07 1.3333398230e+00 4.8741132810e-01 0.0000000000e+00 1.2185223894e-03
1.2416355012e-02 4.0760686714e+00 2.4338618600e-07 1.3333398390e+00 4.9067126189e-01 0.0000000000e+00 1.2266721695e-03
1.3647911828e-02 4.0551494255e+00 2.7279220546e-07 1.3333398460e+00 4.9320248385e-01 0.0000000000e+00 1.2330001870e-03
1.4882355386e-02 4.0411507493e+00 2.7211995131e-07 1.3333398609e+00 4.9491095863e-01 0.0000000000e+00 1.2372713393e-03
1.6122454506e-02 4.0296942027e+00 2.9832603867e-07 1.3333398721e+00 4.9631801015e-01 0.0000000000e+00 1.2407889404e-03
1.7363933267e-02 4.0215138383e+00 2.9772239377e-07 1.3333398842e+00 4.9732760017e-01 0.0000000000e+00 1.2433128919e-03
1.8609080290e-02 4.0142031454e+00 3.2535099450e-07 1.3333398988e+00 4.9823334190e-01 0.0000000000e+00 1.2455772214e-03
1.9855087710e-02 4.0090236966e+00 3.2556730175e-07 1.3333399094e+00 4.9887703727e-01 0.0000000000e+00 1.2471864420e-03
2.1103453174e-02 4.0044093759e+00 3.5738411392e-07 1.3333399207e+00 4.9945190246e-01 0.0000000000e+00 1.2486235873e-03
2.2352334885e-02 4.0013116135e+00 3.6128051404e-07 1.3333399321e+00 4.9983857580e-01 0.0000000000e+00 1.2495902552e-03
2.3602633684e-02 3.9986974289e+00 3.9740204910e-07 1.3333399391e+00 5.0016535239e-01 0.0000000000e+00 1.2504071861e-03
2.4853149257e-02 3.9970952235e+00 4.0707825465e-07 1.3333399510e+00 5.0036584436e-01 0.0000000000e+00 1.2509084023e-03
2.6104450489e-02 3.9958211193e+00 4.4673842577e-07 1.3333399567e+00 5.0052539273e-01 0.0000000000e+00 1.2513072660e-03
2.7355763789e-02 3.9951802845e+00 4.6255809285e-07 1.3333399688e+00 5.0060568256e-01 0.0000000000e+00 1.2515079781e-03
2.8607466445e-02 3.9947238533e+00 5.0448896364e-07 1.3333399751e+00 5.0066288335e-01 0.0000000000e+00 1.2516509735e-03
2.9859065736e-02 3.9946508191e+00 5.2514379711e-07 1.3333399882e+00 5.0067204189e-01 0.0000000000e+00 1.2516738575e-03
3.1110814160e-02 3.9946556909e+00 5.6770519176e-07 1.3333399961e+00 5.0067143424e-01 0.0000000000e+00 1.2516723310e-03
3.2362410398e-02 3.9948803322e+00 5.9126693814e-07 1.3333400109e+00 5.0064328593e-01 0.0000000000e+00 1.2516019466e-03
3.3614018053e-02 3.9951378741e+00 6.3258974247e-07 1.3333400214e+00 5.0061101646e-01 0.0000000000e+00 1.2515212635e-03
3.4865452925e-02 3.9955160684e+00 6.5693127803e-07 1.3333400387e+00 5.0056363778e-01 0.0000000000e+00 1.2514028011e-03
3.6116823655e-02 3.9958718573e+00 6.9514407031e-07 1.3333400524e+00 5.0051907319e-01 0.0000000000e+00 1.2512913773e-03
3.7368035679e-02 3.9962579208e+00 7.1822098575e-07 1.3333400730e+00 5.0047072764e-01 0.0000000000e+00 1.2511704948e-03
3.8619164645e-02 3.9966093600e+00 7.5171959789e-07 1.3333400911e+00 5.0042672588e-01 0.0000000000e+00 1.2510604739e-03
3.9870156627e-02 3.9969692799e+00 7.7188321488e-07 1.3333401161e+00 5.0038167271e-01 0.0000000000e+00 1.2509478182e-03
4.1121060281e-02 3.9972777676e+00 7.9965569994e-07 1.3333401398e+00 5.0034306494e-01 0.0000000000e+00 1.2508512770e-03
4.2371859181e-02 3.9975668441e+00 8.1602337233e-07 1.3333401702e+00 5.0030689500e-01 0.0000000000e+00 1.2507608240e-03
4.3622581929e-02 3.9978206819e+00 8.3803581439e-07 1.3333402001e+00 5.0027513971e-01 0.0000000000e+00 1.2506814082e-03
4.4873221998e-02 3.9980702840e+00 8.5089773880e-07 1.3333402359e+00 5.0024392062e-01 0.0000000000e+00 1.2506033273e-03
4.6123788584e-02 3.9982891317e+00 8.6843828128e-07 1.3333402708e+00 5.0021655272e-01 0.0000000000e+00 1.2505348751e-03
4.7374291748e-02 3.9984865324e+00 8.7947446797e-07 1.3333403097e+00 5.0019187221e-01 0.0000000000e+00 1.2504731377e-03
4.8624734859e-02 3.9986675748e+00 8.9511259069e-07 1.3333403467e+00 5.0016923955e-01 0.0000000000e+00 1.2504165216e-03
4.9875124791e-02 3.9988448550e+00 9.0703398869e-07 1.3333403853e+00 5.0014708009e-01 0.0000000000e+00 1.2503610871e-03
5.1125457033e-02 3.9990022552e+00 9.2390423490e-07 1.3333404206e+00 5.0012740760e-01 0.0000000000e+00 1.2503118731e-03
5.2375748537e-02 3.9991405270e+00 9.3946321733e-07 1.3333404555e+00 5.0011012861e-01 0.0000000000e+00 1.2502686430e-03
5.3625994319e-02 3.9992688981e+00 9.6013296464e-07 1.3333404865e+00 5.0009408738e-01 0.0000000000e+00 1.2502285111e-03
5.4876205559e-02 3.9993931644e+00 9.8104680901e-07 1.3333405164e+00 5.0007856004e-01 0.0000000000e+00 1.2501896649e-03
5.6126373649e-02 3.9995063115e+00 1.0066704405e-06 1.3333405430e+00 5.0006442266e-01 0.0000000000e+00 1.2501542967e-03
5.7376514153e-02 3.9996013129e+00 1.0331362490e-06 1.3333405690e+00 5.0005255450e-01 0.0000000000e+00 1.2501246021e-03
5.8626622854e-02 3.9996909957e+00 1.0633713683e-06 1.3333405930e+00 5.0004135112e-01 0.0000000000e+00 1.2500965713e-03
5.9876707295e-02 3.9997799680e+00 1.0943334142e-06 1.3333406174e+00 5.0003023719e-01 0.0000000000e+00 1.2500687638e-03
6.1126760381e-02 3.9998566396e+00 1.1278531243e-06 1.3333406412e+00 5.0002066123e-01 0.0000000000e+00 1.2500448017e-03
6.2376796899e-02 3.9999186658e+00 1.1616205469e-06 1.3333406662e+00 5.0001291685e-01 0.0000000000e+00 1.2500254175e-03
6.3626811216e-02 3.9999757847e+00 1.1967215300e-06 1.3333406915e+00 5.0000578626e-01 0.0000000000e+00 1.2500075673e-03
6.4876812034e-02 4.0000325362e+00 1.2314703055e-06 1.3333407183e+00 4.9999870236e-01 0.0000000000e+00 1.2499898325e-03
6.6126790881e-02 4.0000811608e+00 1.2664293611e-06 1.3333407461e+00 4.9999263482e-01 0.0000000000e+00 1.2499746378e-03
6.7376761309e-02 4.0001161400e+00 1.3003949326e-06 1.3333407756e+00 4.9998827369e-01 0.0000000000e+00 1.2499637073e-03
6.8626718296e-02 4.0001499142e+00 1.3335232976e-06 1.3333408066e+00 4.9998406381e-01 0.0000000000e+00 1.2499531536e-03
6.9876667616e-02 4.0001859888e+00 1.3649526371e-06 1.3333408402e+00 4.9997956743e-01 0.0000000000e+00 1.2499418812e-03
7.1126602058e-02 4.0002126304e+00 1.3945315193e-06 1.3333408766e+00 4.9997625117e-01 0.0000000000e+00 1.2499335565e-03
7.2376534729e-02 4.0002289487e+00 1.4217062557e-06 1.3333409169e+00 4.9997422673e-01 0.0000000000e+00 1.2499284576e-03
7.3626458973e-02 4.0002444684e+00 1.4462262273e-06 1.3333409616e+00 4.9997230375e-01 0.0000000000e+00 1.2499236083e-03
7.4876381946e-02 4.0002622425e+00 1.4679980608e-06 1.3333410115e+00 4.9997010098e-01 0.0000000000e+00 1.2499180546e-03
7.6126295083e-02 4.0002747040e+00 1.4869954063e-06 1.3333410665e+00 4.9996856409e-01 0.0000000000e+00 1.2499141609e-03
7.7376210268e-02 4.0002772424e+00 1.5037908093e-06 1.3333411261e+00 4.9996826919e-01 0.0000000000e+00 1.2499133677e-03
7.8626121818e-02 4.0002821201e+00 1.5187773183e-06 1.3333411890e+00 4.9996768316e-01 0.0000000000e+00 1.2499118437e-03
7.9876033955e-02 4.0002919837e+00 1.5331424635e-06 1.3333412538e+00 4.9996647464e-01 0.0000000000e+00 1.2499087617e-03
8.1125939342e-02 4.0002939799e+00 1.5475131996e-06 1.3333413182e+00 4.9996624932e-01 0.0000000000e+00 1.2499081380e-03
8.2375850231e-02 4.0002893686e+00 1.5632751639e-06 1.3333413806e+00 4.9996684905e-01 0.0000000000e+00 1.2499095789e-03
8.3625758499e-02 4.0002874379e+00 1.5808254647e-06 1.3333414394e+00 4.9996711241e-01 0.0000000000e+00 1.2499101821e-03
8.4875670595e-02 4.0002886844e+00 1.6012491186e-06 1.3333414939e+00 4.9996697704e-01 0.0000000000e+00 1.2499097926e-03
8.6125578085e-02 4.0002869587e+00 1.6243651180e-06 1.3333415436e+00 4.9996721137e-01 0.0000000000e+00 1.2499103318e-03
8.7375491259e-02 4.0002780539e+00 1.6507495230e-06 1.3333415892e+00 4.9996834140e-01 0.0000000000e+00 1.2499131142e-03
8.8625404313e-02 4.0002732812e+00 1.6796578955e-06 1.3333416312e+00 4.9996895369e-01 0.0000000000e+00 1.2499146055e-03
8.9875320470e-02 4.0002750888e+00 1.7112943734e-06 1.3333416710e+00 4.9996874269e-01 0.0000000000e+00 1.2499140407e-03
9.1125232394e-02 4.0002690114e+00 1.7446091882e-06 1.3333417096e+00 4.9996951674e-01 0.0000000000e+00 1.2499159396e-03
9.2375152349e-02 4.0002584889e+00 1.7796923230e-06 1.3333417481e+00 4.9997084629e-01 0.0000000000e+00 1.2499192274e-03
9.3625070849e-02 4.0002524873e+00 1.8154614719e-06 1.3333417870e+00 4.9997161102e-01 0.0000000000e+00 1.2499211027e-03
9.4874994555e-02 4.0002488290e+00 1.8521046335e-06 1.3333418269e+00 4.9997208322e-01 0.0000000000e+00 1.2499222458e-03
9.6124915341e-02 4.0002430999e+00 1.8887003258e-06 1.3333418678e+00 4.9997281458e-01 0.0000000000e+00 1.2499240359e-03
9.7374842626e-02 4.0002313988e+00 1.9256221076e-06 1.3333419093e+00 4.9997429260e-01 0.0000000000e+00 1.2499276920e-03
9.8624770725e-02 4.0002244325e+00 1.9620979027e-06 1.3333419510e+00 4.9997517894e-01 0.0000000000e+00 1.2499298688e-03
9.9874702364e-02 4.0002244305e+00 1.9984877586e-06 1.3333419927e+00 4.9997519482e-01 0.0000000000e+00 1.2499298694e-03
1.0112463046e-01 4.0002157347e+00 2.0338615783e-06 1.3333420348e+00 4.9997629749e-01 0.0000000000e+00 1.2499325865e-03
1.0237456754e-01 4.0002040461e+00 2.0682068620e-06 1.3333420784e+00 4.9997777477e-01 0.0000000000e+00 1.2499362388e-03
1.0362450294e-01 4.0001980946e+00 2.1002434266e-06 1.3333421255e+00 4.9997853629e-01 0.0000000000e+00 1.2499380985e-03
1.0487444373e-01 4.0001932534e+00 2.1296646971e-06 1.3333421781e+00 4.9997916111e-01 0.0000000000e+00 1.2499396112e-03
1.0612438216e-01 4.0001872177e+00 2.1552928003e-06 1.3333422383e+00 4.9997993810e-01 0.0000000000e+00 1.2499414972e-03
1.0737432673e-01 4.0001753538e+00 2.1772230655e-06 1.3333423072e+00 4.9998144680e-01 0.0000000000e+00 1.2499452043e-03
1.0862427257e-01 4.0001698866e+00 2.1951602120e-06 1.3333423848e+00 4.9998215924e-01 0.0000000000e+00 1.2499469127e-03
1.0987422055e-01 4.0001700680e+00 2.2101844776e-06 1.3333424693e+00 4.9998216824e-01 0.0000000000e+00 1.2499468560e-03
1.1112416628e-01 4.0001610766e+00 2.2231031163e-06 1.3333425578e+00 4.9998332528e-01 0.0000000000e+00 1.2499496656e-03
1.1237411988e-01 4.0001509484e+00 2.2357086533e-06 1.3333426467e+00 4.9998462452e-01 0.0000000000e+00 1.2499528304e-03
1.1362407195e-01 4.0001465960e+00 2.2492089306e-06 1.3333427323e+00 4.9998520066e-01 0.0000000000e+00 1.2499541904e-03
1.1487402827e-01 4.0001425606e+00 2.2651279846e-06 1.3333428117e+00 4.9998573480e-01 0.0000000000e+00 1.2499554514e-03
1.1612398285e-01 4.0001373071e+00 2.2841080139e-06 1.3333428832e+00 4.9998641826e-01 0.0000000000e+00 1.2499570930e-03
1.1737394245e-01 4.0001264952e+00 2.3067171437e-06 1.3333429461e+00 4.9998779329e-01 0.0000000000e+00 1.2499604715e-03
1.1862390379e-01 4.0001235465e+00 2.3327900737e-06 1.3333430014e+00 4.9998818256e-01 0.0000000000e+00 1.2499613929e-03
1.1987386524e-01 4.0001244274e+00 2.3620937718e-06 1.3333430499e+00 4.9998809068e-01 0.0000000000e+00 1.2499611177e-03
1.2112382603e-01 4.0001157273e+00 2.3939852842e-06 1.3333430938e+00 4.9998919458e-01 0.0000000000e+00 1.2499638363e-03
1.2237379291e-01 4.0001075282e+00 2.4277242420e-06 1.3333431350e+00 4.9999023488e-01 0.0000000000e+00 1.2499663983e-03
1.2362375882e-01 4.0001047702e+00 2.4623936828e-06 1.3333431761e+00 4.9999059502e-01 0.0000000000e+00 1.2499672602e-03
1.2487372743e-01 4.0001018945e+00 2.4970588290e-06 1.3333432191e+00 4.9999097058e-01 0.0000000000e+00 1.2499681588e-03
1.2612369514e-01 4.0000972459e+00 2.5311446194e-06 1.3333432652e+00 4.9999156891e-01 0.0000000000e+00 1.2499696114e-03
1.2737366665e-01 4.0000876417e+00 2.5644335766e-06 1.3333433137e+00 4.9999278759e-01 0.0000000000e+00 1.2499726126e-03
1.2862364037e-01 4.0000870439e+00 2.5974490286e-06 1.3333433626e+00 4.9999288064e-01 0.0000000000e+00 1.2499727994e-03
1.2987361225e-01 4.0000886154e+00 2.6307824144e-06 1.3333434088e+00 4.9999270154e-01 0.0000000000e+00 1.2499723083e-03
1.3112358498e-01 4.0000801621e+00 2.6651998485e-06 1.3333434499e+00 4.9999377357e-01 0.0000000000e+00 1.2499749498e-03
1.3237356215e-01 4.0000737137e+00 2.7006318971e-06 1.3333434850e+00 4.9999459277e-01 0.0000000000e+00 1.2499769649e-03
1.3362353891e-01 4.0000723422e+00 2.7366182342e-06 1.3333435157e+00 4.9999477572e-01 0.0000000000e+00 1.2499773935e-03
1.3487351694e-01 4.0000704429e+00 2.7716165789e-06 1.3333435458e+00 4.9999502440e-01 0.0000000000e+00 1.2499779870e-03
1.3612349489e-01 4.0000662295e+00 2.8039728566e-06 1.3333435805e+00 4.9999556407e-01 0.0000000000e+00 1.2499793036e-03
1.3737347555e-01 4.0000576033e+00 2.8315103237e-06 1.3333436255e+00 4.9999665921e-01 0.0000000000e+00 1.2499819992e-03
1.3862345888e-01 4.0000590494e+00 2.8528358400e-06 1.3333436855e+00 4.9999650093e-01 0.0000000000e+00 1.2499815473e-03
1.3987343864e-01 4.0000611269e+00 2.8670693220e-06 1.3333437622e+00 4.9999627003e-01 0.0000000000e+00 1.2499808981e-03
1.4112342068e-01 4.0000528040e+00 2.8750686413e-06 1.3333438536e+00 4.9999734463e-01 0.0000000000e+00 1.2499834990e-03
1.4237340564e-01 4.0000479621e+00 2.8786916224e-06 1.3333439535e+00 4.9999798731e-01 0.0000000000e+00 1.2499850120e-03
1.4362339070e-01 4.0000478480e+00 2.8809635330e-06 1.3333440537e+00 4.9999803915e-01 0.0000000000e+00 1.2499850477e-03
1.4487337573e-01 4.0000468263e+00 2.8843935702e-06 1.3333441471e+00 4.9999820191e-01 0.0000000000e+00 1.2499853669e-03
1.4612336144e-01 4.0000429840e+00 2.8906307618e-06 1.3333442302e+00 4.9999871334e-01 0.0000000000e+00 1.2499865676e-03
1.4737334887e-01 4.0000351870e+00 2.9000952617e-06 1.3333443022e+00 4.9999971497e-01 0.0000000000e+00 1.2499890042e-03
1.4862333945e-01 4.0000384242e+00 2.9133691341e-06 1.3333443617e+00 4.9999933264e-01 0.0000000000e+00 1.2499879926e-03
1.4987332485e-01 4.0000407531e+00 2.9314644101e-06 1.3333444054e+00 4.9999905791e-01 0.0000000000e+00 1.2499872648e-03
1.5112331398e-01 4.0000322753e+00 2.9552167960e-06 1.3333444314e+00 5.0000012735e-01 0.0000000000e+00 1.2499899141e-03
1.5237330468e-01 4.0000285367e+00 2.9837520151e-06 1.3333444428e+00 5.0000059895e-01 0.0000000000e+00 1.2499910823e-03
1.5362329614e-01 4.0000292039e+00 3.0146503941e-06 1.3333444474e+00 5.0000051726e-01 0.0000000000e+00 1.2499908738e-03
1.5487328643e-01 4.0000287149e+00 3.0447060711e-06 1.3333444541e+00 5.0000058093e-01 0.0000000000e+00 1.2499910266e-03
1.5612327819e-01 4.0000246344e+00 3.0708690186e-06 1.3333444716e+00 5.0000109755e-01 0.0000000000e+00 1.2499923018e-03
1.5737327103e-01 4.0000180842e+00 3.0913300311e-06 1.3333445032e+00 5.0000192817e-01 0.0000000000e+00 1.2499943487e-03
1.5862326689e-01 4.0000220881e+00 3.1069961452e-06 1.3333445453e+00 5.0000144347e-01 0.0000000000e+00 1.2499930975e-03
1.5987325723e-01 4.0000243564e+00 3.1204434377e-06 1.3333445879e+00 5.0000117589e-01 0.0000000000e+00 1.2499923887e-03
1.6112325167e-01 4.0000166680e+00 3.1352434222e-06 1.3333446206e+00 5.0000214921e-01 0.0000000000e+00 1.2499947913e-03
1.6237324681e-01 4.0000135053e+00 3.1531872210e-06 1.3333446373e+00 5.0000255083e-01 0.0000000000e+00 1.2499957796e-03
1.6362324323e-01 4.0000150460e+00 3.1747808921e-06 1.3333446362e+00 5.0000235780e-01 0.0000000000e+00 1.2499952981e-03
1.6487323741e-01 4.0000150710e+00 3.2000813527e-06 1.3333446159e+00 5.0000234709e-01 0.0000000000e+00 1.2499952903e-03
1.6612323381e-01 4.0000107138e+00 3.2297627358e-06 1.3333445754e+00 5.0000287654e-01 0.0000000000e+00 1.2499966520e-03
1.6737323071e-01 4.0000053458e+00 3.2617077361e-06 1.3333445199e+00 5.0000352674e-01 0.0000000000e+00 1.2499983294e-03
1.6862323047e-01 4.0000097591e+00 3.2899063035e-06 1.3333444669e+00 5.0000295517e-01 0.0000000000e+00 1.2499969503e-03
1.6987322461e-01 4.0000117367e+00 3.3055631538e-06 1.3333444427e+00 5.0000269891e-01 0.0000000000e+00 1.2499963323e-03
1.7112322313e-01 4.0000048147e+00 3.2991394966e-06 1.3333444539e+00 5.0000356838e-01 0.0000000000e+00 1.2499984954e-03
1.7237322160e-01 4.0000020215e+00 3.2826788083e-06 1.3333444867e+00 5.0000392982e-01 0.0000000000e+00 1.2499993683e-03
1.7362322187e-01 4.0000043994e+00 3.2555322588e-06 1.3333445379e+00 5.0000365179e-01 0.0000000000e+00 1.2499986252e-03
1.7487321885e-01 4.0000050351e+00 3.2185405981e-06 1.3333446085e+00 5.0000359880e-01 0.0000000000e+00 1.2499984265e-03
1.7612321872e-01 4.0000006476e+00 3.1754694474e-06 1.3333446899e+00 5.0000417777e-01 0.0000000000e+00 1.2499997976e-03
1.7737321845e-01 3.9999966937e+00 3.1320160549e-06 1.3333447663e+00 5.0000470065e-01 0.0000000000e+00 1.2500010332e-03
1.7862322079e-01 4.0000018112e+00 3.0943449966e-06 1.3333448188e+00 5.0000408066e-01 0.0000000000e+00 1.2499994340e-03
1.7987321732e-01 4.0000036863e+00 3.0687349907e-06 1.3333448289e+00 5.0000385004e-01 0.0000000000e+00 1.2499988480e-03
1.8112321848e-01 3.9999973697e+00 3.0608215563e-06 1.3333447758e+00 5.0000461973e-01 0.0000000000e+00 1.2500008220e-03
1.8237321896e-01 3.9999945579e+00 3.0733507346e-06 1.3333446253e+00 5.0000491477e-01 0.0000000000e+00 1.2500017007e-03
1.8362322189e-01 3.9999971442e+00 3.0968153706e-06 1.3333444924e+00 5.0000454163e-01 0.0000000000e+00 1.2500008925e-03
1.8487322075e-01 3.9999968523e+00 2.9591050253e-06 1.3333440758e+00 5.0000442188e-01 0.0000000000e+00 1.2500009836e-03
1.8612322385e-01 3.9999924926e+00 2.8389495828e-06 1.3333437649e+00 5.0000485026e-01 0.0000000000e+00 1.2500023461e-03
1.8737322544e-01 3.9999869633e+00 4.0013628188e-06 1.3333431021e+00 5.0000529291e-01 0.0000000000e+00 1.2500040740e-03
1.8862323200e-01 3.9999654483e+00 2.5041096190e-06 1.3333349838e+00 5.0000493792e-01 0.0000000000e+00 1.2500107975e-03
1.8987324703e-01 3.9999508289e+00 -6.2380829533e-06 1.3333192454e+00 5.0000086341e-01 0.0000000000e+00 1.2500153662e-03
1.9112326273e-01 4.0000902535e+00 1.7881227888e-06 1.3333838791e+00 5.0000767281e-01 0.0000000000e+00 1.2499717964e-03
1.9237319063e-01 3.9994001692e+00 1.8515150878e-05 1.3332895567e+00 5.0005857141e-01 0.0000000000e+00 1.2501874752e-03
1.9362363768e-01 3.9954057963e+00 -2.4861965488e-04 1.3316235082e+00 4.9993301409e-01 0.0000000000e+00 1.2514373395e-03
1.9487606530e-01 3.9981143552e+00 -7.3075756875e-04 1.3310927849e+00 4.9939521483e-01 0.0000000000e+00 1.2505895419e-03
1.9612481677e-01 4.0073076004e+00 1.2813605025e-03 1.3369396259e+00 5.0043810929e-01 0.0000000000e+00 1.2477205392e-03
1.9737150638e-01 3.9096612771e+00 -1.7345909358e-03 1.3218008252e+00 5.0712864803e-01 0.0000000000e+00 1.2788831680e-03
1.9868258310e-01 3.3317408062e+00 -4.4193221102e-02 1.1306288122e+00 5.0902615686e-01 0.0000000000e+00 1.5007169798e-03
2.0037294034e-01 2.2158360845e+00 -2.2323980127e-01 6.1303525027e-01 4.1499138037e-01 0.0000000000e+00 2.2564845996e-03
2.0319555230e-01 1.3922319602e+00 -6.4736350275e-01 1.5630569256e-01 1.6840479572e-01 0.0000000000e+00 3.5913555665e-03
2.0755565148e-01 1.0746490271e+00 -9.5213754791e-01 9.7317216371e-03 1.3583581325e-02 0.0000000000e+00 4.6526818280e-03
2.1250091596e-01 1.0055961265e+00 -9.9875527869e-01 5.5403921348e-05 8.2643399105e-05 0.0000000000e+00 4.9721750792e-03
2.1750000163e-01 1.0000916043e+00 -9.9999665087e-01 1.0087032461e-06 1.5129162796e-06 0.0000000000e+00 4.9995420205e-03
2.2250000000e-01 1.0000001634e+00 -9.9999999939e-01 1.0000004255e-06 1.5000003932e-06 0.0000000000e+00 4.9999991831e-03
2.2750000000e-01 1.0000000000e+00 -1.0000000000e+00 1.0000000001e-06 1.5000000000e-06 0.0000000000e+00 4.9999999999e-03
2.3250000000e-01 1.0000000000e+00 -1.0000000000e+00 1.0000000000e-06 1.5000000000e-06 0.0000000000e+00 5.0000000000e-03
2.3750000000e-01 1.0000000000e+00 -1.0000000000e+00 1.0000000000e-06 1.5000000000e-06 0.0000000000e+00 5.0000000000e-03
2.4250000000e-01 1.0000000000e+00 -1.0000000000e+00 1.0000000000e-06 1.5000000000e-06 0.0000000000e+00 5.0000000000e-03
2.4750000000e-01 1.0000000000e+00 -1.0000000000e+00 1.0000000000e-06 1.5000000000e-06 0.0000000000e+00 5.0000000000e-03
2.5250000000e-01 1.0000000000e+00 -1.0000000000e+00 1.0000000000e-06 1.5000000000e-06 0.0000000000e+00 5.0000000000e-03
2.5750000000e-01 1.0000000000e+00 -1.0000000000e+00 1.0000000000e-06 1.5000000000e-06 0.0000000000e+00 5.0000000000e-03
2.6250000000e-01 1.0000000000e+00 -1.0000000000e+00 1.0000000000e-06 1.5000000000e-06 0.0000000000e+00 5.0000000000e-03
2.6750000000e-01 1.0000000000e+00 -1.0000000000e+00 1.0000000000e-06 1.5000000000e-06 0.0000000000e+00 5.0000000000e-03
2.7250000000e-01 1.0000000000e+00 -1.0000000000e+00 1.0000000000e-06 1.5000000000e-06 0.0000000000e+00 5.0000000000e-03
2.7750000000e-01 1.0000000000e+00 -1.0000000000e+00 1.0000000000e-06 1.5000000000e-06 0.0000000000e+00 5.0000000000e-03
2.8250000000e-01 1.0000000000e+00 -1.0000000000e+00 1.0000000000e-06 1.5000000000e-06 0.0000000000e+00 5.0000000000e-03
2.8750000000e-01 1.0000000000e+00 -1.0000000000e+00 1.0000000000e-06 1.5000000000e-06 0.0000000000e+00 5.0000000000e-03
2.9250000000e-01 1.0000000000e+00 -1.0000000000e+00 1.0000000000e-06 1.5000000000e-06 0.0000000000e+00 5.0000000000e-03
2.9750000000e-01 1.0000000000e+00 -1.0000000000e+00 1.0000000000e-06 1.5000000000e-06 0.0000000000e+00 5.0000000000e-03
3.0250000000e-01 1.0000000000e+00 -1.0000000000e+00 1.0000000000e-06 1.5000000000e-06 0.0000000000e+00 5.0000000000e-03
3.0750000000e-01 1.0000000000e+00 -1.0000000000e+00 1.0000000000e-06 1.5000000000e-06 0.0000000000e+00 5.0000000000e-03
3.1250000000e-01 1.0000000000e+00 -1.0000000000e+00 1.0000000000e-06 1.5000000000e-06 0.0000000000e+00 5.0000000000e-03
3.1750000000e-01 1.0000000000e+00 -1.0000000000e+00 1.0000000000e-06 1.5000000000e-06 0.0000000000e+00 5.0000000000e-03
3.2250000000e-01 1.0000000000e+00 -1.0000000000e+00 1.0000000000e-06 1.5000000000e-06 0.0000000000e+00 5.0000000000e-03
3.2750000000e-01 1.0000000000e+00 -1.0000000000e+00 1.0000000000e-06 1.5000000000e-06 0.0000000000e+00 5.0000000000e-03
3.3250000000e-01 1.0000000000e+00 -1.0000000000e+00 1.0000000000e-06 1.5000000000e-06 0.0000000000e+00 5.0000000000e-03
3.3750000000e-01 1.0000000000e+00 -1.0000000000e+00 1.0000000000e-06 1.5000000000e-06 0.0000000000e+00 5.0000000000e-03
3.4250000000e-01 1.0000000000e+00 -1.0000000000e+00 1.0000000000e-06 1.5000000000e-06 0.0000000000e+00 5.0000000000e-03
3.4750000000e-01 1.0000000000e+00 -1.0000000000e+00 1.0000000000e-06 1.5000000000e-06 0.0000000000e+00 5.0000000000e-03
3.5250000000e-01 1.0000000000e+00 -1.0000000000e+00 1.0000000000e-06 1.5000000000e-06 0.0000000000e+00 5.0000000000e-03
3.5750000000e-01 1.0000000000e+00 -1.0000000000e+00 1.0000000000e-06 1.5000000000e-06 0.0000000000e+00 5.0000000000e-03
3.6250000000e-01 9.9999999991e-01 -1.0000000000e+00 9.9999999980e-07 1.4999999998e-06 0.0000000000e+00 5.0000000004e-03
3.6750000000e-01 9.9999999598e-01 -9.9999999999e-01 9.9999998883e-07 1.4999999893e-06 0.0000000000e+00 5.0000000201e-03
3.7250000004e-01 9.9999965565e-01 -9.9999999967e-01 9.9999926228e-07 1.4999994099e-06 0.0000000000e+00 5.0000017218e-03
3.7750000344e-01 9.9999349892e-01 -9.9999997710e-01 9.9997767957e-07 1.4999762708e-06 0.0000000000e+00 5.0000325056e-03
3.8250006505e-01 9.9940310470e-01 -9.9999966986e-01 9.9885994367e-07 1.4991847718e-06 0.0000000000e+00 5.0029862590e-03
3.8750597596e-01 9.9912689089e-01 -9.9998012574e-01 9.8865578710e-07 1.4842796187e-06 0.0000000000e+00 5.0043693605e-03
3.9250880377e-01 6.6679370552e-01 -9.9997098124e-01 6.7008525846e-07 1.5074045831e-06 0.0000000000e+00 7.4985710852e-03
4.0250311813e-01 5.0028444370e-01 -9.9998941861e-01 5.0300857733e-07 1.5081677543e-06 0.0000000000e+00 9.9943143604e-03
