# x  rho  v  p  e  w  vol
5.2620421368e-01 1.3203840025e+01 7.8370739730e+00 1.5409150253e+03 2.9175509214e+02 0.0000000000e+00 2.2702289594e-03
5.2847444264e-01 1.3302627087e+01 7.8370776511e+00 1.5409145625e+03 2.8958839342e+02 0.0000000000e+00 2.2533699400e-03
5.3071095356e-01 1.3498225546e+01 7.8370818652e+00 1.5409139162e+03 2.8539194112e+02 0.0000000000e+00 2.2207170785e-03
5.3291587680e-01 1.3393006098e+01 7.8370855439e+00 1.5409134857e+03 2.8763398492e+02 0.0000000000e+00 2.2381636938e-03
5.3518728095e-01 1.3334033305e+01 7.8370883447e+00 1.5409131075e+03 2.8890604069e+02 0.0000000000e+00 2.2480624814e-03
5.3741200176e-01 1.3361402427e+01 7.8370908240e+00 1.5409128927e+03 2.8831421348e+02 0.0000000000e+00 2.2434576134e-03
5.3967419617e-01 1.3356241441e+01 7.8370929636e+00 1.5409127353e+03 2.8842559153e+02 0.0000000000e+00 2.2443245080e-03
5.4190065078e-01 1.3363898104e+01 7.8370945925e+00 1.5409125636e+03 2.8826030990e+02 0.0000000000e+00 2.2430386528e-03
5.4416027348e-01 1.3356716070e+01 7.8370956068e+00 1.5409123581e+03 2.8841527178e+02 0.0000000000e+00 2.2442447562e-03
5.4638914029e-01 1.3362765162e+01 7.8370958932e+00 1.5409121336e+03 2.8828466917e+02 0.0000000000e+00 2.2432288255e-03
5.4864673113e-01 1.3357900673e+01 7.8370957558e+00 1.5409119313e+03 2.8838961471e+02 0.0000000000e+00 2.2440457325e-03
5.5087723175e-01 1.3362226467e+01 7.8370953206e+00 1.5409117953e+03 2.8829622803e+02 0.0000000000e+00 2.2433192608e-03
5.5313336965e-01 1.3358520780e+01 7.8370946030e+00 1.5409117387e+03 2.8837619152e+02 0.0000000000e+00 2.2439415632e-03
5.5536511488e-01 1.3361839733e+01 7.8370936786e+00 1.5409117732e+03 2.8830456809e+02 0.0000000000e+00 2.2433841896e-03
5.5762013803e-01 1.3359060786e+01 7.8370920491e+00 1.5409119503e+03 2.8836457425e+02 0.0000000000e+00 2.2438508575e-03
5.5985281659e-01 1.3361682513e+01 7.8370895092e+00 1.5409123048e+03 2.8830805986e+02 0.0000000000e+00 2.2434105862e-03
5.6210695920e-01 1.3359425488e+01 7.8370859146e+00 1.5409128569e+03 2.8835687176e+02 0.0000000000e+00 2.2437896021e-03
5.6434039580e-01 1.3361400675e+01 7.8370808639e+00 1.5409136632e+03 2.8831439547e+02 0.0000000000e+00 2.2434579076e-03
5.6659387502e-01 1.3359510183e+01 7.8370746017e+00 1.5409146772e+03 2.8835538431e+02 0.0000000000e+00 2.2437753772e-03
5.6882794655e-01 1.3361388652e+01 7.8370694517e+00 1.5409155707e+03 2.8831501179e+02 0.0000000000e+00 2.2434599262e-03
5.7108079487e-01 1.3359894881e+01 7.8370661343e+00 1.5409162138e+03 2.8834736865e+02 0.0000000000e+00 2.2437107677e-03
5.7331536809e-01 1.3361446688e+01 7.8370644780e+00 1.5409166400e+03 2.8831395957e+02 0.0000000000e+00 2.2434501818e-03
5.7556769524e-01 1.3360062430e+01 7.8370640140e+00 1.5409169074e+03 2.8834388227e+02 0.0000000000e+00 2.2436826293e-03
5.7780273335e-01 1.3361324311e+01 7.8370643280e+00 1.5409170625e+03 2.8831667930e+02 0.0000000000e+00 2.2434707297e-03
5.8005463670e-01 1.3360075689e+01 7.8370652576e+00 1.5409170916e+03 2.8834363058e+02 0.0000000000e+00 2.2436804025e-03
5.8229009415e-01 1.3361241563e+01 7.8370669254e+00 1.5409169836e+03 2.8831845011e+02 0.0000000000e+00 2.2434846237e-03
5.8454160594e-01 1.3360189884e+01 7.8370696955e+00 1.5409167019e+03 2.8834109307e+02 0.0000000000e+00 2.2436612248e-03
5.8677741660e-01 1.3361228227e+01 7.8370729830e+00 1.5409163392e+03 2.8831861731e+02 0.0000000000e+00 2.2434868629e-03
5.8902857967e-01 1.3360304259e+01 7.8370757612e+00 1.5409160394e+03 2.8833850067e+02 0.0000000000e+00 2.2436420173e-03
5.9126470064e-01 1.3361172321e+01 7.8370782035e+00 1.5409158016e+03 2.8831972312e+02 0.0000000000e+00 2.2434962502e-03
5.9351557217e-01 1.3360313650e+01 7.8370803875e+00 1.5409155582e+03 2.8833820795e+02 0.0000000000e+00 2.2436404402e-03
5.9575198152e-01 1.3361117272e+01 7.8370825110e+00 1.5409152683e+03 2.8832081123e+02 0.0000000000e+00 2.2435054936e-03
5.9800258316e-01 1.3360411344e+01 7.8370846214e+00 1.5409149125e+03 2.8833597876e+02 0.0000000000e+00 2.2436240344e-03
6.0023922959e-01 1.3361232171e+01 7.8370868100e+00 1.5409144784e+03 2.8831818402e+02 0.0000000000e+00 2.2434862006e-03
6.0248955556e-01 1.3360584892e+01 7.8370893468e+00 1.5409139397e+03 2.8833205138e+02 0.0000000000e+00 2.2435948907e-03
6.0472641937e-01 1.3361188304e+01 7.8370920370e+00 1.5409133542e+03 2.8831892027e+02 0.0000000000e+00 2.2434935664e-03
6.0697654269e-01 1.3360552377e+01 7.8370942259e+00 1.5409128354e+03 2.8833254643e+02 0.0000000000e+00 2.2436003508e-03
6.0921362007e-01 1.3361178729e+01 7.8370956465e+00 1.5409124654e+03 2.8831896060e+02 0.0000000000e+00 2.2434951742e-03
6.1146353304e-01 1.3360653370e+01 7.8370961546e+00 1.5409122670e+03 2.8833026058e+02 0.0000000000e+00 2.2435833915e-03
6.1370078685e-01 1.3361252094e+01 7.8370960510e+00 1.5409122096e+03 2.8831732962e+02 0.0000000000e+00 2.2434828555e-03
6.1595049875e-01 1.3360781925e+01 7.8370954920e+00 1.5409122761e+03 2.8832748801e+02 0.0000000000e+00 2.2435618042e-03
6.1818791046e-01 1.3361291707e+01 7.8370938529e+00 1.5409125287e+03 2.8831653452e+02 0.0000000000e+00 2.2434762040e-03
6.2043745116e-01 1.3360852476e+01 7.8370912969e+00 1.5409129343e+03 2.8832608867e+02 0.0000000000e+00 2.2435499571e-03
6.2267501037e-01 1.3361336893e+01 7.8370894906e+00 1.5409132745e+03 2.8831569904e+02 0.0000000000e+00 2.2434686170e-03
6.2492438839e-01 1.3360953239e+01 7.8370888906e+00 1.5409134304e+03 2.8832400707e+02 0.0000000000e+00 2.2435330373e-03
6.2716207645e-01 1.3361415950e+01 7.8370892034e+00 1.5409134550e+03 2.8831402689e+02 0.0000000000e+00 2.2434553427e-03
6.2941129908e-01 1.3361021258e+01 7.8370908443e+00 1.5409132327e+03 2.8832250224e+02 0.0000000000e+00 2.2435216157e-03
6.3164911968e-01 1.3361472240e+01 7.8370953410e+00 1.5409125269e+03 2.8831263861e+02 0.0000000000e+00 2.2434458914e-03
6.3389819086e-01 1.3361140836e+01 7.8371043786e+00 1.5409110076e+03 2.8831950552e+02 0.0000000000e+00 2.2435015369e-03
6.3613612275e-01 1.3361520884e+01 7.8371194262e+00 1.5409085125e+03 2.8831083786e+02 0.0000000000e+00 2.2434377239e-03
6.3838506631e-01 1.3361180875e+01 7.8371339815e+00 1.5409060170e+03 2.8831770774e+02 0.0000000000e+00 2.2434948138e-03
6.4062311238e-01 1.3361522035e+01 7.8371476147e+00 1.5409036247e+03 2.8830989850e+02 0.0000000000e+00 2.2434375306e-03
6.4287194137e-01 1.3361210666e+01 7.8371694921e+00 1.5409002146e+03 2.8831597920e+02 0.0000000000e+00 2.2434898116e-03
6.4511009200e-01 1.3361515247e+01 7.8371984457e+00 1.5408958997e+03 2.8830859960e+02 0.0000000000e+00 2.2434386704e-03
6.4735881871e-01 1.3361159117e+01 7.8372138507e+00 1.5408936037e+03 2.8831585459e+02 0.0000000000e+00 2.2434984672e-03
6.4959708894e-01 1.3361447618e+01 7.8372198813e+00 1.5408925800e+03 2.8830943774e+02 0.0000000000e+00 2.2434500256e-03
6.5184571876e-01 1.3361278080e+01 7.8372323047e+00 1.5408907736e+03 2.8831275802e+02 0.0000000000e+00 2.2434784921e-03
6.5408404592e-01 1.3361747648e+01 7.8372432959e+00 1.5408888791e+03 2.8830227148e+02 0.0000000000e+00 2.2433996502e-03
6.5633251806e-01 1.3361732446e+01 7.8372116481e+00 1.5408957433e+03 2.8830388380e+02 0.0000000000e+00 2.2434022027e-03
6.5857085033e-01 1.3362457010e+01 7.8370724985e+00 1.5409244464e+03 2.8829362093e+02 0.0000000000e+00 2.2432805566e-03
6.6081907917e-01 1.3362825385e+01 7.8368842995e+00 1.5409668756e+03 2.8829361142e+02 0.0000000000e+00 2.2432187158e-03
6.6305728776e-01 1.3363782371e+01 7.8366160169e+00 1.5410321709e+03 2.8828518157e+02 0.0000000000e+00 2.2430580780e-03
6.6530519533e-01 1.3364755504e+01 7.8359785071e+00 1.5411750770e+03 2.8829092243e+02 0.0000000000e+00 2.2428947533e-03
6.6754307727e-01 1.3366899934e+01 7.8348355894e+00 1.5414334986e+03 2.8829300477e+02 0.0000000000e+00 2.2425349293e-03
6.6979026519e-01 1.3369168168e+01 7.8334650619e+00 1.5417660069e+03 2.8830627073e+02 0.0000000000e+00 2.2421544575e-03
6.7202738618e-01 1.3372706097e+01 7.8312560204e+00 1.5422965817e+03 2.8832918531e+02 0.0000000000e+00 2.2415612654e-03
6.7427338772e-01 1.3377622359e+01 7.8285557856e+00 1.5431167003e+03 2.8837648779e+02 0.0000000000e+00 2.2407374940e-03
6.7650886117e-01 1.3384412706e+01 7.8268121082e+00 1.5442069016e+03 2.8843381767e+02 0.0000000000e+00 2.2396006952e-03
6.7875258911e-01 1.3392769096e+01 7.8258866151e+00 1.5457767283e+03 2.8854688625e+02 0.0000000000e+00 2.2382033011e-03
6.8098526777e-01 1.3405674807e+01 7.8272229559e+00 1.5479223099e+03 2.8866922632e+02 0.0000000000e+00 2.2360485714e-03
6.8322468625e-01 1.3415937704e+01 7.8360510067e+00 1.5501899389e+03 2.8887096324e+02 0.0000000000e+00 2.2343380435e-03
6.8545394386e-01 1.3439072338e+01 7.8474747878e+00 1.5541836756e+03 2.8911662139e+02 0.0000000000e+00 2.2304917517e-03
6.8768566976e-01 1.3446509142e+01 7.8749573878e+00 1.5577919336e+03 2.8962757493e+02 0.0000000000e+00 2.2292581431e-03
6.8991246015e-01 1.3480430205e+01 7.9063889526e+00 1.5639431443e+03 2.9003954630e+02 0.0000000000e+00 2.2236486183e-03
6.9213296699e-01 1.3469708014e+01 7.9586596321e+00 1.5702227145e+03 2.9143592288e+02 0.0000000000e+00 2.2254186927e-03
6.9436329753e-01 1.3540727604e+01 8.0181737137e+00 1.5790900841e+03 2.9154454072e+02 0.0000000000e+00 2.2137466226e-03
6.9656046024e-01 1.3440351199e+01 8.0974113781e+00 1.5889555615e+03 2.9555692742e+02 0.0000000000e+00 2.2302795185e-03
6.9882385657e-01 1.3898094926e+01 8.1931956938e+00 1.5993771780e+03 2.8769719636e+02 0.0000000000e+00 2.1568236624e-03
7.0087410756e-01 1.2750012732e+01 8.2971224974e+00 1.6150625634e+03 3.1667861777e+02 0.0000000000e+00 2.3510360837e-03
7.0352592873e-01 1.6636046932e+01 8.4326935682e+00 1.6307952094e+03 2.4506951922e+02 0.0000000000e+00 1.8018547388e-03
7.0447781704e-01 2.9521515026e+01 8.5093513954e+00 1.6426385899e+03 1.3910520755e+02 0.0000000000e+00 1.0153862352e-03
7.0555670121e-01 2.8770770038e+01 8.5638104151e+00 1.6599437747e+03 1.4423873366e+02 0.0000000000e+00 1.0418817418e-03
7.0656158052e-01 2.9791952031e+01 8.6207053127e+00 1.6733764168e+03 1.4042185076e+02 0.0000000000e+00 1.0061690475e-03
7.0756903930e-01 3.0115192410e+01 8.6691268377e+00 1.6862667842e+03 1.3998472608e+02 0.0000000000e+00 9.9536936679e-04
7.0855231926e-01 3.0896264552e+01 8.7092057133e+00 1.6969163789e+03 1.3730756804e+02 0.0000000000e+00 9.7020595968e-04
7.0950945122e-01 3.1386723694e+01 8.7413484590e+00 1.7056521968e+03 1.3585777648e+02 0.0000000000e+00 9.5504520612e-04
7.1046240967e-01 3.1432795438e+01 8.7671795946e+00 1.7127348373e+03 1.3622196287e+02 0.0000000000e+00 9.5364537523e-04
7.1141674197e-01 3.1402553736e+01 8.7869467369e+00 1.7181745653e+03 1.3678621329e+02 0.0000000000e+00 9.5456376739e-04
7.1237153721e-01 3.1397715322e+01 8.8010519979e+00 1.7220743487e+03 1.3711780706e+02 0.0000000000e+00 9.5471086645e-04
7.1332616370e-01 3.1434114178e+01 8.8098366518e+00 1.7244920292e+03 1.3715131429e+02 0.0000000000e+00 9.5360536742e-04
7.1427874794e-01 3.1486575111e+01 8.8142997601e+00 1.7256977054e+03 1.3701853086e+02 0.0000000000e+00 9.5201653066e-04
7.1523019676e-01 3.1515274594e+01 8.8156073245e+00 1.7260523219e+03 1.3692188503e+02 0.0000000000e+00 9.5114957384e-04
7.1618104709e-01 3.1527861277e+01 8.8154635931e+00 1.7260020165e+03 1.3686323354e+02 0.0000000000e+00 9.5076985198e-04
7.1713173647e-01 3.1516598168e+01 8.8140776439e+00 1.7254963659e+03 1.3687203459e+02 0.0000000000e+00 9.5110962929e-04
7.1808326635e-01 3.1495229514e+01 8.8100440065e+00 1.7243322232e+03 1.3687249226e+02 0.0000000000e+00 9.5175493122e-04
7.1903524633e-01 3.1460619822e+01 8.8026071495e+00 1.7222304621e+03 1.3685604987e+02 0.0000000000e+00 9.5280195273e-04
7.1998887025e-01 3.1417039058e+01 8.7912116957e+00 1.7190762672e+03 1.3679489847e+02 0.0000000000e+00 9.5412365069e-04
7.2094349363e-01 3.1361920070e+01 8.7758628768e+00 1.7148999691e+03 1.3670240576e+02 0.0000000000e+00 9.5580053559e-04
7.2190047132e-01 3.1297326392e+01 8.7580755514e+00 1.7101408484e+03 1.3660438810e+02 0.0000000000e+00 9.5777318563e-04
7.2285904000e-01 3.1239531700e+01 8.7420356071e+00 1.7058201818e+03 1.3651134388e+02 0.0000000000e+00 9.5954511379e-04
7.2381956155e-01 3.1188914933e+01 8.7292584139e+00 1.7023425455e+03 1.3645413355e+02 0.0000000000e+00 9.6110236807e-04
7.2478124474e-01 3.1153860073e+01 8.7192171823e+00 1.6996171207e+03 1.3638896727e+02 0.0000000000e+00 9.6218381702e-04
7.2574392918e-01 3.1123081764e+01 8.7114584837e+00 1.6975150853e+03 1.3635499677e+02 0.0000000000e+00 9.6313534202e-04
7.2670751542e-01 3.1103129469e+01 8.7055586752e+00 1.6959192242e+03 1.3631419516e+02 0.0000000000e+00 9.6375318212e-04
7.2767143555e-01 3.1085456543e+01 8.7011364750e+00 1.6947242601e+03 1.3629559033e+02 0.0000000000e+00 9.6430110197e-04
7.2863611763e-01 3.1074627593e+01 8.6978659822e+00 1.6938411411e+03 1.3627203866e+02 0.0000000000e+00 9.6463714360e-04
7.2960070984e-01 3.1064752570e+01 8.6954767613e+00 1.6931960653e+03 1.3626344371e+02 0.0000000000e+00 9.6494378740e-04
7.3056600520e-01 3.1059110329e+01 8.6937518350e+00 1.6927301582e+03 1.3625069587e+02 0.0000000000e+00 9.6511908045e-04
7.3153094800e-01 3.1054901512e+01 8.6925206252e+00 1.6923971665e+03 1.3624235500e+02 0.0000000000e+00 9.6524988136e-04
7.3249650497e-01 3.1049712789e+01 8.6916513531e+00 1.6921614726e+03 1.3624614534e+02 0.0000000000e+00 9.6541118443e-04
7.3346177037e-01 3.1047922632e+01 8.6910444126e+00 1.6919962752e+03 1.3624069920e+02 0.0000000000e+00 9.6546684800e-04
7.3442743866e-01 3.1043691615e+01 8.6906252168e+00 1.6918815661e+03 1.3625003005e+02 0.0000000000e+00 9.6559843372e-04
7.3539296723e-01 3.1045101233e+01 8.6903388522e+00 1.6918027159e+03 1.3623749390e+02 0.0000000000e+00 9.6555459023e-04
7.3635854784e-01 3.1042615981e+01 8.6901450242e+00 1.6917489787e+03 1.3624407329e+02 0.0000000000e+00 9.6563189193e-04
7.3732423102e-01 3.1044341239e+01 8.6900149234e+00 1.6917126857e+03 1.3623357899e+02 0.0000000000e+00 9.6557822791e-04
7.3828970430e-01 3.1042607306e+01 8.6899285195e+00 1.6916884800e+03 1.3623923913e+02 0.0000000000e+00 9.6563216178e-04
7.3925549534e-01 3.1043762645e+01 8.6898713908e+00 1.6916724362e+03 1.3623287676e+02 0.0000000000e+00 9.6559622436e-04
7.4022089675e-01 3.1042578180e+01 8.6898337412e+00 1.6916618622e+03 1.3623722331e+02 0.0000000000e+00 9.6563306780e-04
7.4118676148e-01 3.1043430245e+01 8.6898091675e+00 1.6916549455e+03 1.3623292692e+02 0.0000000000e+00 9.6560656356e-04
7.4215210987e-01 3.1043742370e+01 8.6897933154e+00 1.6916504077e+03 1.3623119174e+02 0.0000000000e+00 9.6559685499e-04
7.4311795519e-01 3.1042088448e+01 8.6897831536e+00 1.6916473501e+03 1.3623820389e+02 0.0000000000e+00 9.6564830197e-04
7.4408340648e-01 3.1042518855e+01 8.6897766245e+00 1.6916451912e+03 1.3623614108e+02 0.0000000000e+00 9.6563491321e-04
7.4504922501e-01 3.1039891925e+01 8.6897723843e+00 1.6916436007e+03 1.3624754274e+02 0.0000000000e+00 9.6571663562e-04
7.4601483975e-01 3.1042237531e+01 8.6897695530e+00 1.6916424016e+03 1.3623715107e+02 0.0000000000e+00 9.6564366439e-04
7.4698051234e-01 3.1040501840e+01 8.6897675829e+00 1.6916414896e+03 1.3624469558e+02 0.0000000000e+00 9.6569766025e-04
7.4794623507e-01 3.1042991184e+01 8.6897661045e+00 1.6916407484e+03 1.3623371040e+02 0.0000000000e+00 9.6562022077e-04
7.4891175278e-01 3.1041610640e+01 8.6897650532e+00 1.6916401008e+03 1.3623971710e+02 0.0000000000e+00 9.6566316572e-04
7.4987756140e-01 3.1043111828e+01 8.6897644448e+00 1.6916394776e+03 1.3623307861e+02 0.0000000000e+00 9.6561646802e-04
7.5084298572e-01 3.1042041387e+01 8.6897642764e+00 1.6916388542e+03 1.3623772621e+02 0.0000000000e+00 9.6564976595e-04
7.5180886093e-01 3.1043150690e+01 8.6897647526e+00 1.6916381678e+03 1.3623280258e+02 0.0000000000e+00 9.6561525922e-04
7.5277421624e-01 3.1043407795e+01 8.6897654859e+00 1.6916374560e+03 1.3623161696e+02 0.0000000000e+00 9.6560726187e-04
7.5374007546e-01 3.1042164513e+01 8.6897656488e+00 1.6916369546e+03 1.3623703285e+02 0.0000000000e+00 9.6564593578e-04
7.5470550811e-01 3.1042633954e+01 8.6897651971e+00 1.6916366795e+03 1.3623495045e+02 0.0000000000e+00 9.6563133284e-04
7.5567133812e-01 3.1039904148e+01 8.6897642915e+00 1.6916366148e+03 1.3624692643e+02 0.0000000000e+00 9.6571625533e-04
7.5663694062e-01 3.1042186427e+01 8.6897627711e+00 1.6916367716e+03 1.3623692194e+02 0.0000000000e+00 9.6564525411e-04
7.5760262863e-01 3.1040339526e+01 8.6897602618e+00 1.6916372137e+03 1.3624506364e+02 0.0000000000e+00 9.6570271002e-04
7.5856834604e-01 3.1042992983e+01 8.6897568834e+00 1.6916379062e+03 1.3623347362e+02 0.0000000000e+00 9.6562016478e-04
7.5953386896e-01 3.1041677256e+01 8.6897529090e+00 1.6916387701e+03 1.3623931756e+02 0.0000000000e+00 9.6566109339e-04
7.6049966823e-01 3.1043222623e+01 8.6897481629e+00 1.6916398503e+03 1.3623262240e+02 0.0000000000e+00 9.6561302168e-04
7.6146509500e-01 3.1042201891e+01 8.6897418447e+00 1.6916413718e+03 1.3623722455e+02 0.0000000000e+00 9.6564477305e-04
7.6243095777e-01 3.1043351258e+01 8.6897341571e+00 1.6916432777e+03 1.3623233391e+02 0.0000000000e+00 9.6560902047e-04
7.6339631304e-01 3.1043525832e+01 8.6897277722e+00 1.6916449667e+03 1.3623170382e+02 0.0000000000e+00 9.6560359033e-04
7.6436216495e-01 3.1042725636e+01 8.6897238421e+00 1.6916461660e+03 1.3623531208e+02 0.0000000000e+00 9.6562848095e-04
7.6532757001e-01 3.1043122535e+01 8.6897223847e+00 1.6916469167e+03 1.3623363072e+02 0.0000000000e+00 9.6561613497e-04
7.6629339722e-01 3.1040312989e+01 8.6897229168e+00 1.6916473144e+03 1.3624599364e+02 0.0000000000e+00 9.6570353561e-04
7.6725897708e-01 3.1042463409e+01 8.6897253715e+00 1.6916472442e+03 1.3623654975e+02 0.0000000000e+00 9.6563663797e-04
7.6822467050e-01 3.1040446442e+01 8.6897303096e+00 1.6916467830e+03 1.3624536507e+02 0.0000000000e+00 9.6569938375e-04
7.6919037584e-01 3.1043210859e+01 8.6897356314e+00 1.6916463355e+03 1.3623319630e+02 0.0000000000e+00 9.6561338763e-04
7.7015589727e-01 3.1041888305e+01 8.6897408976e+00 1.6916462563e+03 1.3623899420e+02 0.0000000000e+00 9.6565452801e-04
7.7112168490e-01 3.1043395270e+01 8.6897457688e+00 1.6916463982e+03 1.3623239207e+02 0.0000000000e+00 9.6560765146e-04
7.7208711258e-01 3.1042384317e+01 8.6897514235e+00 1.6916465356e+03 1.3623683979e+02 0.0000000000e+00 9.6563909826e-04
7.7305296310e-01 3.1043469861e+01 8.6897575122e+00 1.6916464114e+03 1.3623206579e+02 0.0000000000e+00 9.6560533132e-04
7.7401832324e-01 3.1043524070e+01 8.6897637264e+00 1.6916461004e+03 1.3623180286e+02 0.0000000000e+00 9.6560364514e-04
7.7498417039e-01 3.1043047305e+01 8.6897683786e+00 1.6916459519e+03 1.3623388317e+02 0.0000000000e+00 9.6561847507e-04
7.7594956019e-01 3.1043306124e+01 8.6897713057e+00 1.6916459435e+03 1.3623274666e+02 0.0000000000e+00 9.6561042435e-04
7.7691539124e-01 3.1040543025e+01 8.6897725218e+00 1.6916460798e+03 1.3624488450e+02 0.0000000000e+00 9.6569637895e-04
7.7788095295e-01 3.1042553655e+01 8.6897721441e+00 1.6916462004e+03 1.3623606962e+02 0.0000000000e+00 9.6563383069e-04
7.7884665890e-01 3.1040347610e+01 8.6897700554e+00 1.6916465720e+03 1.3624578188e+02 0.0000000000e+00 9.6570245850e-04
7.7981235786e-01 3.1043259426e+01 8.6897653467e+00 1.6916473571e+03 1.3623306544e+02 0.0000000000e+00 9.6561187692e-04
7.8077788265e-01 3.1041957158e+01 8.6897553218e+00 1.6916491711e+03 1.3623892676e+02 0.0000000000e+00 9.6565238612e-04
7.8174366264e-01 3.1043495788e+01 8.6897313135e+00 1.6916542755e+03 1.3623258532e+02 0.0000000000e+00 9.6560452485e-04
7.8270909170e-01 3.1042687405e+01 8.6896715804e+00 1.6916684144e+03 1.3623727163e+02 0.0000000000e+00 9.6562967018e-04
7.8367492198e-01 3.1044198548e+01 8.6895262182e+00 1.6917047776e+03 1.3623356832e+02 0.0000000000e+00 9.6558266606e-04
7.8464025703e-01 3.1045319502e+01 8.6891861013e+00 1.6917922525e+03 1.3623569346e+02 0.0000000000e+00 9.6554780174e-04
7.8560601758e-01 3.1047711870e+01 8.6884204140e+00 1.6919920591e+03 1.3624128456e+02 0.0000000000e+00 9.6547340190e-04
7.8657120384e-01 3.1053616421e+01 8.6867564308e+00 1.6924298767e+03 1.3625062648e+02 0.0000000000e+00 9.6528982625e-04
7.8753659723e-01 3.1063092750e+01 8.6832644357e+00 1.6933535261e+03 1.3628339745e+02 0.0000000000e+00 9.6499534807e-04
7.8850119453e-01 3.1089479453e+01 8.6762044927e+00 1.6952291267e+03 1.3631855185e+02 0.0000000000e+00 9.6417632356e-04
7.8946494988e-01 3.1134908119e+01 8.6625137276e+00 1.6988826105e+03 1.3641300980e+02 0.0000000000e+00 9.6276950250e-04
7.9042673354e-01 3.1226738397e+01 8.6372138524e+00 1.7056731880e+03 1.3655550304e+02 0.0000000000e+00 9.5993823047e-04
7.9138482634e-01 3.1381546555e+01 8.5931743934e+00 1.7176115710e+03 1.3683292887e+02 0.0000000000e+00 9.5520276375e-04
7.9233713907e-01 3.1606093883e+01 8.5236412515e+00 1.7354839780e+03 1.3727447501e+02 0.0000000000e+00 9.4841647028e-04
7.9328165928e-01 3.1820601127e+01 8.4611009029e+00 1.7525049054e+03 1.3768634496e+02 0.0000000000e+00 9.4202305860e-04
7.9422118518e-01 3.1952163231e+01 8.4295281575e+00 1.7621721461e+03 1.3787580932e+02 0.0000000000e+00 9.3814430602e-04
7.9515794789e-01 3.1996642671e+01 8.4237917571e+00 1.7650169425e+03 1.3790641729e+02 0.0000000000e+00 9.3684016503e-04
7.9609486551e-01 3.1952672919e+01 8.4358266514e+00 1.7615509344e+03 1.3782500597e+02 0.0000000000e+00 9.3812934134e-04
7.9703420658e-01 3.1751549970e+01 8.4913318234e+00 1.7460779889e+03 1.3747974434e+02 0.0000000000e+00 9.4407170762e-04
7.9798300893e-01 3.1319142837e+01 8.6104881562e+00 1.7131740572e+03 1.3675135253e+02 0.0000000000e+00 9.5710601520e-04
7.9894841861e-01 3.0652548012e+01 8.7982441333e+00 1.6623800751e+03 1.3558253579e+02 0.0000000000e+00 9.7792000810e-04
7.9993884894e-01 2.9806084182e+01 9.0445711446e+00 1.5984447831e+03 1.3407034394e+02 0.0000000000e+00 1.0056919862e-03
8.0095980258e-01 2.8932786024e+01 9.3083175457e+00 1.5322545208e+03 1.3239776836e+02 0.0000000000e+00 1.0360474783e-03
8.0201094390e-01 2.8114832802e+01 9.5477690796e+00 1.4720740265e+03 1.3089834438e+02 0.0000000000e+00 1.0661895168e-03
8.0309218161e-01 2.7441402191e+01 9.7735910835e+00 1.4226406009e+03 1.2960713442e+02 0.0000000000e+00 1.0923545302e-03
8.0419565296e-01 2.6786288483e+01 9.9495704534e+00 1.3754901196e+03 1.2837632586e+02 0.0000000000e+00 1.1190703042e-03
8.0533032222e-01 2.6346363282e+01 1.0129573037e+01 1.3435204172e+03 1.2748632542e+02 0.0000000000e+00 1.1377562694e-03
8.0647116550e-01 2.5880806436e+01 1.0241278963e+01 1.3109849004e+03 1.2663679005e+02 0.0000000000e+00 1.1582227963e-03
8.0764676781e-01 2.5647733832e+01 1.0351547575e+01 1.2937562134e+03 1.2610823844e+02 0.0000000000e+00 1.1687480928e-03
8.0880866169e-01 2.5399715156e+01 1.0397983821e+01 1.2775136514e+03 1.2574094272e+02 0.0000000000e+00 1.1801604788e-03
8.1000708877e-01 2.5339583802e+01 1.0442614813e+01 1.2725787128e+03 1.2555244817e+02 0.0000000000e+00 1.1829610239e-03
8.1117458373e-01 2.5243033188e+01 1.0452002395e+01 1.2673583991e+03 1.2551566106e+02 0.0000000000e+00 1.1874856630e-03
8.1238206010e-01 2.5242170075e+01 1.0460749123e+01 1.2658351794e+03 1.2536909224e+02 0.0000000000e+00 1.1875262670e-03
8.1354963627e-01 2.5211775574e+01 1.0466469214e+01 1.2657019250e+03 1.2550701965e+02 0.0000000000e+00 1.1889579103e-03
8.1475997592e-01 2.5230823567e+01 1.0466350373e+01 1.2649756395e+03 1.2534030411e+02 0.0000000000e+00 1.1880603073e-03
8.1592575688e-01 2.5186920900e+01 1.0465920011e+01 1.2646360344e+03 1.2552507305e+02 0.0000000000e+00 1.1901311843e-03
8.1714023829e-01 2.5244771675e+01 1.0467227853e+01 1.2647769079e+03 1.2525137127e+02 0.0000000000e+00 1.1874038865e-03
8.1830056465e-01 2.5063847908e+01 1.0467951153e+01 1.2648326059e+03 1.2616105581e+02 0.0000000000e+00 1.1959751795e-03
8.1953218865e-01 2.5459546221e+01 1.0467686793e+01 1.2646959481e+03 1.2418681162e+02 0.0000000000e+00 1.1773870492e-03
8.2065533875e-01 2.6017162987e+01 1.0467409752e+01 1.2646365504e+03 1.2151945151e+02 0.0000000000e+00 1.1521525239e-03
8.2183649369e-01 2.3013062018e+01 1.0467681935e+01 1.2646970476e+03 1.3738904525e+02 0.0000000000e+00 1.3025533054e-03
8.2326044536e-01 2.1051093668e+01 1.0467911457e+01 1.2647277076e+03 1.5019738731e+02 0.0000000000e+00 1.4239516708e-03
