# x  rho  v  p  e  w  vol
5.4803076834e-01 1.6066629387e+01 9.4207066835e+00 1.8306257083e+03 2.8484905953e+02 0.0000000000e+00 1.8657142875e-03
5.4989648262e-01 1.5178661922e+01 9.4207048056e+00 1.8306260089e+03 3.0151307447e+02 0.0000000000e+00 1.9748605084e-03
5.5198048935e-01 1.4947185016e+01 9.4207027512e+00 1.8306262839e+03 3.0618244872e+02 0.0000000000e+00 2.0054438323e-03
5.5390737029e-01 1.5179056654e+01 9.4207005959e+00 1.8306266401e+03 3.0150533756e+02 0.0000000000e+00 1.9748091521e-03
5.5593010766e-01 1.5049454801e+01 9.4206982173e+00 1.8306270145e+03 3.0410188255e+02 0.0000000000e+00 1.9918156768e-03
5.5789100164e-01 1.5140440059e+01 9.4206956851e+00 1.8306274487e+03 3.0227447841e+02 0.0000000000e+00 1.9798460205e-03
5.5988979970e-01 1.5081367155e+01 9.4206929235e+00 1.8306279186e+03 3.0345854918e+02 0.0000000000e+00 1.9876009709e-03
5.6186620358e-01 1.5116087766e+01 9.4206899680e+00 1.8306284401e+03 3.0276161209e+02 0.0000000000e+00 1.9830355886e-03
5.6385587088e-01 1.5098378285e+01 9.4206867851e+00 1.8306290029e+03 3.0311682626e+02 0.0000000000e+00 1.9853615690e-03
5.6583692672e-01 1.5110253863e+01 9.4206833928e+00 1.8306296121e+03 3.0287869891e+02 0.0000000000e+00 1.9838012168e-03
5.6782347331e-01 1.5102385987e+01 9.4206797809e+00 1.8306302618e+03 3.0303659689e+02 0.0000000000e+00 1.9848347159e-03
5.6980659615e-01 1.5108145326e+01 9.4206759698e+00 1.8306309512e+03 3.0292119114e+02 0.0000000000e+00 1.9840780820e-03
5.7179162947e-01 1.5105328162e+01 9.4206719711e+00 1.8306316745e+03 3.0297780604e+02 0.0000000000e+00 1.9844481151e-03
5.7377549238e-01 1.5107188775e+01 9.4206678143e+00 1.8306324267e+03 3.0294061556e+02 0.0000000000e+00 1.9842037091e-03
5.7576003689e-01 1.5106418303e+01 9.4206635297e+00 1.8306332002e+03 3.0295619443e+02 0.0000000000e+00 1.9843049093e-03
5.7774410220e-01 1.5107264182e+01 9.4206591577e+00 1.8306339869e+03 3.0293936164e+02 0.0000000000e+00 1.9841938050e-03
5.7972842450e-01 1.5107002948e+01 9.4206547421e+00 1.8306347772e+03 3.0294473091e+02 0.0000000000e+00 1.9842281161e-03
5.8171255844e-01 1.5107401639e+01 9.4206503344e+00 1.8306355604e+03 3.0293686568e+02 0.0000000000e+00 1.9841757515e-03
5.8369677600e-01 1.5107409358e+01 9.4206459925e+00 1.8306363244e+03 3.0293683730e+02 0.0000000000e+00 1.9841747376e-03
5.8568090791e-01 1.5107629050e+01 9.4206417837e+00 1.8306370554e+03 3.0293255303e+02 0.0000000000e+00 1.9841458842e-03
5.8766506777e-01 1.5107693699e+01 9.4206377841e+00 1.8306377378e+03 3.0293136966e+02 0.0000000000e+00 1.9841373937e-03
5.8964918270e-01 1.5107855385e+01 9.4206340777e+00 1.8306383547e+03 3.0292822972e+02 0.0000000000e+00 1.9841161592e-03
5.9163330009e-01 1.5107943357e+01 9.4206307539e+00 1.8306388880e+03 3.0292655406e+02 0.0000000000e+00 1.9841046059e-03
5.9361739191e-01 1.5108071629e+01 9.4206279023e+00 1.8306393197e+03 3.0292405356e+02 0.0000000000e+00 1.9840877603e-03
5.9560147561e-01 1.5108166917e+01 9.4206256084e+00 1.8306396324e+03 3.0292219474e+02 0.0000000000e+00 1.9840752465e-03
5.9758554240e-01 1.5108275949e+01 9.4206239497e+00 1.8306398100e+03 3.0292003802e+02 0.0000000000e+00 1.9840609280e-03
5.9956959747e-01 1.5108375424e+01 9.4206229938e+00 1.8306398389e+03 3.0291804837e+02 0.0000000000e+00 1.9840478648e-03
6.0155363813e-01 1.5108478270e+01 9.4206227878e+00 1.8306397085e+03 3.0291596477e+02 0.0000000000e+00 1.9840343590e-03
6.0353766619e-01 1.5108576703e+01 9.4206234177e+00 1.8306393970e+03 3.0291393970e+02 0.0000000000e+00 1.9840214330e-03
6.0552168100e-01 1.5108673343e+01 9.4206250753e+00 1.8306388741e+03 3.0291191566e+02 0.0000000000e+00 1.9840087426e-03
6.0750568367e-01 1.5108765826e+01 9.4206278400e+00 1.8306381200e+03 3.0290993671e+02 0.0000000000e+00 1.9839965981e-03
6.0948967419e-01 1.5108851180e+01 9.4206317202e+00 1.8306371318e+03 3.0290806198e+02 0.0000000000e+00 1.9839853900e-03
6.1147365445e-01 1.5108927671e+01 9.4206367077e+00 1.8306359232e+03 3.0290632847e+02 0.0000000000e+00 1.9839753457e-03
6.1345762489e-01 1.5108991090e+01 9.4206427740e+00 1.8306345044e+03 3.0290482229e+02 0.0000000000e+00 1.9839670182e-03
6.1544158849e-01 1.5109045035e+01 9.4206498624e+00 1.8306328798e+03 3.0290347199e+02 0.0000000000e+00 1.9839599346e-03
6.1742554476e-01 1.5109077323e+01 9.4206578961e+00 1.8306310563e+03 3.0290252295e+02 0.0000000000e+00 1.9839556949e-03
6.1940949988e-01 1.5109088649e+01 9.4206667087e+00 1.8306290441e+03 3.0290196296e+02 0.0000000000e+00 1.9839542077e-03
6.2139345317e-01 1.5109082230e+01 9.4206761680e+00 1.8306268819e+03 3.0290173386e+02 0.0000000000e+00 1.9839550505e-03
6.2337740998e-01 1.5109050014e+01 9.4206862490e+00 1.8306246395e+03 3.0290200869e+02 0.0000000000e+00 1.9839592808e-03
6.2536137173e-01 1.5108993316e+01 9.4206968383e+00 1.8306223964e+03 3.0290277422e+02 0.0000000000e+00 1.9839667259e-03
6.2734534343e-01 1.5108915511e+01 9.4207075516e+00 1.8306201994e+03 3.0290397052e+02 0.0000000000e+00 1.9839769425e-03
6.2932932562e-01 1.5108807200e+01 9.4207175644e+00 1.8306180325e+03 3.0290578340e+02 0.0000000000e+00 1.9839911651e-03
6.3131332576e-01 1.5108685999e+01 9.4207259104e+00 1.8306158860e+03 3.0290785814e+02 0.0000000000e+00 1.9840070806e-03
6.3329733978e-01 1.5108545083e+01 9.4207323898e+00 1.8306139479e+03 3.0291036263e+02 0.0000000000e+00 1.9840255852e-03
6.3528137693e-01 1.5108392274e+01 9.4207376820e+00 1.8306126339e+03 3.0291320888e+02 0.0000000000e+00 1.9840456521e-03
6.3726543108e-01 1.5108257406e+01 9.4207422833e+00 1.8306124063e+03 3.0291587526e+02 0.0000000000e+00 1.9840633631e-03
6.3924950366e-01 1.5108130609e+01 9.4207433805e+00 1.8306131935e+03 3.0291854776e+02 0.0000000000e+00 1.9840800146e-03
6.4123359111e-01 1.5108035691e+01 9.4207363600e+00 1.8306145822e+03 3.0292068070e+02 0.0000000000e+00 1.9840924798e-03
6.4321768862e-01 1.5107973950e+01 9.4207164114e+00 1.8306167707e+03 3.0292228078e+02 0.0000000000e+00 1.9841005882e-03
6.4520179229e-01 1.5107964267e+01 9.4206804594e+00 1.8306209914e+03 3.0292317334e+02 0.0000000000e+00 1.9841018598e-03
6.4718589234e-01 1.5108043436e+01 9.4206295856e+00 1.8306299625e+03 3.0292307047e+02 0.0000000000e+00 1.9840914628e-03
6.4916997521e-01 1.5108218025e+01 9.4205596580e+00 1.8306464504e+03 3.0292229821e+02 0.0000000000e+00 1.9840685347e-03
6.5115402941e-01 1.5108513147e+01 9.4204527266e+00 1.8306729738e+03 3.0292076989e+02 0.0000000000e+00 1.9840297790e-03
6.5313803477e-01 1.5108945880e+01 9.4202762770e+00 1.8307123846e+03 3.0291861510e+02 0.0000000000e+00 1.9839729548e-03
6.5512197532e-01 1.5109520522e+01 9.4199835294e+00 1.8307688363e+03 3.0291643497e+02 0.0000000000e+00 1.9838975006e-03
6.5710582977e-01 1.5110274844e+01 9.4195124905e+00 1.8308502727e+03 3.0291478674e+02 0.0000000000e+00 1.9837984623e-03
6.5908957224e-01 1.5111280673e+01 9.4188001985e+00 1.8309741397e+03 3.0291511675e+02 0.0000000000e+00 1.9836664177e-03
6.6107316261e-01 1.5112656422e+01 9.4177736471e+00 1.8311678640e+03 3.0291958820e+02 0.0000000000e+00 1.9834858388e-03
6.6305654392e-01 1.5114549362e+01 9.4163124966e+00 1.8314646501e+03 3.0293074015e+02 0.0000000000e+00 1.9832374279e-03
6.6503963746e-01 1.5117126861e+01 9.4142335827e+00 1.8319021895e+03 3.0295144810e+02 0.0000000000e+00 1.9828992820e-03
6.6702234248e-01 1.5120537572e+01 9.4112622114e+00 1.8325185628e+03 3.0298502187e+02 0.0000000000e+00 1.9824520032e-03
6.6900454147e-01 1.5125018972e+01 9.4070494672e+00 1.8333605677e+03 3.0303442446e+02 0.0000000000e+00 1.9818646215e-03
6.7098607172e-01 1.5130773901e+01 9.4011888859e+00 1.8344808955e+03 3.0310427403e+02 0.0000000000e+00 1.9811108273e-03
6.7296676312e-01 1.5138277922e+01 9.3932653952e+00 1.8359481431e+03 3.0319633325e+02 0.0000000000e+00 1.9801287937e-03
6.7494632931e-01 1.5147958760e+01 9.3830050521e+00 1.8378542889e+03 3.0331715282e+02 0.0000000000e+00 1.9788633224e-03
6.7692448977e-01 1.5160487695e+01 9.3703577245e+00 1.8402986490e+03 3.0346956610e+02 0.0000000000e+00 1.9772279496e-03
6.7890078521e-01 1.5176253783e+01 9.3554844924e+00 1.8433454329e+03 3.0365620187e+02 0.0000000000e+00 1.9751738755e-03
6.8087483752e-01 1.5195479983e+01 9.3386858665e+00 1.8469750259e+03 3.0386914858e+02 0.0000000000e+00 1.9726747713e-03
6.8284613475e-01 1.5217259095e+01 9.3204913639e+00 1.8510703566e+03 3.0410705782e+02 0.0000000000e+00 1.9698514570e-03
6.8481454043e-01 1.5241185390e+01 9.3015947186e+00 1.8553734032e+03 3.0433548239e+02 0.0000000000e+00 1.9667590960e-03
6.8677965295e-01 1.5264226669e+01 9.2830428707e+00 1.8595768513e+03 3.0456453700e+02 0.0000000000e+00 1.9637902823e-03
6.8874212100e-01 1.5287357964e+01 9.2657371559e+00 1.8632360833e+03 3.0470210872e+02 0.0000000000e+00 1.9608188721e-03
6.9070129069e-01 1.5302614285e+01 9.2511446465e+00 1.8661256150e+03 3.0487039341e+02 0.0000000000e+00 1.9588639850e-03
6.9265984897e-01 1.5322408649e+01 9.2397009721e+00 1.8678222862e+03 3.0475337281e+02 0.0000000000e+00 1.9563334124e-03
6.9461395751e-01 1.5313865310e+01 9.2339792706e+00 1.8688469169e+03 3.0509066115e+02 0.0000000000e+00 1.9574248169e-03
6.9657469860e-01 1.5353705479e+01 9.2339387732e+00 1.8689629951e+03 3.0431790515e+02 0.0000000000e+00 1.9523456433e-03
6.9851864880e-01 1.5234080899e+01 9.2401713599e+00 1.8687273836e+03 3.0666887552e+02 0.0000000000e+00 1.9676763041e-03
7.0051005121e-01 1.5440767870e+01 9.2561411404e+00 1.8693702577e+03 3.0266795560e+02 0.0000000000e+00 1.9413373902e-03
7.0240132358e-01 1.4607235925e+01 9.2784458283e+00 1.8708103598e+03 3.2018555210e+02 0.0000000000e+00 2.0521158249e-03
7.0461428286e-01 1.6247032944e+01 9.3197457766e+00 1.8750223288e+03 2.8851765353e+02 0.0000000000e+00 1.8449977976e-03
7.0609131918e-01 2.5093864623e+01 9.3523076829e+00 1.8806025396e+03 1.8735680692e+02 0.0000000000e+00 1.1945445810e-03
7.0700337202e-01 3.2231520887e+01 9.3749100284e+00 1.8870840761e+03 1.4636945637e+02 0.0000000000e+00 9.3001320370e-04
7.0795134558e-01 3.2891822923e+01 9.3999154239e+00 1.8940895851e+03 1.4396356121e+02 0.0000000000e+00 9.1134322564e-04
7.0882605847e-01 3.3615813106e+01 9.4234082378e+00 1.9012207465e+03 1.4139333329e+02 0.0000000000e+00 8.9171545265e-04
7.0973477649e-01 3.3397686893e+01 9.4466713835e+00 1.9080018434e+03 1.4282440050e+02 0.0000000000e+00 8.9753940433e-04
7.1062113728e-01 3.3936597994e+01 9.4667703140e+00 1.9139815457e+03 1.4099686318e+02 0.0000000000e+00 8.8328653347e-04
7.1150134956e-01 3.4134832142e+01 9.4822939565e+00 1.9185974970e+03 1.4051610749e+02 0.0000000000e+00 8.7815694759e-04
7.1237745118e-01 3.4167323908e+01 9.4915389490e+00 1.9213515406e+03 1.4058399377e+02 0.0000000000e+00 8.7732185526e-04
7.1325599327e-01 3.4052243427e+01 9.4935902300e+00 1.9218825987e+03 1.4109808967e+02 0.0000000000e+00 8.8028678828e-04
7.1413802475e-01 3.3936817719e+01 9.4881595047e+00 1.9200185804e+03 1.4144067634e+02 0.0000000000e+00 8.8328081462e-04
7.1502255490e-01 3.3857485700e+01 9.4737773276e+00 1.9154145882e+03 1.4143213448e+02 0.0000000000e+00 8.8535044409e-04
7.1590872564e-01 3.3785646281e+01 9.4493145620e+00 1.9077654373e+03 1.4116685984e+02 0.0000000000e+00 8.8723299091e-04
7.1679702088e-01 3.3674909064e+01 9.4142634515e+00 1.8969551254e+03 1.4082852620e+02 0.0000000000e+00 8.9015058490e-04
7.1768902681e-01 3.3506483637e+01 9.3688739312e+00 1.8831371308e+03 1.4050542808e+02 0.0000000000e+00 8.9462506196e-04
7.1858627100e-01 3.3291711352e+01 9.3143378067e+00 1.8667537962e+03 1.4018157376e+02 0.0000000000e+00 9.0039648858e-04
7.1948981979e-01 3.3051435558e+01 9.2527733050e+00 1.8485135426e+03 1.3982097232e+02 0.0000000000e+00 9.0694214923e-04
7.2040015530e-01 3.2803772833e+01 9.1870070205e+00 1.8292972107e+03 1.3941210513e+02 0.0000000000e+00 9.1378940320e-04
7.2131739860e-01 3.2559962230e+01 9.1201543447e+00 1.8100262865e+03 1.3897638100e+02 0.0000000000e+00 9.2063190331e-04
7.2224141911e-01 3.2326373149e+01 9.0551595968e+00 1.7915302044e+03 1.3855020142e+02 0.0000000000e+00 9.2728435267e-04
7.2317196730e-01 3.2108798537e+01 8.9944220188e+00 1.7744514738e+03 1.3815928613e+02 0.0000000000e+00 9.3356778722e-04
7.2410855468e-01 3.1913270034e+01 8.9396053709e+00 1.7592036321e+03 1.3781129529e+02 0.0000000000e+00 9.3928763703e-04
7.2505054258e-01 3.1742808935e+01 8.8916062834e+00 1.7459787754e+03 1.3750978835e+02 0.0000000000e+00 9.4433167717e-04
7.2599721804e-01 3.1598592183e+01 8.8506549256e+00 1.7347878319e+03 1.3725198751e+02 0.0000000000e+00 9.4864163017e-04
7.2694782584e-01 3.1479544418e+01 8.8164833285e+00 1.7255136553e+03 1.3703451616e+02 0.0000000000e+00 9.5222915561e-04
7.2790167635e-01 3.1382542328e+01 8.7885016610e+00 1.7179626295e+03 1.3685655320e+02 0.0000000000e+00 9.5517245501e-04
7.2885817075e-01 3.1304749585e+01 8.7659538368e+00 1.7119064991e+03 1.3671300057e+02 0.0000000000e+00 9.5754607199e-04
7.2981676849e-01 3.1243326370e+01 8.7480342248e+00 1.7071118396e+03 1.3659811854e+02 0.0000000000e+00 9.5942857189e-04
7.3077702789e-01 3.1195169153e+01 8.7339630756e+00 1.7033585948e+03 1.3650820311e+02 0.0000000000e+00 9.6090967972e-04
7.3173858785e-01 3.1158059111e+01 8.7230308249e+00 1.7004499847e+03 1.3643741244e+02 0.0000000000e+00 9.6205414765e-04
7.3270113619e-01 3.1129727645e+01 8.7146184314e+00 1.6982163833e+03 1.3638220696e+02 0.0000000000e+00 9.6292972240e-04
7.3366444730e-01 3.1108015655e+01 8.7082017163e+00 1.6965155369e+03 1.3634070683e+02 0.0000000000e+00 9.6360180387e-04
7.3462833979e-01 3.1091676357e+01 8.7033472965e+00 1.6952306127e+03 1.3630903921e+02 0.0000000000e+00 9.6410819590e-04
7.3559266369e-01 3.1079415211e+01 8.6997033438e+00 1.6942672383e+03 1.3628532156e+02 0.0000000000e+00 9.6448854642e-04
7.3655731689e-01 3.1070020494e+01 8.6969884350e+00 1.6935502359e+03 1.3626883801e+02 0.0000000000e+00 9.6478018112e-04
7.3752222405e-01 3.1063151973e+01 8.6949803856e+00 1.6930204259e+03 1.3625632931e+02 0.0000000000e+00 9.6499350826e-04
7.3848730390e-01 3.1058089062e+01 8.6935057587e+00 1.6926316976e+03 1.3624725062e+02 0.0000000000e+00 9.6515081594e-04
7.3945252568e-01 3.1054093428e+01 8.6924304593e+00 1.6923484742e+03 1.3624198032e+02 0.0000000000e+00 9.6527499891e-04
7.4041785390e-01 3.1051345589e+01 8.6916518389e+00 1.6921435483e+03 1.3623753788e+02 0.0000000000e+00 9.6536041937e-04
7.4138324652e-01 3.1049302548e+01 8.6910919930e+00 1.6919962892e+03 1.3623464542e+02 0.0000000000e+00 9.6542394000e-04
7.4234870178e-01 3.1047538943e+01 8.6906922727e+00 1.6918911864e+03 1.3623392095e+02 0.0000000000e+00 9.6547877933e-04
7.4331420408e-01 3.1046532194e+01 8.6904089038e+00 1.6918166737e+03 1.3623233854e+02 0.0000000000e+00 9.6551008701e-04
7.4427972195e-01 3.1045700330e+01 8.6902094648e+00 1.6917641948e+03 1.3623176292e+02 0.0000000000e+00 9.6553595769e-04
7.4524527599e-01 3.1044885106e+01 8.6900701183e+00 1.6917274733e+03 1.3623238317e+02 0.0000000000e+00 9.6556131218e-04
7.4621084458e-01 3.1044578026e+01 8.6899734803e+00 1.6917019419e+03 1.3623167470e+02 0.0000000000e+00 9.6557086313e-04
7.4717641772e-01 3.1044169930e+01 8.6899069561e+00 1.6916843047e+03 1.3623204522e+02 0.0000000000e+00 9.6558355618e-04
7.4814201169e-01 3.1043784685e+01 8.6898614872e+00 1.6916722031e+03 1.3623276127e+02 0.0000000000e+00 9.6559553882e-04
7.4910760880e-01 3.1043700376e+01 8.6898306127e+00 1.6916639626e+03 1.3623246763e+02 0.0000000000e+00 9.6559816119e-04
7.5007320801e-01 3.1043444157e+01 8.6898097625e+00 1.6916584006e+03 1.3623314411e+02 0.0000000000e+00 9.6560613084e-04
7.5103882106e-01 3.1043244342e+01 8.6897957431e+00 1.6916546843e+03 1.3623372171e+02 0.0000000000e+00 9.6561234611e-04
7.5200443271e-01 3.1043223301e+01 8.6897863642e+00 1.6916522276e+03 1.3623361620e+02 0.0000000000e+00 9.6561300060e-04
7.5297004706e-01 3.1043021019e+01 8.6897801524e+00 1.6916506157e+03 1.3623437411e+02 0.0000000000e+00 9.6561929270e-04
7.5393567129e-01 3.1042932001e+01 8.6897761300e+00 1.6916495533e+03 1.3623467922e+02 0.0000000000e+00 9.6562206169e-04
7.5490129118e-01 3.1042934869e+01 8.6897736509e+00 1.6916488326e+03 1.3623460860e+02 0.0000000000e+00 9.6562197250e-04
7.5586691524e-01 3.1042759503e+01 8.6897722827e+00 1.6916483154e+03 1.3623533655e+02 0.0000000000e+00 9.6562742744e-04
7.5683254604e-01 3.1042735505e+01 8.6897717084e+00 1.6916479152e+03 1.3623540965e+02 0.0000000000e+00 9.6562817393e-04
7.5779817158e-01 3.1042776586e+01 8.6897716355e+00 1.6916475836e+03 1.3623520265e+02 0.0000000000e+00 9.6562689607e-04
7.5876379983e-01 3.1042602695e+01 8.6897718331e+00 1.6916473281e+03 1.3623594522e+02 0.0000000000e+00 9.6563230522e-04
7.5972943619e-01 3.1042643360e+01 8.6897720180e+00 1.6916471728e+03 1.3623575425e+02 0.0000000000e+00 9.6563104027e-04
7.6069506191e-01 3.1042709909e+01 8.6897720197e+00 1.6916471250e+03 1.3623545834e+02 0.0000000000e+00 9.6562897015e-04
7.6166069413e-01 3.1042536295e+01 8.6897717920e+00 1.6916471759e+03 1.3623622437e+02 0.0000000000e+00 9.6563437069e-04
7.6262633065e-01 3.1042646198e+01 8.6897714491e+00 1.6916472841e+03 1.3623575076e+02 0.0000000000e+00 9.6563095198e-04
7.6359195604e-01 3.1042720229e+01 8.6897711515e+00 1.6916473977e+03 1.3623543501e+02 0.0000000000e+00 9.6562864912e-04
7.6455758795e-01 3.1042529803e+01 8.6897710545e+00 1.6916474677e+03 1.3623627637e+02 0.0000000000e+00 9.6563457265e-04
7.6552322518e-01 3.1042715763e+01 8.6897712864e+00 1.6916474508e+03 1.3623545888e+02 0.0000000000e+00 9.6562878805e-04
7.6648884553e-01 3.1042744866e+01 8.6897719489e+00 1.6916473211e+03 1.3623532072e+02 0.0000000000e+00 9.6562788276e-04
7.6745448095e-01 3.1042597525e+01 8.6897729661e+00 1.6916470967e+03 1.3623594928e+02 0.0000000000e+00 9.6563246604e-04
7.6842011046e-01 3.1042789019e+01 8.6897740849e+00 1.6916468448e+03 1.3623508859e+02 0.0000000000e+00 9.6562650933e-04
7.6938573397e-01 3.1042750165e+01 8.6897749510e+00 1.6916466616e+03 1.3623524435e+02 0.0000000000e+00 9.6562771792e-04
7.7035136590e-01 3.1042697624e+01 8.6897752426e+00 1.6916466345e+03 1.3623547275e+02 0.0000000000e+00 9.6562935228e-04
7.7131699267e-01 3.1042855703e+01 8.6897748573e+00 1.6916467875e+03 1.3623479133e+02 0.0000000000e+00 9.6562443503e-04
7.7228261477e-01 3.1042811316e+01 8.6897740633e+00 1.6916470654e+03 1.3623500850e+02 0.0000000000e+00 9.6562581573e-04
7.7324824430e-01 3.1042808901e+01 8.6897732057e+00 1.6916473754e+03 1.3623504407e+02 0.0000000000e+00 9.6562589088e-04
7.7421386655e-01 3.1042936416e+01 8.6897726354e+00 1.6916476220e+03 1.3623450431e+02 0.0000000000e+00 9.6562192436e-04
7.7517948815e-01 3.1042867824e+01 8.6897725964e+00 1.6916477295e+03 1.3623481399e+02 0.0000000000e+00 9.6562405800e-04
7.7614511466e-01 3.1042903929e+01 8.6897732329e+00 1.6916476541e+03 1.3623464947e+02 0.0000000000e+00 9.6562293490e-04
7.7711073402e-01 3.1043004562e+01 8.6897744164e+00 1.6916474326e+03 1.3623418999e+02 0.0000000000e+00 9.6561980461e-04
7.7807635427e-01 3.1042902473e+01 8.6897754019e+00 1.6916472629e+03 1.3623462435e+02 0.0000000000e+00 9.6562298021e-04
7.7904197998e-01 3.1042957282e+01 8.6897744602e+00 1.6916475563e+03 1.3623440744e+02 0.0000000000e+00 9.6562127530e-04
7.8000759682e-01 3.1043076313e+01 8.6897686756e+00 1.6916490738e+03 1.3623400728e+02 0.0000000000e+00 9.6561757275e-04
7.8097321513e-01 3.1042991138e+01 8.6897516718e+00 1.6916534168e+03 1.3623473083e+02 0.0000000000e+00 9.6562022218e-04
7.8193883727e-01 3.1043209269e+01 8.6897085157e+00 1.6916643468e+03 1.3623465378e+02 0.0000000000e+00 9.6561343708e-04
7.8290444200e-01 3.1043615942e+01 8.6896042550e+00 1.6916906567e+03 1.3623498788e+02 0.0000000000e+00 9.6560078749e-04
7.8387003884e-01 3.1044210478e+01 8.6893596663e+00 1.6917523409e+03 1.3623734626e+02 0.0000000000e+00 9.6558229501e-04
7.8483560659e-01 3.1046081665e+01 8.6888023738e+00 1.6918930664e+03 1.3624046705e+02 0.0000000000e+00 9.6552409813e-04
7.8580108704e-01 3.1050023061e+01 8.6875727152e+00 1.6922042745e+03 1.3624823009e+02 0.0000000000e+00 9.6540153742e-04
7.8676640967e-01 3.1058131927e+01 8.6849521319e+00 1.6928693860e+03 1.3626619511e+02 0.0000000000e+00 9.6514948388e-04
7.8773138601e-01 3.1075468621e+01 8.6795699312e+00 1.6942400959e+03 1.3630044623e+02 0.0000000000e+00 9.6461103663e-04
7.8869563174e-01 3.1109554072e+01 8.6689426639e+00 1.6969580193e+03 1.3636952296e+02 0.0000000000e+00 9.6355415223e-04
7.8965849431e-01 3.1174328911e+01 8.6488365288e+00 1.7021281243e+03 1.3650078316e+02 0.0000000000e+00 9.6155205412e-04
7.9061873585e-01 3.1292581198e+01 8.6125835252e+00 1.7115212638e+03 1.3673538569e+02 0.0000000000e+00 9.5791842196e-04
7.9157433116e-01 3.1496027879e+01 8.5508176793e+00 1.7277035876e+03 1.3713662516e+02 0.0000000000e+00 9.5173080604e-04
7.9252219746e-01 3.1824508011e+01 8.4527214025e+00 1.7538347467e+03 1.3777390887e+02 0.0000000000e+00 9.4190741267e-04
7.9345814598e-01 3.2312662918e+01 8.3104675246e+00 1.7926692606e+03 1.3869711583e+02 0.0000000000e+00 9.2767779851e-04
7.9437755306e-01 3.2961867501e+01 8.1276944163e+00 1.8443123278e+03 1.3988226909e+02 0.0000000000e+00 9.0940660443e-04
7.9527695919e-01 3.3705156781e+01 7.9284267166e+00 1.9031991837e+03 1.4116528192e+02 0.0000000000e+00 8.8935174503e-04
7.9615625655e-01 3.4391099735e+01 7.7565072321e+00 1.9568751263e+03 1.4225156664e+02 0.0000000000e+00 8.7161330201e-04
7.9702018579e-01 3.4831619798e+01 7.6581405134e+00 1.9901683052e+03 1.4284207257e+02 0.0000000000e+00 8.6058989430e-04
7.9787743634e-01 3.4896956523e+01 7.6554624334e+00 1.9929800527e+03 1.4277606497e+02 0.0000000000e+00 8.5897863272e-04
7.9873814306e-01 3.4559279009e+01 7.7518212847e+00 1.9639137230e+03 1.4206848199e+02 0.0000000000e+00 8.6737168307e-04
7.9961217970e-01 3.3914882433e+01 7.9243917292e+00 1.9117470519e+03 1.4092242953e+02 0.0000000000e+00 8.8385209824e-04
8.0050584726e-01 3.3151559044e+01 8.1267904232e+00 1.8516793461e+03 1.3963742578e+02 0.0000000000e+00 9.0420302589e-04
8.0142058575e-01 3.2428408586e+01 8.3182507671e+00 1.7960392261e+03 1.3846186912e+02 0.0000000000e+00 9.2436666822e-04
8.0235458059e-01 3.1841465681e+01 8.4746860133e+00 1.7515307251e+03 1.3751963734e+02 0.0000000000e+00 9.4140578516e-04
8.0330339732e-01 3.1420324387e+01 8.5858660249e+00 1.7203342004e+03 1.3688068424e+02 0.0000000000e+00 9.5402388691e-04
8.0426262837e-01 3.1170194757e+01 8.6517089566e+00 1.7019277149e+03 1.3650281368e+02 0.0000000000e+00 9.6167958634e-04
8.0522675650e-01 3.1050383141e+01 8.6803795493e+00 1.6938357535e+03 1.3637800746e+02 0.0000000000e+00 9.6539034200e-04
8.0619340905e-01 3.1029419698e+01 8.6863170848e+00 1.6922037802e+03 1.3633865833e+02 0.0000000000e+00 9.6604255871e-04
8.0715884161e-01 3.1020255342e+01 8.6844110222e+00 1.6925264628e+03 1.3640494284e+02 0.0000000000e+00 9.6632795794e-04
8.0812606497e-01 3.1036290707e+01 8.6856920051e+00 1.6923080582e+03 1.3631687451e+02 0.0000000000e+00 9.6582869013e-04
8.0909049900e-01 3.0981053902e+01 8.6916256723e+00 1.6908731859e+03 1.3644413060e+02 0.0000000000e+00 9.6755068742e-04
8.1006116634e-01 3.1012514060e+01 8.6970090794e+00 1.6890631861e+03 1.3615980817e+02 0.0000000000e+00 9.6656917081e-04
8.1102363734e-01 3.0906043835e+01 8.7000905304e+00 1.6882802765e+03 1.3656554406e+02 0.0000000000e+00 9.6989896734e-04
8.1200096427e-01 3.1030934461e+01 8.7008252904e+00 1.6883581145e+03 1.3602217786e+02 0.0000000000e+00 9.6599540171e-04
8.1295562814e-01 3.0849109039e+01 8.7002458949e+00 1.6881904018e+03 1.3681030461e+02 0.0000000000e+00 9.7168900283e-04
8.1394434228e-01 3.1072247623e+01 8.7003214380e+00 1.6879839942e+03 1.3581122411e+02 0.0000000000e+00 9.6471102972e-04
8.1488505020e-01 3.0707821591e+01 8.7016183290e+00 1.6880015055e+03 1.3742439369e+02 0.0000000000e+00 9.7615976801e-04
8.1589666182e-01 3.1312078149e+01 8.7019266710e+00 1.6879552343e+03 1.3476870062e+02 0.0000000000e+00 9.5732195919e-04
8.1679969412e-01 2.9906711071e+01 8.7013630190e+00 1.6876863956e+03 1.4107923733e+02 0.0000000000e+00 1.0023081418e-03
8.1790127810e-01 3.0909760369e+01 8.7013441771e+00 1.6876755793e+03 1.3650021540e+02 0.0000000000e+00 9.6978234844e-04
8.1873925881e-01 3.5771396013e+01 8.7017220352e+00 1.6877066765e+03 1.1795085352e+02 0.0000000000e+00 8.3798071479e-04
