# x  rho  v  p  e  w  vol
3.7393781081e-01 2.7393112688e+00 -8.3390064483e+00 1.9119984230e+02 1.7449627255e+02 0.0000000000e+00 1.0942801697e-02
3.8488061250e-01 3.3100006007e+00 -7.5615587740e+00 2.2512195413e+02 1.7003165655e+02 0.0000000000e+00 9.0561131602e-03
3.9205003713e-01 3.4608853427e+00 -7.3438350673e+00 2.2331679494e+02 1.6131478858e+02 0.0000000000e+00 8.6612924243e-03
4.0220319735e-01 3.6049024305e+00 -6.6160846686e+00 2.5750413321e+02 1.7857912813e+02 0.0000000000e+00 8.3152708229e-03
4.0868057877e-01 3.8034375621e+00 -6.4492610811e+00 2.5412587953e+02 1.6703697338e+02 0.0000000000e+00 7.8812231069e-03
4.1796564357e-01 3.9240062270e+00 -5.8005693234e+00 2.8882799374e+02 1.8401346547e+02 0.0000000000e+00 7.6390653495e-03
4.2395870947e-01 4.1089709060e+00 -5.6709010261e+00 2.8401898392e+02 1.7280420720e+02 0.0000000000e+00 7.2951940245e-03
4.3255603162e-01 4.2214242443e+00 -5.0760629853e+00 3.1886832856e+02 1.8883930524e+02 0.0000000000e+00 7.1008593938e-03
4.3816042826e-01 4.3958230252e+00 -4.9812045192e+00 3.1321458137e+02 1.7813193319e+02 0.0000000000e+00 6.8191416779e-03
4.4619431497e-01 4.5081286651e+00 -4.4224519541e+00 3.4850465462e+02 1.9326458965e+02 0.0000000000e+00 6.6492645234e-03
4.5145895731e-01 4.6672336637e+00 -4.3437618491e+00 3.4171346084e+02 1.8303854353e+02 0.0000000000e+00 6.4225925163e-03
4.5903950000e-01 4.7894162902e+00 -3.8258594882e+00 3.7825539534e+02 1.9744336910e+02 0.0000000000e+00 6.2587459898e-03
4.6397644929e-01 4.9311583753e+00 -3.7555273289e+00 3.7004436597e+02 1.8760519223e+02 0.0000000000e+00 6.0788434925e-03
4.7119718699e-01 5.0575349120e+00 -3.2624145689e+00 4.0733593739e+02 2.0135102598e+02 0.0000000000e+00 5.9269467283e-03
4.7583034274e-01 5.1958697504e+00 -3.2178826419e+00 3.9899827753e+02 1.9197857948e+02 0.0000000000e+00 5.7691476961e-03
4.8273548238e-01 5.3162793811e+00 -2.7224876895e+00 4.3608653402e+02 2.0507130211e+02 0.0000000000e+00 5.6384809471e-03
4.8710730464e-01 5.4603454879e+00 -2.7075164833e+00 4.2822858754e+02 1.9606295448e+02 0.0000000000e+00 5.4897149029e-03
4.9371491219e-01 5.5746273782e+00 -2.2188134108e+00 4.6558671072e+02 2.0879723394e+02 0.0000000000e+00 5.3771737493e-03
4.9786165214e-01 5.7171760817e+00 -2.2043664523e+00 4.5687568412e+02 1.9978205918e+02 0.0000000000e+00 5.2431024638e-03
5.0420111712e-01 5.8351899797e+00 -1.7542671466e+00 4.9614138258e+02 2.1256436565e+02 0.0000000000e+00 5.1370632498e-03
5.0813577864e-01 5.9674893699e+00 -1.7163435016e+00 4.8521230338e+02 2.0327321647e+02 0.0000000000e+00 5.0231744277e-03
5.1424746597e-01 6.0914970555e+00 -1.3108741361e+00 5.2677682778e+02 2.1619350013e+02 0.0000000000e+00 4.9209151259e-03
5.1797760889e-01 6.2169019441e+00 -1.2636156767e+00 5.1409647408e+02 2.0673338533e+02 0.0000000000e+00 4.8216523711e-03
5.2389077071e-01 6.3372838089e+00 -8.7181440010e-01 5.5647606872e+02 2.1952467551e+02 0.0000000000e+00 4.7300611593e-03
5.2743773121e-01 6.4746070328e+00 -8.4631481523e-01 5.4475295074e+02 2.1034209025e+02 0.0000000000e+00 4.6297388935e-03
5.3315024850e-01 6.5713827603e+00 -4.4009229881e-01 5.8482638737e+02 2.2248985058e+02 0.0000000000e+00 4.5615574520e-03
5.3656084611e-01 6.7282211315e+00 -4.4208815230e-01 5.7500693016e+02 2.1365488698e+02 0.0000000000e+00 4.4552251500e-03
5.4206069880e-01 6.8182910075e+00 -2.5220614940e-02 6.1562674055e+02 2.2572618999e+02 0.0000000000e+00 4.3963714613e-03
5.4535358903e-01 6.9836154843e+00 -2.8312551252e-02 6.0598341028e+02 2.1693040361e+02 0.0000000000e+00 4.2922953114e-03
5.5064528942e-01 7.0741699712e+00 3.8197173157e-01 6.4802483369e+02 2.2901090740e+02 0.0000000000e+00 4.2373508301e-03
5.5382829069e-01 7.2349461005e+00 3.7734369300e-01 6.3681830294e+02 2.2004942887e+02 0.0000000000e+00 4.1431877423e-03
5.5893166491e-01 7.3297085665e+00 7.5860371549e-01 6.8094137896e+02 2.3225390641e+02 0.0000000000e+00 4.0896223537e-03
5.6200753540e-01 7.4715822300e+00 7.7044046262e-01 6.6618612883e+02 2.2290664424e+02 0.0000000000e+00 4.0119668200e-03
5.6695559855e-01 7.5778562190e+00 1.1033700812e+00 7.1348687081e+02 2.3538546067e+02 0.0000000000e+00 3.9557018679e-03
5.6991893914e-01 7.6949951002e+00 1.1339159274e+00 6.9423634628e+02 2.2554801440e+02 0.0000000000e+00 3.8954852615e-03
5.7474656907e-01 7.8103849121e+00 1.4249687765e+00 7.4444206488e+02 2.3828597222e+02 0.0000000000e+00 3.8379337686e-03
5.7759480667e-01 7.9200856141e+00 1.4657075837e+00 7.2315372574e+02 2.2826575399e+02 0.0000000000e+00 3.7847747437e-03
5.8231611856e-01 8.0207965957e+00 1.7571966041e+00 7.7244441160e+02 2.4076299729e+02 0.0000000000e+00 3.7372522345e-03
5.8506931114e-01 8.1503548516e+00 1.7607457794e+00 7.5312631509e+02 2.3101028385e+02 0.0000000000e+00 3.6778447744e-03
5.8967180811e-01 8.2306702474e+00 2.0740775602e+00 8.0075131579e+02 2.4322178259e+02 0.0000000000e+00 3.6419561347e-03
5.9235322341e-01 8.3749271108e+00 2.0709197442e+00 7.8234940676e+02 2.3353916888e+02 0.0000000000e+00 3.5792239865e-03
5.9683025608e-01 8.4555645453e+00 2.3958024391e+00 8.3169778734e+02 2.4590250092e+02 0.0000000000e+00 3.5450903177e-03
5.9944340405e-01 8.6168025040e+00 2.3923252326e+00 8.1417997243e+02 2.3621870527e+02 0.0000000000e+00 3.4787544436e-03
6.0378776497e-01 8.6990716811e+00 2.7317888532e+00 8.6558016545e+02 2.4875647574e+02 0.0000000000e+00 3.4458550405e-03
6.0633511413e-01 8.8661317833e+00 2.7280799929e+00 8.4719331450e+02 2.3888470621e+02 0.0000000000e+00 3.3809265114e-03
6.1054961799e-01 8.9492683496e+00 3.0632606859e+00 9.0087836814e+02 2.5166257535e+02 0.0000000000e+00 3.3495185114e-03
6.1303415115e-01 9.1246107881e+00 3.0590910796e+00 8.8170218874e+02 2.4157254737e+02 0.0000000000e+00 3.2851527255e-03
6.1711992344e-01 9.2099499587e+00 3.4083761407e+00 9.3802003569e+02 2.5462137142e+02 0.0000000000e+00 3.2547125809e-03
6.1954357631e-01 9.3958891584e+00 3.4039610227e+00 9.1825088273e+02 2.4432250829e+02 0.0000000000e+00 3.1903037056e-03
6.2350053085e-01 9.4846311221e+00 3.7511717430e+00 9.7750841964e+02 2.5765588747e+02 0.0000000000e+00 3.1604539612e-03
6.2586448424e-01 9.6626420744e+00 3.7441081135e+00 9.5449542186e+02 2.4695508084e+02 0.0000000000e+00 3.1022301943e-03
6.2970499124e-01 9.7633837461e+00 4.0680827557e+00 1.0179879034e+03 2.6066472696e+02 0.0000000000e+00 3.0702204051e-03
6.3200492505e-01 9.9242305432e+00 4.0908566640e+00 9.9017224340e+02 2.4943300115e+02 0.0000000000e+00 3.0204598603e-03
6.3574591096e-01 1.0042879279e+01 4.3962861623e+00 1.0589320752e+03 2.6360270938e+02 0.0000000000e+00 2.9847754978e-03
6.3797447604e-01 1.0212504548e+01 4.4043249662e+00 1.0306931340e+03 2.5231154836e+02 0.0000000000e+00 2.9351996721e-03
6.4161631031e-01 1.0305825911e+01 4.7285983062e+00 1.0970129284e+03 2.6611475342e+02 0.0000000000e+00 2.9086208383e-03
6.4379171772e-01 1.0489186676e+01 4.7242038908e+00 1.0697962150e+03 2.5497596909e+02 0.0000000000e+00 2.8577754336e-03
6.4733186117e-01 1.0590236098e+01 5.0449287008e+00 1.1392141060e+03 2.6893029001e+02 0.0000000000e+00 2.8305072449e-03
6.4945273221e-01 1.0760530059e+01 5.0396820860e+00 1.1083486965e+03 2.5750327596e+02 0.0000000000e+00 2.7857122126e-03
6.5290328560e-01 1.0873372795e+01 5.3566954726e+00 1.1818292212e+03 2.7172553621e+02 0.0000000000e+00 2.7568023801e-03
6.5496633697e-01 1.1029275040e+01 5.3512438209e+00 1.1468852103e+03 2.5996387028e+02 0.0000000000e+00 2.7178341179e-03
6.5833895383e-01 1.1152992617e+01 5.6443338086e+00 1.2247531078e+03 2.7453463611e+02 0.0000000000e+00 2.6876858105e-03
6.6034170859e-01 1.1279275876e+01 5.6389745641e+00 1.1831622136e+03 2.6224250268e+02 0.0000000000e+00 2.6575943643e-03
6.6365414256e-01 1.1411108082e+01 5.9288905790e+00 1.2654372613e+03 2.7723803251e+02 0.0000000000e+00 2.6268912524e-03
6.6559549109e-01 1.1545357088e+01 5.9236380985e+00 1.2224211456e+03 2.6469972656e+02 0.0000000000e+00 2.5963458534e-03
6.6884683427e-01 1.1683399226e+01 6.2123445341e+00 1.3091380695e+03 2.8012782159e+02 0.0000000000e+00 2.5656694102e-03
6.7072682991e-01 1.1797894828e+01 6.2077613335e+00 1.2606402946e+03 2.6713246578e+02 0.0000000000e+00 2.5407702337e-03
6.7392837474e-01 1.1938820644e+01 6.4844313053e+00 1.3513492923e+03 2.8297378205e+02 0.0000000000e+00 2.5107789868e-03
6.7574838789e-01 1.2054094046e+01 6.4808140010e+00 1.3005601705e+03 2.6973411804e+02 0.0000000000e+00 2.4867683864e-03
6.7890191151e-01 1.2188577854e+01 6.7506665064e+00 1.3945208069e+03 2.8603025382e+02 0.0000000000e+00 2.4593303960e-03
6.8066704868e-01 1.2291627879e+01 6.7480238887e+00 1.3384134712e+03 2.7222054809e+02 0.0000000000e+00 2.4387119669e-03
6.8377933544e-01 1.2406548706e+01 7.0055189621e+00 1.4348835618e+03 2.8913834052e+02 0.0000000000e+00 2.4161223810e-03
6.8549929344e-01 1.2528876131e+01 7.0003802905e+00 1.3763850026e+03 2.7464255137e+02 0.0000000000e+00 2.3925322341e-03
6.8856439991e-01 1.2616487889e+01 7.2676364157e+00 1.4772931871e+03 2.9273067120e+02 0.0000000000e+00 2.3759179468e-03
6.9025112934e-01 1.2779763513e+01 7.2830120416e+00 1.4152108871e+03 2.7684606324e+02 0.0000000000e+00 2.3455629652e-03
6.9325552584e-01 1.2852805719e+01 7.5445380855e+00 1.5184647389e+03 2.9535666611e+02 0.0000000000e+00 2.3322331836e-03
6.9491559570e-01 1.3052231698e+01 7.5510678070e+00 1.4548709205e+03 2.7866324972e+02 0.0000000000e+00 2.2965988264e-03
6.9784872349e-01 1.3116857020e+01 7.8319975583e+00 1.5558443965e+03 2.9653528931e+02 0.0000000000e+00 2.2852837348e-03
6.9948616317e-01 1.2939432698e+01 7.8339016482e+00 1.4924848767e+03 2.8835979744e+02 0.0000000000e+00 2.3166193371e-03
7.0248196217e-01 1.1391450940e+01 8.1235490614e+00 1.5919614635e+03 3.4937635951e+02 0.0000000000e+00 2.6314242285e-03
7.0474901163e-01 1.8363718721e+01 8.1691329952e+00 1.5263542328e+03 2.0779481760e+02 0.0000000000e+00 1.6323349566e-03
7.0574663208e-01 2.9733140748e+01 8.3035520536e+00 1.6244654077e+03 1.3658710170e+02 0.0000000000e+00 1.0081592205e-03
7.0676533007e-01 2.8838525852e+01 8.2973592906e+00 1.5507108085e+03 1.3443048515e+02 0.0000000000e+00 1.0394338516e-03
7.0782549978e-01 2.8406078003e+01 8.4137741588e+00 1.6585125748e+03 1.4596458676e+02 0.0000000000e+00 1.0552579626e-03
7.0887584600e-01 2.9217675473e+01 8.4119438363e+00 1.5754423827e+03 1.3480216660e+02 0.0000000000e+00 1.0259454086e-03
7.0987739060e-01 2.9675007962e+01 8.5063655935e+00 1.6861021180e+03 1.4204731808e+02 0.0000000000e+00 1.0101341856e-03
7.1089611437e-01 3.1000114317e+01 8.5052925701e+00 1.5959778389e+03 1.2870741561e+02 0.0000000000e+00 9.6695578905e-04
7.1181130218e-01 3.0742506927e+01 8.5745916462e+00 1.7083372151e+03 1.3892305686e+02 0.0000000000e+00 9.7505841248e-04
7.1284623119e-01 3.1379815207e+01 8.5768907377e+00 1.6124030763e+03 1.2845861788e+02 0.0000000000e+00 9.5525546606e-04
7.1372181311e-01 3.0483722002e+01 8.6265546939e+00 1.7242302272e+03 1.4140581546e+02 0.0000000000e+00 9.8333595870e-04
7.1481290311e-01 3.1028227410e+01 8.6303924793e+00 1.6236290635e+03 1.3081870921e+02 0.0000000000e+00 9.6607967978e-04
7.1565397247e-01 3.0489141442e+01 8.6608212060e+00 1.7362350563e+03 1.4236503344e+02 0.0000000000e+00 9.8316117091e-04
7.1677922545e-01 3.1108841739e+01 8.6664456211e+00 1.6320391055e+03 1.3115556658e+02 0.0000000000e+00 9.6357621579e-04
7.1758112490e-01 3.0793857417e+01 8.6806037891e+00 1.7440893640e+03 1.4159393385e+02 0.0000000000e+00 9.7343244772e-04
7.1872609035e-01 3.1222759249e+01 8.6906700039e+00 1.6361919808e+03 1.3100956002e+02 0.0000000000e+00 9.6006056866e-04
7.1950124604e-01 3.0990120107e+01 8.6903040649e+00 1.7469143526e+03 1.4092510343e+02 0.0000000000e+00 9.6726762904e-04
7.2066062560e-01 3.1191768035e+01 8.7002509022e+00 1.6389670597e+03 1.3136214801e+02 0.0000000000e+00 9.6101445633e-04
7.2142327495e-01 3.1072423923e+01 8.6978903939e+00 1.7466395383e+03 1.4052971395e+02 0.0000000000e+00 9.6470555609e-04
7.2259003672e-01 3.1167717324e+01 8.7011467401e+00 1.6424746576e+03 1.3174486284e+02 0.0000000000e+00 9.6175602749e-04
7.2334678701e-01 3.1113528498e+01 8.6982170018e+00 1.7444624471e+03 1.4016912668e+02 0.0000000000e+00 9.6343106830e-04
7.2451689885e-01 3.1097600490e+01 8.7014903047e+00 1.6450672115e+03 1.3225033327e+02 0.0000000000e+00 9.6392453205e-04
7.2527463607e-01 3.1162957885e+01 8.6981419605e+00 1.7408602784e+03 1.3965781785e+02 0.0000000000e+00 9.6190291405e-04
7.2644070468e-01 3.1031801957e+01 8.6996977936e+00 1.6469151568e+03 1.3267962646e+02 0.0000000000e+00 9.6596839724e-04
7.2720657287e-01 3.1198457060e+01 8.6960404305e+00 1.7374890757e+03 1.3922876637e+02 0.0000000000e+00 9.6080841250e-04
7.2836232151e-01 3.0987703541e+01 8.6961579737e+00 1.6494924871e+03 1.3307637374e+02 0.0000000000e+00 9.6734306112e-04
7.2914125899e-01 3.1194771784e+01 8.6923157297e+00 1.7337081997e+03 1.3894220895e+02 0.0000000000e+00 9.6092192012e-04
7.3028416535e-01 3.0955684264e+01 8.6939376895e+00 1.6519666473e+03 1.3341383712e+02 0.0000000000e+00 9.6834364068e-04
7.3107794627e-01 3.1185224538e+01 8.6900045567e+00 1.7296612329e+03 1.3866031579e+02 0.0000000000e+00 9.6121610294e-04
7.3220659755e-01 3.0941972878e+01 8.6943214600e+00 1.6543226586e+03 1.3366331432e+02 0.0000000000e+00 9.6877274496e-04
7.3301549176e-01 3.1184814024e+01 8.6904181222e+00 1.7265492020e+03 1.3841265821e+02 0.0000000000e+00 9.6122875630e-04
7.3412905506e-01 3.0944760031e+01 8.6917856040e+00 1.6575540668e+03 1.3391233808e+02 0.0000000000e+00 9.6868548893e-04
7.3495286274e-01 3.1174665298e+01 8.6879762987e+00 1.7234217027e+03 1.3820691307e+02 0.0000000000e+00 9.6154167859e-04
7.3605213842e-01 3.0936295012e+01 8.6918086364e+00 1.6606263317e+03 1.3419725367e+02 0.0000000000e+00 9.6895054784e-04
7.3689076383e-01 3.1167924679e+01 8.6881617250e+00 1.7199492020e+03 1.3795827118e+02 0.0000000000e+00 9.6174962909e-04
7.3797563768e-01 3.0938372249e+01 8.6919608590e+00 1.6630851211e+03 1.3438692797e+02 0.0000000000e+00 9.6888549143e-04
7.3882853482e-01 3.1153262030e+01 8.6885564560e+00 1.7172553485e+03 1.3780702538e+02 0.0000000000e+00 9.6220228789e-04
7.3990004226e-01 3.0945947499e+01 8.6908048767e+00 1.6659259985e+03 1.3458353461e+02 0.0000000000e+00 9.6864831819e-04
7.4076583145e-01 3.1143398278e+01 8.6876776048e+00 1.7150615823e+03 1.3767456966e+02 0.0000000000e+00 9.6250703704e-04
7.4182505633e-01 3.0950759134e+01 8.6907731324e+00 1.6688201644e+03 1.3479638393e+02 0.0000000000e+00 9.6849773120e-04
7.4270282692e-01 3.1129434385e+01 8.6879309099e+00 1.7123138768e+03 1.3751565927e+02 0.0000000000e+00 9.6293879386e-04
7.4375093392e-01 3.0962006262e+01 8.6916817326e+00 1.6706967120e+03 1.3489893855e+02 0.0000000000e+00 9.6814591878e-04
7.4463911875e-01 3.1112920798e+01 8.6891537231e+00 1.7104266870e+03 1.3743700713e+02 0.0000000000e+00 9.6344988613e-04
7.4567783369e-01 3.0973723761e+01 8.6899418866e+00 1.6729194210e+03 1.3502730846e+02 0.0000000000e+00 9.6777966483e-04
7.4657467808e-01 3.1105309037e+01 8.6877116903e+00 1.7087020961e+03 1.3733203021e+02 0.0000000000e+00 9.6368565135e-04
7.4760520499e-01 3.0979239202e+01 8.6900275249e+00 1.6748252165e+03 1.3515706483e+02 0.0000000000e+00 9.6760736454e-04
7.4850989281e-01 3.1094048553e+01 8.6880757524e+00 1.7069502542e+03 1.3724091374e+02 0.0000000000e+00 9.6403464311e-04
7.4953327428e-01 3.0990615408e+01 8.6914842965e+00 1.6762502363e+03 1.3522240639e+02 0.0000000000e+00 9.6725216991e-04
7.5044439715e-01 3.1077683904e+01 8.6897950534e+00 1.7055516089e+03 1.3720066899e+02 0.0000000000e+00 9.6454227710e-04
7.5146235883e-01 3.0994574287e+01 8.6899676215e+00 1.6775973199e+03 1.3531378946e+02 0.0000000000e+00 9.6712862459e-04
7.5237865440e-01 3.1078777002e+01 8.6885407780e+00 1.7046708762e+03 1.3712499660e+02 0.0000000000e+00 9.6450835239e-04
7.5339137554e-01 3.0999897374e+01 8.6902123803e+00 1.6790403123e+03 1.3540692507e+02 0.0000000000e+00 9.6696255600e-04
7.5431257951e-01 3.1069880680e+01 8.6889840657e+00 1.7033363853e+03 1.3705688178e+02 0.0000000000e+00 9.6478452261e-04
7.5532094458e-01 3.1009792590e+01 8.6903800133e+00 1.6797065565e+03 1.3541742916e+02 0.0000000000e+00 9.6665399852e-04
7.5624588751e-01 3.1056202707e+01 8.6892739121e+00 1.7023710926e+03 1.3703953995e+02 0.0000000000e+00 9.6520943924e-04
7.5725136346e-01 3.1010074051e+01 8.6900904723e+00 1.6805407927e+03 1.3548345531e+02 0.0000000000e+00 9.6664522474e-04
7.5817917796e-01 3.1065994438e+01 8.6891778762e+00 1.7022480197e+03 1.3698644213e+02 0.0000000000e+00 9.6490521363e-04
7.5918117389e-01 3.1017185830e+01 8.6900585029e+00 1.6818408192e+03 1.3555717372e+02 0.0000000000e+00 9.6642358736e-04
7.6011202513e-01 3.1057015518e+01 8.6892853479e+00 1.7011259152e+03 1.3693572022e+02 0.0000000000e+00 9.6518417819e-04
7.6111154225e-01 3.1019075803e+01 8.6903565450e+00 1.6819163942e+03 1.3555500532e+02 0.0000000000e+00 9.6636470379e-04
7.6204475454e-01 3.1048780189e+01 8.6896586164e+00 1.7005373175e+03 1.3692464786e+02 0.0000000000e+00 9.6544018213e-04
7.6304242261e-01 3.1016927489e+01 8.6897463623e+00 1.6824676290e+03 1.3560882437e+02 0.0000000000e+00 9.6643163675e-04
7.6397761781e-01 3.1056831970e+01 8.6891022356e+00 1.7002711569e+03 1.3686772355e+02 0.0000000000e+00 9.6518988251e-04
7.6497280237e-01 3.1023519770e+01 8.6892728480e+00 1.6832447203e+03 1.3564262959e+02 0.0000000000e+00 9.6622627679e-04
7.6591007037e-01 3.1053157809e+01 8.6887402513e+00 1.6998329275e+03 1.3684863694e+02 0.0000000000e+00 9.6530408226e-04
7.6690341054e-01 3.1029751163e+01 8.6912351520e+00 1.6836784602e+03 1.3565033533e+02 0.0000000000e+00 9.6603223928e-04
7.6784213485e-01 3.1048216683e+01 8.6904788815e+00 1.6992841052e+03 1.3682622439e+02 0.0000000000e+00 9.6545770425e-04
7.6883432595e-01 3.1024017457e+01 8.6897136331e+00 1.6838673731e+03 1.3569062868e+02 0.0000000000e+00 9.6621077657e-04
7.6977455640e-01 3.1054298483e+01 8.6889180892e+00 1.6989667548e+03 1.3677387977e+02 0.0000000000e+00 9.6526862511e-04
7.7076486320e-01 3.1026089495e+01 8.6894156506e+00 1.6843440540e+03 1.3571997644e+02 0.0000000000e+00 9.6614624944e-04
7.7170684890e-01 3.1051663496e+01 8.6889348931e+00 1.6986522169e+03 1.3676016240e+02 0.0000000000e+00 9.6535053602e-04
7.7269556427e-01 3.1030900436e+01 8.6905414869e+00 1.6848160001e+03 1.3573695707e+02 0.0000000000e+00 9.6599646091e-04
7.7363884182e-01 3.1047563923e+01 8.6900911059e+00 1.6980137763e+03 1.3672681216e+02 0.0000000000e+00 9.6547800252e-04
7.7462652027e-01 3.1024960368e+01 8.6900413397e+00 1.6849106144e+03 1.3577056944e+02 0.0000000000e+00 9.6618141151e-04
7.7557120464e-01 3.1057022620e+01 8.6895960377e+00 1.6980943302e+03 1.3669165514e+02 0.0000000000e+00 9.6518395748e-04
7.7655688819e-01 3.1032681144e+01 8.6897866031e+00 1.6856364453e+03 1.3579526350e+02 0.0000000000e+00 9.6594103039e-04
7.7750308670e-01 3.1052781000e+01 8.6893147804e+00 1.6976140342e+03 1.3667165867e+02 0.0000000000e+00 9.6531579572e-04
7.7848751978e-01 3.1032415029e+01 8.6899039577e+00 1.6858430527e+03 1.3581307248e+02 0.0000000000e+00 9.6594931370e-04
7.7943498533e-01 3.1049569299e+01 8.6894648708e+00 1.6968895377e+03 1.3662746183e+02 0.0000000000e+00 9.6541564590e-04
7.8041835107e-01 3.1027241330e+01 8.6898679046e+00 1.6858379088e+03 1.3583530444e+02 0.0000000000e+00 9.6611038285e-04
7.8136720610e-01 3.1055899929e+01 8.6894271353e+00 1.6969898989e+03 1.3660768990e+02 0.0000000000e+00 9.6521884950e-04
7.8234878877e-01 3.1035121114e+01 8.6895307400e+00 1.6866465199e+03 1.3586595278e+02 0.0000000000e+00 9.6586508847e-04
7.8329893627e-01 3.1056233923e+01 8.6890475347e+00 1.6969311574e+03 1.3660149212e+02 0.0000000000e+00 9.6520846907e-04
7.8427920571e-01 3.1038970022e+01 8.6888988065e+00 1.6872850139e+03 1.3590053187e+02 0.0000000000e+00 9.6574531882e-04
7.8523042691e-01 3.1062172612e+01 8.6874927236e+00 1.6968833766e+03 1.3657153009e+02 0.0000000000e+00 9.6502393359e-04
7.8620925358e-01 3.1048214552e+01 8.6850278167e+00 1.6881745127e+03 1.3593169020e+02 0.0000000000e+00 9.6545777051e-04
7.8716134245e-01 3.1081292729e+01 8.6807612395e+00 1.6981086869e+03 1.3658607299e+02 0.0000000000e+00 9.6443028484e-04
7.8813811415e-01 3.1084516336e+01 8.6748980183e+00 1.6910012455e+03 1.3600028606e+02 0.0000000000e+00 9.6433026899e-04
7.8909000299e-01 3.1132693539e+01 8.6657328628e+00 1.7018302773e+03 1.3665941522e+02 0.0000000000e+00 9.6283798773e-04
7.9006379012e-01 3.1164624132e+01 8.6528757018e+00 1.6972668253e+03 1.3615332068e+02 0.0000000000e+00 9.6185148496e-04
7.9101370596e-01 3.1241732454e+01 8.6348545987e+00 1.7099069120e+03 1.3682875258e+02 0.0000000000e+00 9.5947752079e-04
7.9198274516e-01 3.1289678706e+01 8.6162966329e+00 1.7072670050e+03 1.3640816042e+02 0.0000000000e+00 9.5800728035e-04
7.9292972052e-01 3.1350463184e+01 8.6046761223e+00 1.7182222260e+03 1.3701729189e+02 0.0000000000e+00 9.5614982861e-04
7.9389504482e-01 3.1363960719e+01 8.6022454643e+00 1.7131770975e+03 1.3655618250e+02 0.0000000000e+00 9.5573834785e-04
7.9484119722e-01 3.1269134655e+01 8.6002912142e+00 1.7125685857e+03 1.3692164851e+02 0.0000000000e+00 9.5863669817e-04
7.9581231822e-01 3.1183699369e+01 8.6919476437e+00 1.6987107583e+03 1.3618579519e+02 0.0000000000e+00 9.6126311522e-04
7.9676372345e-01 3.0487491354e+01 8.7497333281e+00 1.6536330941e+03 1.3559930816e+02 0.0000000000e+00 9.8321438297e-04
7.9777874698e-01 3.0337382509e+01 9.0700584176e+00 1.6337284819e+03 1.3462998014e+02 0.0000000000e+00 9.8807931077e-04
7.9873988207e-01 2.8901703556e+01 9.0627722984e+00 1.5334500029e+03 1.3264356544e+02 0.0000000000e+00 1.0371617002e-03
7.9985307038e-01 2.8875210235e+01 9.5938297413e+00 1.5256629306e+03 1.3209106688e+02 0.0000000000e+00 1.0381133074e-03
8.0081610868e-01 2.6991574150e+01 9.5937284208e+00 1.3934620252e+03 1.2906453857e+02 0.0000000000e+00 1.1105591631e-03
8.0207418871e-01 2.6948195650e+01 1.0222029710e+01 1.3851098028e+03 1.2849745311e+02 0.0000000000e+00 1.1123468298e-03
8.0304080234e-01 2.4967776308e+01 1.0220696328e+01 1.2492284506e+03 1.2508407189e+02 0.0000000000e+00 1.2005770810e-03
8.0447534287e-01 2.4922375924e+01 1.0902568366e+01 1.2418211439e+03 1.2456889621e+02 0.0000000000e+00 1.2027641382e-03
8.0544633062e-01 2.2931311687e+01 1.0901086292e+01 1.1088454689e+03 1.2088770629e+02 0.0000000000e+00 1.3071969196e-03
8.0708973671e-01 2.2884401932e+01 1.1635867210e+01 1.1023132800e+03 1.2042190170e+02 0.0000000000e+00 1.3098764866e-03
8.0806608359e-01 2.0874016746e+01 1.1634071618e+01 9.7192571134e+02 1.1640377163e+02 0.0000000000e+00 1.4360312328e-03
8.0996179918e-01 2.0827020028e+01 1.2441621744e+01 9.6636174707e+02 1.1599856170e+02 0.0000000000e+00 1.4392716750e-03
8.1094462694e-01 1.8757003815e+01 1.2439189660e+01 8.3650918636e+02 1.1149291148e+02 0.0000000000e+00 1.5981091807e-03
8.1315801754e-01 1.8710272327e+01 1.3350107229e+01 8.3210758432e+02 1.1118325402e+02 0.0000000000e+00 1.6021006791e-03
8.1414882830e-01 1.6558991601e+01 1.3346567564e+01 7.0219061714e+02 1.0601349316e+02 0.0000000000e+00 1.8102394591e-03
8.1677849646e-01 1.6513177402e+01 1.4386266278e+01 6.9925495024e+02 1.0586317418e+02 0.0000000000e+00 1.8152617918e-03
8.1777935189e-01 1.4326132330e+01 1.4381149346e+01 5.7268721313e+02 9.9937512783e+01 0.0000000000e+00 2.0923819012e-03
8.2096326026e-01 1.4277922303e+01 1.5536411722e+01 5.7152871331e+02 1.0007210804e+02 0.0000000000e+00 2.0994469198e-03
8.2197824572e-01 1.2211848684e+01 1.5530784290e+01 4.5688218993e+02 9.3532560414e+01 0.0000000000e+00 2.4546439098e-03
8.2587254808e-01 1.2155911830e+01 1.6686596636e+01 4.5748557697e+02 9.4087054794e+01 0.0000000000e+00 2.4659392417e-03
8.2691012421e-01 1.0560845245e+01 1.6712112878e+01 3.7237821728e+02 8.8150666124e+01 0.0000000000e+00 2.8383845520e-03
8.3154931718e-01 1.0327474650e+01 1.7511652681e+01 3.6625893651e+02 8.8661301263e+01 0.0000000000e+00 2.9025237064e-03
8.3271517162e-01 9.5196318560e+00 1.7788551544e+01 3.2033424451e+02 8.4124640887e+01 0.0000000000e+00 3.1488339521e-03
8.3784698509e-01 8.0414592289e+00 1.8332405913e+01 3.0863593375e+02 9.5951470052e+01 0.0000000000e+00 3.7276493167e-03
8.4017047025e-01 1.2901197056e+01 1.8571277895e+01 2.6523191076e+02 5.1396763728e+01 0.0000000000e+00 2.3234851673e-03
