# x  rho  v  p  e  w  vol
9.3395623499e-02 4.4487160790e-01 6.9843020343e-01 3.5267999329e+00 1.9819201036e+01 0.0000000000e+00 5.3105209639e-03
9.8706144463e-02 4.4483708673e-01 6.9897391473e-01 3.5261678605e+00 1.9817186818e+01 0.0000000000e+00 5.3109330820e-03
1.0401748966e-01 4.4474391625e-01 6.9976306338e-01 3.5251542376e+00 1.9815640579e+01 0.0000000000e+00 5.3120456822e-03
1.0933023583e-01 4.4459272537e-01 7.0096293545e-01 3.5234817936e+00 1.9812974845e+01 0.0000000000e+00 5.3138521285e-03
1.1464519392e-01 4.4435849182e-01 7.0275979092e-01 3.5208839849e+00 1.9808803307e+01 0.0000000000e+00 5.3166532056e-03
1.1996354224e-01 4.4400789358e-01 7.0541165536e-01 3.5169953762e+00 1.9802549837e+01 0.0000000000e+00 5.3208513500e-03
1.2528689662e-01 4.4350149724e-01 7.0922319667e-01 3.5113812411e+00 1.9793514018e+01 0.0000000000e+00 5.3269267741e-03
1.3061739579e-01 4.4279421376e-01 7.1454135513e-01 3.5035449285e+00 1.9780887033e+01 0.0000000000e+00 5.3354355739e-03
1.3595776777e-01 4.4183880882e-01 7.2173046191e-01 3.4929682108e+00 1.9763815113e+01 0.0000000000e+00 5.3469725901e-03
1.4131134097e-01 4.4059076517e-01 7.3113776020e-01 3.4791663192e+00 1.9741484583e+01 0.0000000000e+00 5.3621187432e-03
1.4668200525e-01 4.3901369847e-01 7.4305451207e-01 3.4617487851e+00 1.9713216223e+01 0.0000000000e+00 5.3813810554e-03
1.5207410308e-01 4.3708449969e-01 7.5767829413e-01 3.4404766780e+00 1.9678555751e+01 0.0000000000e+00 5.4051333362e-03
1.5749227193e-01 4.3479651781e-01 7.7508876583e-01 3.4152973129e+00 1.9637331332e+01 0.0000000000e+00 5.4335761747e-03
1.6294125543e-01 4.3216016149e-01 7.9524150342e-01 3.3863495488e+00 1.9589667504e+01 0.0000000000e+00 5.4667232441e-03
1.6842571841e-01 4.2920060910e-01 8.1798266135e-01 3.3539365296e+00 1.9535949265e+01 0.0000000000e+00 5.5044190290e-03
1.7395009349e-01 4.2595344900e-01 8.4307901135e-01 3.3184754779e+00 1.9476749664e+01 0.0000000000e+00 5.5463807266e-03
1.7951847987e-01 4.2245941341e-01 8.7025538287e-01 3.2804379118e+00 1.9412740062e+01 0.0000000000e+00 5.5922531845e-03
1.8513459985e-01 4.1875948531e-01 8.9923033345e-01 3.2402947339e+00 1.9344605003e+01 0.0000000000e+00 5.6416632527e-03
1.9080180637e-01 4.1489121523e-01 9.2974379914e-01 3.1984754573e+00 1.9272976506e+01 0.0000000000e+00 5.6942637330e-03
1.9652312732e-01 4.1088656520e-01 9.6157405149e-01 3.1553448754e+00 1.9198394050e+01 0.0000000000e+00 5.7497621000e-03
2.0230133057e-01 4.0677112717e-01 9.9454471216e-01 3.1111952060e+00 1.9121288350e+01 0.0000000000e+00 5.8079343449e-03
2.0813899601e-01 4.0256432525e-01 1.0285244208e+00 3.0662491561e+00 1.9041982634e+01 0.0000000000e+00 5.8686273269e-03
2.1403858523e-01 3.9828017006e-01 1.0634221957e+00 3.0206689883e+00 1.8960704144e+01 0.0000000000e+00 5.9317540205e-03
2.2000250405e-01 3.9392825020e-01 1.0991809672e+00 2.9745679439e+00 1.8877599807e+01 0.0000000000e+00 5.9972850355e-03
2.2603315530e-01 3.8951440560e-01 1.1357695270e+00 2.9280200908e+00 1.8792758680e+01 0.0000000000e+00 6.0652442273e-03
2.3213299251e-01 3.8505351388e-01 1.1731739559e+00 2.8811464215e+00 1.8706142897e+01 0.0000000000e+00 6.1355108182e-03
2.3830417693e-01 3.8058623824e-01 1.2109575907e+00 2.8343603097e+00 1.8618384120e+01 0.0000000000e+00 6.2075287086e-03
2.4454804992e-01 3.7619010604e-01 1.2486999143e+00 2.7885312828e+00 1.8531397012e+01 0.0000000000e+00 6.2800694704e-03
2.5086431588e-01 3.7186595307e-01 1.2855778325e+00 2.7437231885e+00 1.8445646649e+01 0.0000000000e+00 6.3530957338e-03
2.5725424139e-01 3.6777117310e-01 1.3221922632e+00 2.7014144618e+00 1.8363419018e+01 0.0000000000e+00 6.4238313734e-03
2.6371197862e-01 3.6372600766e-01 1.3562836975e+00 2.6598306803e+00 1.8281829071e+01 0.0000000000e+00 6.4952737781e-03
2.7024478895e-01 3.6014812536e-01 1.3903786636e+00 2.6231347415e+00 1.8208721334e+01 0.0000000000e+00 6.5598009087e-03
2.7683158044e-01 3.5658127569e-01 1.4193080683e+00 2.5867814460e+00 1.8135987658e+01 0.0000000000e+00 6.6254179932e-03
2.8349562493e-01 3.5377230920e-01 1.4483830750e+00 2.5581499077e+00 1.8077657869e+01 0.0000000000e+00 6.6780240810e-03
2.9018762860e-01 3.5094231699e-01 1.4697564004e+00 2.5296013108e+00 1.8020064754e+01 0.0000000000e+00 6.7318755408e-03
2.9695937601e-01 3.4906888137e-01 1.4912786661e+00 2.5105845905e+00 1.7980581516e+01 0.0000000000e+00 6.7680051879e-03
3.0372363898e-01 3.4715589694e-01 1.5041288713e+00 2.4915331765e+00 1.7942466184e+01 0.0000000000e+00 6.8052999267e-03
3.1056997587e-01 3.4618350049e-01 1.5170134191e+00 2.4816818361e+00 1.7921722385e+01 0.0000000000e+00 6.8244153654e-03
3.1737246971e-01 3.4516436547e-01 1.5224761452e+00 2.4717697816e+00 1.7902845926e+01 0.0000000000e+00 6.8445651878e-03
3.2425910624e-01 3.4483796792e-01 1.5280185228e+00 2.4684109337e+00 1.7895440492e+01 0.0000000000e+00 6.8510437359e-03
3.3107455718e-01 3.4445812523e-01 1.5293811408e+00 2.4649681848e+00 1.7890187546e+01 0.0000000000e+00 6.8585985551e-03
3.3797630335e-01 3.4441642060e-01 1.5306716127e+00 2.4643599171e+00 1.7887938624e+01 0.0000000000e+00 6.8594290478e-03
3.4479341528e-01 3.4433831390e-01 1.5307624968e+00 2.4639247192e+00 1.7888836500e+01 0.0000000000e+00 6.8609849808e-03
3.5169827332e-01 3.4436571162e-01 1.5307171331e+00 2.4639267466e+00 1.7887427983e+01 0.0000000000e+00 6.8604391211e-03
3.5851429352e-01 3.4436821559e-01 1.5304605327e+00 2.4642328868e+00 1.7889520397e+01 0.0000000000e+00 6.8603892376e-03
3.6541905179e-01 3.4444379024e-01 1.5299962690e+00 2.4647523324e+00 1.7889365422e+01 0.0000000000e+00 6.8588839948e-03
3.7223206151e-01 3.4446118874e-01 1.5296118142e+00 2.4651724704e+00 1.7891511083e+01 0.0000000000e+00 6.8585375573e-03
3.7913612691e-01 3.4450856480e-01 1.5293594848e+00 2.4653978793e+00 1.7890686410e+01 0.0000000000e+00 6.8575943863e-03
3.8594725028e-01 3.4450757044e-01 1.5292452558e+00 2.4656056115e+00 1.7892245506e+01 0.0000000000e+00 6.8576141796e-03
3.9285135526e-01 3.4454323873e-01 1.5291075158e+00 2.4657419669e+00 1.7891382631e+01 0.0000000000e+00 6.8569042558e-03
3.9966105879e-01 3.4453111043e-01 1.5289712874e+00 2.4658516082e+00 1.7892808034e+01 0.0000000000e+00 6.8571456351e-03
4.0656564653e-01 3.4456752159e-01 1.5288785047e+00 2.4659726308e+00 1.7891795340e+01 0.0000000000e+00 6.8564210264e-03
4.1337390084e-01 3.4455064038e-01 1.5288128005e+00 2.4660668148e+00 1.7893355328e+01 0.0000000000e+00 6.8567569556e-03
4.2027916045e-01 3.4458299937e-01 1.5287538679e+00 2.4661116409e+00 1.7892000225e+01 0.0000000000e+00 6.8561130535e-03
4.2708612695e-01 3.4455648856e-01 1.5287273559e+00 2.4661433877e+00 1.7893607214e+01 0.0000000000e+00 6.8566405755e-03
4.3399244160e-01 3.4459004759e-01 1.5287212938e+00 2.4661642186e+00 1.7892015714e+01 0.0000000000e+00 6.8559728190e-03
4.4079807259e-01 3.4455650931e-01 1.5287149528e+00 2.4661654270e+00 1.7893766047e+01 0.0000000000e+00 6.8566401625e-03
4.4770572192e-01 3.4459210798e-01 1.5287153207e+00 2.4661653890e+00 1.7891917225e+01 0.0000000000e+00 6.8559318257e-03
4.5450993624e-01 3.4455372404e-01 1.5287200248e+00 2.4661636268e+00 1.7893897633e+01 0.0000000000e+00 6.8566955896e-03
4.6141911310e-01 3.4459387186e-01 1.5287260155e+00 2.4661619610e+00 1.7891800772e+01 0.0000000000e+00 6.8558967322e-03
4.6822172971e-01 3.4455016081e-01 1.5287283546e+00 2.4661596148e+00 1.7894053575e+01 0.0000000000e+00 6.8567664994e-03
4.7513264610e-01 3.4459581182e-01 1.5287280238e+00 2.4661572035e+00 1.7891665532e+01 0.0000000000e+00 6.8558581357e-03
4.8193344598e-01 3.4454623619e-01 1.5287300234e+00 2.4661569850e+00 1.7894238320e+01 0.0000000000e+00 6.8568446027e-03
4.8884633531e-01 3.4459862189e-01 1.5287345047e+00 2.4661553611e+00 1.7891506266e+01 0.0000000000e+00 6.8558022288e-03
4.9564505043e-01 3.4454098028e-01 1.5287420723e+00 2.4661494079e+00 1.7894456313e+01 0.0000000000e+00 6.8569492025e-03
5.0256023371e-01 3.4460074667e-01 1.5287529925e+00 2.4661386803e+00 1.7891274933e+01 0.0000000000e+00 6.8557599565e-03
5.0935657035e-01 3.4453357725e-01 1.5287596843e+00 2.4661299949e+00 1.7894699949e+01 0.0000000000e+00 6.8570965386e-03
5.1627442679e-01 3.4460430449e-01 1.5287632359e+00 2.4661287698e+00 1.7891018319e+01 0.0000000000e+00 6.8556891751e-03
5.2306794870e-01 3.4452660120e-01 1.5287623668e+00 2.4661314432e+00 1.7895072794e+01 0.0000000000e+00 6.8572353826e-03
5.2998889755e-01 3.4461107383e-01 1.5287558231e+00 2.4661388587e+00 1.7890740069e+01 0.0000000000e+00 6.8555545061e-03
5.3677905771e-01 3.4451900495e-01 1.5287503486e+00 2.4661457303e+00 1.7895571034e+01 0.0000000000e+00 6.8573865768e-03
5.4370367071e-01 3.4461918410e-01 1.5287502159e+00 2.4661486912e+00 1.7890390357e+01 0.0000000000e+00 6.8553931674e-03
5.5048984404e-01 3.4450831260e-01 1.5287529841e+00 2.4661474180e+00 1.7896138698e+01 0.0000000000e+00 6.8575994064e-03
5.5741886952e-01 3.4462705927e-01 1.5287589276e+00 2.4661432177e+00 1.7889941832e+01 0.0000000000e+00 6.8552365127e-03
5.6420031707e-01 3.4449415713e-01 1.5287612402e+00 2.4661415372e+00 1.7896831384e+01 0.0000000000e+00 6.8578811893e-03
5.7113463190e-01 3.4463853906e-01 1.5287585349e+00 2.4661464213e+00 1.7889369163e+01 0.0000000000e+00 6.8550081673e-03
5.7791033340e-01 3.4447797130e-01 1.5287454395e+00 2.4661610390e+00 1.7897813826e+01 0.0000000000e+00 6.8582034175e-03
5.8485103873e-01 3.4465732418e-01 1.5287334114e+00 2.4661758224e+00 1.7888607389e+01 0.0000000000e+00 6.8546345436e-03
5.9161960249e-01 3.4445605800e-01 1.5287316789e+00 2.4661812651e+00 1.7899099231e+01 0.0000000000e+00 6.8586397166e-03
5.9856831817e-01 3.4467906726e-01 1.5287386151e+00 2.4661754871e+00 1.7887476507e+01 0.0000000000e+00 6.8542021389e-03
6.0532800677e-01 3.4442083281e-01 1.5287634155e+00 2.4661537148e+00 1.7900729862e+01 0.0000000000e+00 6.8593411749e-03
6.1228700052e-01 3.4470403398e-01 1.5287846734e+00 2.4661324555e+00 1.7885868835e+01 0.0000000000e+00 6.8537056928e-03
6.1903541815e-01 3.4436859859e-01 1.5287897402e+00 2.4661264346e+00 1.7903247020e+01 0.0000000000e+00 6.8603816076e-03
6.2600776373e-01 3.4474242716e-01 1.5287813978e+00 2.4661375186e+00 1.7883913644e+01 0.0000000000e+00 6.8529424111e-03
6.3274130298e-01 3.4430167333e-01 1.5287533035e+00 2.4661668160e+00 1.7907020260e+01 0.0000000000e+00 6.8617151266e-03
6.3973119398e-01 3.4479429722e-01 1.5287374165e+00 2.4661886156e+00 1.7881593718e+01 0.0000000000e+00 6.8519114702e-03
6.4644512592e-01 3.4420551748e-01 1.5287395394e+00 2.4661909927e+00 1.7912198291e+01 0.0000000000e+00 6.8636319873e-03
6.5345845796e-01 3.4488568351e-01 1.5287664952e+00 2.4661661564e+00 1.7876692730e+01 0.0000000000e+00 6.8500958809e-03
6.6014531768e-01 3.4392758856e-01 1.5288082402e+00 2.4661268546e+00 1.7926206973e+01 0.0000000000e+00 6.8691785090e-03
6.6719681498e-01 3.4542022596e-01 1.5288211150e+00 2.4661098631e+00 1.7848620881e+01 0.0000000000e+00 6.8394952653e-03
6.7382430821e-01 3.4302403468e-01 1.5288068077e+00 2.4661287575e+00 1.7973439965e+01 0.0000000000e+00 6.8872724974e-03
6.8097135997e-01 3.5104611240e-01 1.5287409673e+00 2.4661959914e+00 1.7563191161e+01 0.0000000000e+00 6.7298850963e-03
6.8728407840e-01 3.3638945423e-01 1.5286911461e+00 2.4662559090e+00 1.8328873557e+01 0.0000000000e+00 7.0231095842e-03
6.9501757914e-01 3.8048622470e-01 1.5286821967e+00 2.4662684387e+00 1.6204715694e+01 0.0000000000e+00 6.2091604022e-03
6.9970239921e-01 8.1234229639e-01 1.5287148441e+00 2.4662240700e+00 7.5898549199e+00 0.0000000000e+00 2.9082567909e-03
7.0083409272e-01 1.4835617937e+00 1.5287479029e+00 2.4661376056e+00 4.1557716302e+00 0.0000000000e+00 1.5924513627e-03
7.0288730193e-01 1.2609883509e+00 1.5287781263e+00 2.4660985347e+00 4.8892175193e+00 0.0000000000e+00 1.8735303926e-03
7.0458115351e-01 1.3270308239e+00 1.5288054586e+00 2.4660381861e+00 4.6457816610e+00 0.0000000000e+00 1.7802902220e-03
7.0644788238e-01 1.2852718804e+00 1.5288245238e+00 2.4660254168e+00 4.7966999324e+00 0.0000000000e+00 1.8381324885e-03
7.0825741848e-01 1.2989002863e+00 1.5288408201e+00 2.4660387766e+00 4.7463973997e+00 0.0000000000e+00 1.8188463155e-03
7.1008557501e-01 1.2956019822e+00 1.5288468643e+00 2.4660662952e+00 4.7585337340e+00 0.0000000000e+00 1.8234766792e-03
7.1190437184e-01 1.2991870682e+00 1.5288452657e+00 2.4661002775e+00 4.7454680274e+00 0.0000000000e+00 1.8184448243e-03
7.1372246466e-01 1.3005000979e+00 1.5288304198e+00 2.4661544521e+00 4.7407809815e+00 0.0000000000e+00 1.8166088598e-03
7.1553758956e-01 1.3021328025e+00 1.5287963646e+00 2.4662323898e+00 4.7349862952e+00 0.0000000000e+00 1.8143310694e-03
7.1735112679e-01 1.3029993405e+00 1.5287609393e+00 2.4663021926e+00 4.7319712988e+00 0.0000000000e+00 1.8131244788e-03
7.1916383852e-01 1.3036745957e+00 1.5287346524e+00 2.4663382440e+00 4.7295894469e+00 0.0000000000e+00 1.8121853473e-03
7.2097549749e-01 1.3043904182e+00 1.5287177697e+00 2.4663431252e+00 4.7270033013e+00 0.0000000000e+00 1.8111908574e-03
7.2278622023e-01 1.3044185242e+00 1.5287114882e+00 2.4663252823e+00 4.7268672525e+00 0.0000000000e+00 1.8111518321e-03
7.2459780115e-01 1.3040885658e+00 1.5287142047e+00 2.4662964288e+00 4.7280079235e+00 0.0000000000e+00 1.8116100869e-03
7.2640944041e-01 1.3039383413e+00 1.5287313355e+00 2.4662447644e+00 4.7284535747e+00 0.0000000000e+00 1.8118187994e-03
7.2822143875e-01 1.3039369835e+00 1.5287695770e+00 2.4661660676e+00 4.7283076155e+00 0.0000000000e+00 1.8118206861e-03
7.3003308178e-01 1.3042251624e+00 1.5288129091e+00 2.4660879334e+00 4.7271130871e+00 0.0000000000e+00 1.8114203499e-03
7.3184427945e-01 1.3041290684e+00 1.5288457673e+00 2.4660436239e+00 4.7273764607e+00 0.0000000000e+00 1.8115538233e-03
7.3365618943e-01 1.3037698243e+00 1.5288668315e+00 2.4660339138e+00 4.7286604350e+00 0.0000000000e+00 1.8120529836e-03
7.3546838542e-01 1.3037318230e+00 1.5288763444e+00 2.4660514269e+00 4.7288318489e+00 0.0000000000e+00 1.8121058014e-03
7.3728040103e-01 1.3036717684e+00 1.5288743875e+00 2.4660837589e+00 4.7291116881e+00 0.0000000000e+00 1.8121892775e-03
7.3909276397e-01 1.3037979649e+00 1.5288572846e+00 2.4661424616e+00 4.7287665113e+00 0.0000000000e+00 1.8120138730e-03
7.4090442878e-01 1.3042770967e+00 1.5288129871e+00 2.4662417993e+00 4.7272197861e+00 0.0000000000e+00 1.8113482219e-03
7.4271546042e-01 1.3042081918e+00 1.5287644404e+00 2.4663428053e+00 4.7276631537e+00 0.0000000000e+00 1.8114439204e-03
7.4452731662e-01 1.3039448034e+00 1.5287314681e+00 2.4663998016e+00 4.7287273878e+00 0.0000000000e+00 1.8118098204e-03
7.4633908006e-01 1.3038980993e+00 1.5287143164e+00 2.4664164470e+00 4.7289286799e+00 0.0000000000e+00 1.8118747173e-03
7.4815106605e-01 1.3039826179e+00 1.5287072433e+00 2.4664009581e+00 4.7285924757e+00 0.0000000000e+00 1.8117572793e-03
7.4996259462e-01 1.3043273391e+00 1.5287110698e+00 2.4663692981e+00 4.7272820714e+00 0.0000000000e+00 1.8112784492e-03
7.5177362295e-01 1.3043085072e+00 1.5287274001e+00 2.4663144646e+00 4.7272452242e+00 0.0000000000e+00 1.8113046008e-03
7.5358520382e-01 1.3039785776e+00 1.5287610110e+00 2.4662346485e+00 4.7282882766e+00 0.0000000000e+00 1.8117628929e-03
7.5539714873e-01 1.3038991671e+00 1.5287965564e+00 2.4661575430e+00 4.7284284038e+00 0.0000000000e+00 1.8118732334e-03
7.5720895029e-01 1.3038195182e+00 1.5288286048e+00 2.4661038944e+00 4.7286143901e+00 0.0000000000e+00 1.8119839188e-03
7.5902111657e-01 1.3038984409e+00 1.5288544108e+00 2.4660729332e+00 4.7282688126e+00 0.0000000000e+00 1.8118742426e-03
7.6083269877e-01 1.3043122117e+00 1.5288748505e+00 2.4660647696e+00 4.7267532029e+00 0.0000000000e+00 1.8112994564e-03
7.6264371549e-01 1.3041805121e+00 1.5288863248e+00 2.4660820221e+00 4.7272635943e+00 0.0000000000e+00 1.8114823662e-03
7.6445566350e-01 1.3039096557e+00 1.5288866424e+00 2.4661142227e+00 4.7283073100e+00 0.0000000000e+00 1.8118586588e-03
7.6626743280e-01 1.3038478326e+00 1.5288722865e+00 2.4661707889e+00 4.7286399671e+00 0.0000000000e+00 1.8119445697e-03
7.6807955264e-01 1.3039905664e+00 1.5288300212e+00 2.4662711980e+00 4.7283148771e+00 0.0000000000e+00 1.8117462356e-03
7.6989092527e-01 1.3044484106e+00 1.5287807417e+00 2.4663821478e+00 4.7268679383e+00 0.0000000000e+00 1.8111103366e-03
7.7170177332e-01 1.3043870560e+00 1.5287452630e+00 2.4664399443e+00 4.7272010502e+00 0.0000000000e+00 1.8111955260e-03
7.7351331633e-01 1.3040629943e+00 1.5287329103e+00 2.4664668987e+00 4.7284274407e+00 0.0000000000e+00 1.8116456109e-03
7.7532506454e-01 1.3040225026e+00 1.5287271703e+00 2.4664467727e+00 4.7285356805e+00 0.0000000000e+00 1.8117018650e-03
7.7713672006e-01 1.3039828141e+00 1.5287303506e+00 2.4664192037e+00 4.7286267447e+00 0.0000000000e+00 1.8117570067e-03
7.7894857855e-01 1.3041000496e+00 1.5287516010e+00 2.4663669952e+00 4.7281015669e+00 0.0000000000e+00 1.8115941340e-03
7.8075990832e-01 1.3044172875e+00 1.5287843566e+00 2.4662998347e+00 4.7268229620e+00 0.0000000000e+00 1.8111535492e-03
7.8257088565e-01 1.3042067266e+00 1.5288185221e+00 2.4662333866e+00 4.7274587230e+00 0.0000000000e+00 1.8114459554e-03
7.8438280023e-01 1.3039447089e+00 1.5288605539e+00 2.4661638206e+00 4.7282752937e+00 0.0000000000e+00 1.8118099516e-03
7.8619450555e-01 1.3038472825e+00 1.5289100959e+00 2.4660954240e+00 4.7284974571e+00 0.0000000000e+00 1.8119453341e-03
7.8800669090e-01 1.3039198635e+00 1.5289507597e+00 2.4660576254e+00 4.7281617807e+00 0.0000000000e+00 1.8118444746e-03
7.8981819450e-01 1.3043468438e+00 1.5289640022e+00 2.4660509226e+00 4.7266011612e+00 0.0000000000e+00 1.8112513640e-03
7.9162919363e-01 1.3042722501e+00 1.5289538903e+00 2.4661046898e+00 4.7269745440e+00 0.0000000000e+00 1.8113549528e-03
7.9344090441e-01 1.3039844125e+00 1.5289093502e+00 2.4662294725e+00 4.7282571954e+00 0.0000000000e+00 1.8117547858e-03
7.9525270320e-01 1.3040114276e+00 1.5288186712e+00 2.4664206381e+00 4.7285257360e+00 0.0000000000e+00 1.8117172519e-03
7.9706433891e-01 1.3040682335e+00 1.5287479243e+00 2.4665676488e+00 4.7286015898e+00 0.0000000000e+00 1.8116383325e-03
7.9887597987e-01 1.3043005268e+00 1.5287257255e+00 2.4666502692e+00 4.7279177969e+00 0.0000000000e+00 1.8113156834e-03
8.0068697028e-01 1.3045185459e+00 1.5287217941e+00 2.4665812267e+00 4.7269953244e+00 0.0000000000e+00 1.8110129653e-03
8.0249800580e-01 1.3042704879e+00 1.5287661762e+00 2.4664937604e+00 4.7277266935e+00 0.0000000000e+00 1.8113574002e-03
8.0430968508e-01 1.3040843966e+00 1.5288475991e+00 2.4665325770e+00 4.7284757478e+00 0.0000000000e+00 1.8116158786e-03
8.0612123756e-01 1.3038635574e+00 1.5287857970e+00 2.4662360063e+00 4.7287079854e+00 0.0000000000e+00 1.8119227173e-03
8.0793353051e-01 1.3038262790e+00 1.5284746659e+00 2.4656898262e+00 4.7277959224e+00 0.0000000000e+00 1.8119745230e-03
8.0974518660e-01 1.3052712287e+00 1.5292208986e+00 2.4676859722e+00 4.7263854398e+00 0.0000000000e+00 1.8099686471e-03
8.1155346781e-01 1.3054478343e+00 1.5313557176e+00 2.4702272659e+00 4.7306127464e+00 0.0000000000e+00 1.8097237882e-03
8.1336463418e-01 1.2973019775e+00 1.5255270384e+00 2.4540200028e+00 4.7290839861e+00 0.0000000000e+00 1.8210871801e-03
8.1519564217e-01 1.2968302256e+00 1.5116179507e+00 2.4390447752e+00 4.7019353941e+00 0.0000000000e+00 1.8217496426e-03
8.1700813346e-01 1.3492629158e+00 1.5603926515e+00 2.5525153625e+00 4.7294625322e+00 0.0000000000e+00 1.7509560015e-03
8.1869755417e-01 1.3160883602e+00 1.6217474414e+00 2.5978468067e+00 4.9347879771e+00 0.0000000000e+00 1.7950922380e-03
8.2059831794e-01 8.9833311206e-01 1.1851397602e+00 1.6467326160e+00 4.5827449581e+00 0.0000000000e+00 2.6298707776e-03
8.2395729573e-01 6.0365452421e-01 3.0479196834e-01 7.6992865042e-01 3.1886145947e+00 0.0000000000e+00 3.9136623769e-03
8.2842564269e-01 5.1584399051e-01 4.2168213507e-02 5.9693599408e-01 2.8930064374e+00 0.0000000000e+00 4.5798730691e-03
8.3311704186e-01 5.0199782958e-01 5.0927672024e-03 5.7419500718e-01 2.8595492518e+00 0.0000000000e+00 4.7061956463e-03
8.3783803399e-01 5.0023710601e-01 6.0008225112e-04 5.7137900308e-01 2.8555408836e+00 0.0000000000e+00 4.7227604103e-03
8.4256256269e-01 5.0002786545e-01 7.0474433477e-05 5.7104454981e-01 2.8550636338e+00 0.0000000000e+00 4.7247366862e-03
8.4728750736e-01 5.0000327100e-01 8.2720451282e-06 5.7100522966e-01 2.8550074708e+00 0.0000000000e+00 4.7249690892e-03
8.5201250086e-01 5.0000038393e-01 9.7090150623e-07 5.7100061382e-01 2.8550008769e+00 0.0000000000e+00 4.7249963719e-03
8.5673750010e-01 5.0000004506e-01 1.1395871574e-07 5.7100007205e-01 2.8550001029e+00 0.0000000000e+00 4.7249995742e-03
8.6146250001e-01 5.0000000529e-01 1.3376205817e-08 5.7100000846e-01 2.8550000121e+00 0.0000000000e+00 4.7249999500e-03
8.6618750000e-01 5.0000000062e-01 1.5700807898e-09 5.7100000099e-01 2.8550000014e+00 0.0000000000e+00 4.7249999941e-03
8.7091250000e-01 5.0000000007e-01 1.8428545324e-10 5.7100000012e-01 2.8550000002e+00 0.0000000000e+00 4.7249999993e-03
8.7563750000e-01 5.0000000001e-01 2.1631463480e-11 5.7100000001e-01 2.8550000000e+00 0.0000000000e+00 4.7249999999e-03
8.8036250000e-01 5.0000000000e-01 2.5371493924e-12 5.7100000000e-01 2.8550000000e+00 0.0000000000e+00 4.7250000000e-03
8.8508750000e-01 5.0000000000e-01 2.8970866451e-13 5.7100000000e-01 2.8550000000e+00 0.0000000000e+00 4.7250000000e-03
8.8981250000e-01 5.0000000000e-01 2.7406028138e-14 5.7100000000e-01 2.8550000000e+00 0.0000000000e+00 4.7250000000e-03
8.9453750000e-01 5.0000000000e-01 -8.1213798069e-16 5.7100000000e-01 2.8550000000e+00 0.0000000000e+00 4.7250000000e-03
8.9926250000e-01 5.0000000000e-01 -2.1640398523e-15 5.7100000000e-01 2.8550000000e+00 0.0000000000e+00 4.7250000000e-03
9.0398750000e-01 5.0000000000e-01 9.9461505798e-16 5.7100000000e-01 2.8550000000e+00 0.0000000000e+00 4.7250000000e-03
9.0871250000e-01 5.0000000000e-01 7.1586464435e-16 5.7100000000e-01 2.8550000000e+00 0.0000000000e+00 4.7250000000e-03
9.1343750000e-01 5.0000000000e-01 -9.5618105449e-16 5.7100000000e-01 2.8550000000e+00 0.0000000000e+00 4.7250000000e-03
9.1816250000e-01 5.0000000000e-01 -3.0317870635e-15 5.7100000000e-01 2.8550000000e+00 0.0000000000e+00 4.7250000000e-03
9.2288750000e-01 5.0000000000e-01 -4.1168667156e-15 5.7100000000e-01 2.8550000000e+00 0.0000000000e+00 4.7250000000e-03
9.2761250000e-01 5.0000000000e-01 -1.1668576755e-16 5.7100000000e-01 2.8550000000e+00 0.0000000000e+00 4.7250000000e-03
9.3233750000e-01 5.0000000000e-01 2.0509430242e-15 5.7100000000e-01 2.8550000000e+00 0.0000000000e+00 4.7250000000e-03
9.3706250000e-01 5.0000000000e-01 2.8314798576e-15 5.7100000000e-01 2.8550000000e+00 0.0000000000e+00 4.7250000000e-03
9.4178750000e-01 5.0000000000e-01 2.1982286475e-15 5.7100000000e-01 2.8550000000e+00 0.0000000000e+00 4.7250000000e-03
9.4651250000e-01 5.0000000000e-01 3.4073624552e-15 5.7100000000e-01 2.8550000000e+00 0.0000000000e+00 4.7250000000e-03
9.5123750000e-01 5.0000000000e-01 9.5669102661e-15 5.7100000000e-01 2.8550000000e+00 0.0000000000e+00 4.7250000000e-03
9.5596250000e-01 5.0000000000e-01 1.5397610581e-14 5.7100000000e-01 2.8550000000e+00 0.0000000000e+00 4.7250000000e-03
9.6068750000e-01 5.0000000000e-01 2.1010339063e-14 5.7100000000e-01 2.8550000000e+00 0.0000000000e+00 4.7250000000e-03
9.6541250000e-01 5.0000000000e-01 2.6872028635e-14 5.7100000000e-01 2.8550000000e+00 0.0000000000e+00 4.7250000000e-03
9.7013750000e-01 5.0000000000e-01 3.2655536167e-14 5.7100000000e-01 2.8550000000e+00 0.0000000000e+00 4.7250000000e-03
9.7486250000e-01 5.0000000000e-01 3.8486742102e-14 5.7100000000e-01 2.8550000000e+00 0.0000000000e+00 4.7250000000e-03
9.7958750000e-01 5.0000000000e-01 4.4416575507e-14 5.7100000000e-01 2.8550000000e+00 0.0000000000e+00 4.7250000000e-03
9.8431250000e-01 5.0000000000e-01 5.0056255484e-14 5.7100000000e-01 2.8550000000e+00 0.0000000000e+00 4.7250000000e-03
9.8903750000e-01 5.0000000000e-01 5.5357609048e-14 5.7100000000e-01 2.8550000000e+00 0.0000000000e+00 4.7250000000e-03
9.9376250000e-01 5.0000000000e-01 5.8689656492e-14 5.7100000000e-01 2.8550000000e+00 0.0000000000e+00 4.7250000000e-03
9.9848750000e-01 5.0000000000e-01 5.7166345293e-14 5.7100000000e-01 2.8550000000e+00 0.0000000000e+00 4.7250000000e-03
