# x  rho  v  p  e  w  vol
9.3395613295e-02 4.4487267085e-01 6.9842665502e-01 3.5268098621e+00 1.9819209479e+01 0.0000000000e+00 5.3105082753e-03
9.8706121571e-02 4.4483837943e-01 6.9896634864e-01 3.5261824068e+00 1.9817210980e+01 0.0000000000e+00 5.3109176484e-03
1.0401744859e-01 4.4474582256e-01 6.9975017302e-01 3.5251754256e+00 1.9815674745e+01 0.0000000000e+00 5.3120229132e-03
1.0933016740e-01 4.4459556154e-01 7.0094251162e-01 3.5235132517e+00 1.9813025345e+01 0.0000000000e+00 5.3138182303e-03
1.1464508505e-01 4.4436264269e-01 7.0272913718e-01 3.5209300116e+00 1.9808877218e+01 0.0000000000e+00 5.3166035419e-03
1.1996337448e-01 4.4401383120e-01 7.0536736397e-01 3.5170612018e+00 1.9802655654e+01 0.0000000000e+00 5.3207801965e-03
1.2528664545e-01 4.4350973869e-01 7.0916145111e-01 3.5114725715e+00 1.9793661025e+01 0.0000000000e+00 5.3268277873e-03
1.3061703006e-01 4.4280528155e-01 7.1445822704e-01 3.5036675037e+00 1.9781084653e+01 0.0000000000e+00 5.3353022162e-03
1.3595724988e-01 4.4185316231e-01 7.2162242474e-01 3.4931270364e+00 1.9764071723e+01 0.0000000000e+00 5.3467988950e-03
1.4131062785e-01 4.4060872419e-01 7.3100226093e-01 3.4793648136e+00 1.9741806180e+01 0.0000000000e+00 5.3619001856e-03
1.4668105025e-01 4.3903537164e-01 7.4289051370e-01 3.4619879859e+00 1.9713605153e+01 0.0000000000e+00 5.3811154012e-03
1.5207285865e-01 4.3710973702e-01 7.5748664881e-01 3.4407547271e+00 1.9679009844e+01 0.0000000000e+00 5.4048212610e-03
1.5749069277e-01 4.3482490259e-01 7.7487230875e-01 3.4156093900e+00 1.9637843703e+01 0.0000000000e+00 5.4332214782e-03
1.6293930160e-01 4.3219104447e-01 7.9500484089e-01 3.3866882809e+00 1.9590227078e+01 0.0000000000e+00 5.4663326097e-03
1.6842335799e-01 4.2923317625e-01 8.1773170863e-01 3.3542927733e+00 1.9536541901e+01 0.0000000000e+00 5.5040013929e-03
1.7394730439e-01 4.2598680439e-01 8.4282040862e-01 3.3188392617e+00 1.9477359554e+01 0.0000000000e+00 5.5459464370e-03
1.7951525086e-01 4.2249265750e-01 8.6999592813e-01 3.2807993171e+00 1.9413351089e+01 0.0000000000e+00 5.5918131547e-03
1.8513093070e-01 4.1879177451e-01 8.9897653981e-01 3.2406445555e+00 1.9345201797e+01 0.0000000000e+00 5.6412282756e-03
1.9079770742e-01 4.1492179708e-01 9.2950162177e-01 3.1988055854e+00 1.9273545087e+01 0.0000000000e+00 5.6938440368e-03
1.9651861877e-01 4.1091479152e-01 9.6134877319e-01 3.1556484293e+00 1.9198922102e+01 0.0000000000e+00 5.7493671407e-03
2.0229644170e-01 4.0679645252e-01 9.9434093799e-01 3.1114665034e+00 1.9121765223e+01 0.0000000000e+00 5.8075727686e-03
2.0813376431e-01 4.0258629966e-01 1.0283461160e+00 3.0664836198e+00 1.9042399247e+01 0.0000000000e+00 5.8683069990e-03
2.1403305570e-01 3.9829843517e-01 1.0632726925e+00 3.0208630893e+00 1.8961052960e+01 0.0000000000e+00 5.9314820028e-03
2.1999672832e-01 3.9394255512e-01 1.0990628517e+00 2.9747193285e+00 1.8877875022e+01 0.0000000000e+00 5.9970672609e-03
2.2602719022e-01 3.8952472848e-01 1.1356850745e+00 2.9281284367e+00 1.8792956022e+01 0.0000000000e+00 6.0650834909e-03
2.3212689530e-01 3.8506337922e-01 1.1731057066e+00 2.8812391113e+00 1.8706265428e+01 0.0000000000e+00 6.1353536262e-03
2.3829789747e-01 3.8060202776e-01 1.2108281193e+00 2.8345127673e+00 1.8618613148e+01 0.0000000000e+00 6.2072711854e-03
2.4454143767e-01 3.7621963798e-01 1.2484680611e+00 2.7888342533e+00 1.8531955617e+01 0.0000000000e+00 6.2795765067e-03
2.5085705048e-01 3.7190988922e-01 1.2851840220e+00 2.7441740241e+00 1.8446498087e+01 0.0000000000e+00 6.3523452010e-03
2.5724612807e-01 3.6783519344e-01 1.3216574547e+00 2.7020712604e+00 1.8364686880e+01 0.0000000000e+00 6.4227133295e-03
2.6370247714e-01 3.6380695366e-01 1.3555551560e+00 2.6606602735e+00 1.8283462196e+01 0.0000000000e+00 6.4938285984e-03
2.7023378527e-01 3.6024862461e-01 1.3894783374e+00 2.6241645844e+00 1.8210788364e+01 0.0000000000e+00 6.5579709085e-03
2.7681841896e-01 3.5669804965e-01 1.4182631832e+00 2.5879845918e+00 1.8138482915e+01 0.0000000000e+00 6.6232489981e-03
2.8348028326e-01 3.5389377673e-01 1.4472105647e+00 2.5593903546e+00 1.8080215893e+01 0.0000000000e+00 6.6757319720e-03
2.9016988290e-01 3.5106691799e-01 1.4686551224e+00 2.5308810328e+00 1.8022782147e+01 0.0000000000e+00 6.7294862573e-03
2.9693925578e-01 3.4917535824e-01 1.4902410208e+00 2.5116628581e+00 1.7982818653e+01 0.0000000000e+00 6.7659413652e-03
3.0370176563e-01 3.4724438558e-01 1.5033303818e+00 2.4924326163e+00 1.7944369440e+01 0.0000000000e+00 6.8035657252e-03
3.1054638723e-01 3.4624366255e-01 1.5164578833e+00 2.4822850674e+00 1.7922963911e+01 0.0000000000e+00 6.8232295794e-03
3.1734822479e-01 3.4519444463e-01 1.5222032128e+00 2.4720705440e+00 1.7903464137e+01 0.0000000000e+00 6.8439687740e-03
3.2423432478e-01 3.4484088924e-01 1.5280320613e+00 2.4684284355e+00 1.7895415774e+01 0.0000000000e+00 6.8509856973e-03
3.3105019619e-01 3.4443481650e-01 1.5295875022e+00 2.4647228943e+00 1.7889617833e+01 0.0000000000e+00 6.8590626929e-03
3.3795245016e-01 3.4438028482e-01 1.5310503260e+00 2.4639894364e+00 1.7887126129e+01 0.0000000000e+00 6.8601488069e-03
3.4477049380e-01 3.4429246752e-01 1.5311951286e+00 2.4634561857e+00 1.7887816450e+01 0.0000000000e+00 6.8618985974e-03
3.5167624736e-01 3.4431462433e-01 1.5311693092e+00 2.4634165763e+00 1.7886377765e+01 0.0000000000e+00 6.8614570311e-03
3.5849340786e-01 3.4431090258e-01 1.5309818842e+00 2.4636534400e+00 1.7888290942e+01 0.0000000000e+00 6.8615311983e-03
3.6539930975e-01 3.4438329192e-01 1.5305611963e+00 2.4641328559e+00 1.7888011074e+01 0.0000000000e+00 6.8600889050e-03
3.7221358567e-01 3.4441629633e-01 1.5300301534e+00 2.4647190979e+00 1.7890552248e+01 0.0000000000e+00 6.8594315227e-03
3.7911817280e-01 3.4447804624e-01 1.5295999946e+00 2.4651072291e+00 1.7890162059e+01 0.0000000000e+00 6.8582019255e-03
3.8592998952e-01 3.4449327500e-01 1.5293768874e+00 2.4654598459e+00 1.7891930154e+01 0.0000000000e+00 6.8578987499e-03
3.9283397030e-01 3.4453164087e-01 1.5291724600e+00 2.4656366179e+00 1.7891220467e+01 0.0000000000e+00 6.8571350778e-03
3.9964425968e-01 3.4452647956e-01 1.5290364667e+00 2.4657957294e+00 1.7892643060e+01 0.0000000000e+00 6.8572378037e-03
4.0654844591e-01 3.4456039094e-01 1.5289386285e+00 2.4659123704e+00 1.7891728382e+01 0.0000000000e+00 6.8565629194e-03
4.1335738552e-01 3.4454513512e-01 1.5288626957e+00 2.4659954521e+00 1.7893123430e+01 0.0000000000e+00 6.8568665152e-03
4.2026217894e-01 3.4457618875e-01 1.5288093886e+00 2.4660566857e+00 1.7891955148e+01 0.0000000000e+00 6.8562485661e-03
4.2706988265e-01 3.4455383530e-01 1.5287725534e+00 2.4660988199e+00 1.7893421631e+01 0.0000000000e+00 6.8566933754e-03
4.3397556569e-01 3.4458469795e-01 1.5287481784e+00 2.4661263289e+00 1.7892018592e+01 0.0000000000e+00 6.8560792573e-03
4.4078204116e-01 3.4455646843e-01 1.5287343281e+00 2.4661445088e+00 1.7893616394e+01 0.0000000000e+00 6.8566409760e-03
4.4768884764e-01 3.4458919641e-01 1.5287264598e+00 2.4661540219e+00 1.7891985933e+01 0.0000000000e+00 6.8559897541e-03
4.5449402067e-01 3.4455564977e-01 1.5287236077e+00 2.4661594645e+00 1.7893767423e+01 0.0000000000e+00 6.8566572673e-03
4.6140216217e-01 3.4459198390e-01 1.5287231981e+00 2.4661617702e+00 1.7891897414e+01 0.0000000000e+00 6.8559342945e-03
4.6820588926e-01 3.4455312227e-01 1.5287239368e+00 2.4661622592e+00 1.7893918962e+01 0.0000000000e+00 6.8567075649e-03
4.7511557730e-01 3.4459423796e-01 1.5287262509e+00 2.4661607742e+00 1.7891773154e+01 0.0000000000e+00 6.8558894484e-03
4.8191766816e-01 3.4454920073e-01 1.5287314313e+00 2.4661568053e+00 1.7894083052e+01 0.0000000000e+00 6.8567856057e-03
4.8882914852e-01 3.4459624516e-01 1.5287369308e+00 2.4661524124e+00 1.7891608274e+01 0.0000000000e+00 6.8558495142e-03
4.9562936719e-01 3.4454435783e-01 1.5287400439e+00 2.4661498447e+00 1.7894284064e+01 0.0000000000e+00 6.8568819843e-03
5.0254291248e-01 3.4459936595e-01 1.5287418786e+00 2.4661494882e+00 1.7891425028e+01 0.0000000000e+00 6.8557874257e-03
5.0934094204e-01 3.4453925319e-01 1.5287424848e+00 2.4661503237e+00 1.7894552659e+01 0.0000000000e+00 6.8569835748e-03
5.1625687963e-01 3.4460382501e-01 1.5287424618e+00 2.4661514865e+00 1.7891208015e+01 0.0000000000e+00 6.8556987140e-03
5.2305233947e-01 3.4453298935e-01 1.5287431465e+00 2.4661522488e+00 1.7894891962e+01 0.0000000000e+00 6.8571082394e-03
5.2997109611e-01 3.4460939250e-01 1.5287445222e+00 2.4661520760e+00 1.7890923243e+01 0.0000000000e+00 6.8555879539e-03
5.3676351537e-01 3.4452455683e-01 1.5287470947e+00 2.4661509718e+00 1.7895320688e+01 0.0000000000e+00 6.8572760726e-03
5.4368564826e-01 3.4461632405e-01 1.5287500782e+00 2.4661494972e+00 1.7890544680e+01 0.0000000000e+00 6.8554500618e-03
5.5047441550e-01 3.4451364795e-01 1.5287519304e+00 2.4661489959e+00 1.7895872997e+01 0.0000000000e+00 6.8574932054e-03
5.5740063467e-01 3.4462574063e-01 1.5287524781e+00 2.4661500891e+00 1.7890060131e+01 0.0000000000e+00 6.8552627430e-03
5.6418494098e-01 3.4449997355e-01 1.5287515228e+00 2.4661526070e+00 1.7896609553e+01 0.0000000000e+00 6.8577654032e-03
5.7111616547e-01 3.4463878546e-01 1.5287500663e+00 2.4661558769e+00 1.7889424964e+01 0.0000000000e+00 6.8550032663e-03
5.7789494752e-01 3.4448180314e-01 1.5287494185e+00 2.4661585609e+00 1.7897596756e+01 0.0000000000e+00 6.8581271302e-03
5.8483241974e-01 3.4465594430e-01 1.5287498187e+00 2.4661602188e+00 1.7888565826e+01 0.0000000000e+00 6.8546619871e-03
5.9160427149e-01 3.4445675589e-01 1.5287513483e+00 2.4661605118e+00 1.7898912343e+01 0.0000000000e+00 6.8586258204e-03
5.9854967138e-01 3.4467881087e-01 1.5287544592e+00 2.4661591645e+00 1.7887371422e+01 0.0000000000e+00 6.8542072373e-03
6.0531268597e-01 3.4442078578e-01 1.5287585694e+00 2.4661569386e+00 1.7900755707e+01 0.0000000000e+00 6.8593421116e-03
6.1226835560e-01 3.4471087757e-01 1.5287612292e+00 2.4661560957e+00 1.7885685194e+01 0.0000000000e+00 6.8535696252e-03
6.1901982522e-01 3.4436926701e-01 1.5287620364e+00 2.4661574839e+00 1.7903437676e+01 0.0000000000e+00 6.8603682915e-03
6.2598909218e-01 3.4475501378e-01 1.5287606872e+00 2.4661607864e+00 1.7883429448e+01 0.0000000000e+00 6.8526922179e-03
6.3272520965e-01 3.4428991744e-01 1.5287588117e+00 2.4661650184e+00 1.7907618648e+01 0.0000000000e+00 6.8619494221e-03
6.3971299103e-01 3.4482389193e-01 1.5287581563e+00 2.4661682840e+00 1.7879911614e+01 0.0000000000e+00 6.8513234009e-03
6.4642785645e-01 3.4416383882e-01 1.5287592548e+00 2.4661700282e+00 1.7914215193e+01 0.0000000000e+00 6.8644631816e-03
6.5344191739e-01 3.4495145383e-01 1.5287618688e+00 2.4661694907e+00 1.7873308428e+01 0.0000000000e+00 6.8487898045e-03
6.6012543606e-01 3.4388541420e-01 1.5287676175e+00 2.4661663638e+00 1.7928692684e+01 0.0000000000e+00 6.8700209502e-03
6.6718195929e-01 3.4547593728e-01 1.5287728250e+00 2.4661632621e+00 1.7846129035e+01 0.0000000000e+00 6.8383923309e-03
6.7380222072e-01 3.4300161950e-01 1.5287757020e+00 2.4661632024e+00 1.7974865585e+01 0.0000000000e+00 6.8877225811e-03
6.8095740445e-01 3.5086049584e-01 1.5287757816e+00 2.4661657962e+00 1.7572267507e+01 0.0000000000e+00 6.7334454236e-03
6.8726911157e-01 3.3687065524e-01 1.5287743058e+00 2.4661703443e+00 1.8302056783e+01 0.0000000000e+00 7.0130774623e-03
6.9498355938e-01 3.8009464139e-01 1.5287715514e+00 2.4661760522e+00 1.6220802556e+01 0.0000000000e+00 6.2155572395e-03
6.9970022605e-01 8.1149505846e-01 1.5287687636e+00 2.4661836901e+00 7.5976546757e+00 0.0000000000e+00 2.9112931439e-03
7.0080614566e-01 1.4790881307e+00 1.5287688878e+00 2.4661901716e+00 4.1684300624e+00 0.0000000000e+00 1.5972679051e-03
7.0289476186e-01 1.2477941696e+00 1.5287695714e+00 2.4661931202e+00 4.9411056331e+00 0.0000000000e+00 1.8933411115e-03
7.0459282789e-01 1.3250513789e+00 1.5287712065e+00 2.4661940889e+00 4.6530159665e+00 0.0000000000e+00 1.7829497314e-03
7.0646066132e-01 1.2851985090e+00 1.5287739148e+00 2.4661924250e+00 4.7972986423e+00 0.0000000000e+00 1.8382374267e-03
7.0826930274e-01 1.2985466104e+00 1.5287786348e+00 2.4661869525e+00 4.7479754149e+00 0.0000000000e+00 1.8193417018e-03
7.1009934473e-01 1.2948284889e+00 1.5287829218e+00 2.4661815738e+00 4.7615989202e+00 0.0000000000e+00 1.8245659717e-03
7.1191843468e-01 1.2987926356e+00 1.5287852636e+00 2.4661793873e+00 4.7470614624e+00 0.0000000000e+00 1.8189970710e-03
7.1373733887e-01 1.2999927961e+00 1.5287862600e+00 2.4661800995e+00 4.7426803188e+00 0.0000000000e+00 1.8173177629e-03
7.1555307021e-01 1.3017408293e+00 1.5287861028e+00 2.4661816459e+00 4.7363146151e+00 0.0000000000e+00 1.8148773910e-03
7.1736709365e-01 1.3026763689e+00 1.5287851880e+00 2.4661841184e+00 4.7329178937e+00 0.0000000000e+00 1.8135740053e-03
7.1918021822e-01 1.3033158075e+00 1.5287843136e+00 2.4661860900e+00 4.7305995903e+00 0.0000000000e+00 1.8126842216e-03
7.2099246209e-01 1.3037944005e+00 1.5287838718e+00 2.4661870722e+00 4.7288649790e+00 0.0000000000e+00 1.8120188268e-03
7.2280425587e-01 1.3039764058e+00 1.5287836975e+00 2.4661885139e+00 4.7282077019e+00 0.0000000000e+00 1.8117659105e-03
7.2461599391e-01 1.3040310053e+00 1.5287833900e+00 2.4661910822e+00 4.7280146565e+00 0.0000000000e+00 1.8116900521e-03
7.2642763598e-01 1.3041164404e+00 1.5287823747e+00 2.4661961338e+00 4.7277145992e+00 0.0000000000e+00 1.8115713649e-03
7.2823913664e-01 1.3040917120e+00 1.5287804737e+00 2.4662037886e+00 4.7278189217e+00 0.0000000000e+00 1.8116057163e-03
7.3005084741e-01 1.3039968893e+00 1.5287783815e+00 2.4662126202e+00 4.7281796458e+00 0.0000000000e+00 1.8117374507e-03
7.3186261155e-01 1.3040131328e+00 1.5287775022e+00 2.4662201687e+00 4.7281352209e+00 0.0000000000e+00 1.8117148827e-03
7.3367427718e-01 1.3040181229e+00 1.5287779940e+00 2.4662253149e+00 4.7281269938e+00 0.0000000000e+00 1.8117079499e-03
7.3548602745e-01 1.3039667839e+00 1.5287800037e+00 2.4662269370e+00 4.7283162567e+00 0.0000000000e+00 1.8117792793e-03
7.3729783574e-01 1.3039990764e+00 1.5287836308e+00 2.4662242390e+00 4.7281939912e+00 0.0000000000e+00 1.8117344121e-03
7.3910949627e-01 1.3040586343e+00 1.5287902392e+00 2.4662162580e+00 4.7279627485e+00 0.0000000000e+00 1.8116516680e-03
7.4092113907e-01 1.3039957110e+00 1.5287960447e+00 2.4662088438e+00 4.7281766784e+00 0.0000000000e+00 1.8117390878e-03
7.4273297445e-01 1.3039838704e+00 1.5287990197e+00 2.4662063767e+00 4.7282148818e+00 0.0000000000e+00 1.8117555390e-03
7.4454465015e-01 1.3040498327e+00 1.5287999957e+00 2.4662079234e+00 4.7279786816e+00 0.0000000000e+00 1.8116638957e-03
7.4635630224e-01 1.3040254646e+00 1.5287991914e+00 2.4662115806e+00 4.7280740436e+00 0.0000000000e+00 1.8116977499e-03
7.4816804565e-01 1.3040146248e+00 1.5287979327e+00 2.4662162523e+00 4.7281223028e+00 0.0000000000e+00 1.8117128098e-03
7.4997972786e-01 1.3040940432e+00 1.5287974740e+00 2.4662191902e+00 4.7278399958e+00 0.0000000000e+00 1.8116024779e-03
7.5179125060e-01 1.3040788994e+00 1.5287980181e+00 2.4662201175e+00 4.7278966760e+00 0.0000000000e+00 1.8116235153e-03
7.5360297489e-01 1.3040144495e+00 1.5287994983e+00 2.4662192066e+00 4.7281286024e+00 0.0000000000e+00 1.8117130534e-03
7.5541467671e-01 1.3040588114e+00 1.5288010472e+00 2.4662191880e+00 4.7279677235e+00 0.0000000000e+00 1.8116514219e-03
7.5722627773e-01 1.3040728592e+00 1.5288009251e+00 2.4662232535e+00 4.7279245865e+00 0.0000000000e+00 1.8116319064e-03
7.5903794052e-01 1.3040425783e+00 1.5287989057e+00 2.4662324134e+00 4.7280519332e+00 0.0000000000e+00 1.8116739739e-03
7.6084962568e-01 1.3040898889e+00 1.5287948310e+00 2.4662459310e+00 4.7279063199e+00 0.0000000000e+00 1.8116082489e-03
7.6266115702e-01 1.3041353585e+00 1.5287916980e+00 2.4662590152e+00 4.7277665604e+00 0.0000000000e+00 1.8115450859e-03
7.6447271585e-01 1.3040697001e+00 1.5287910348e+00 2.4662678054e+00 4.7280214495e+00 0.0000000000e+00 1.8116362951e-03
7.6628442961e-01 1.3040743064e+00 1.5287928625e+00 2.4662716252e+00 4.7280120717e+00 0.0000000000e+00 1.8116298960e-03
7.6809597564e-01 1.3041238526e+00 1.5287968272e+00 2.4662686709e+00 4.7278267820e+00 0.0000000000e+00 1.8115610686e-03
7.6990755175e-01 1.3040828725e+00 1.5288058210e+00 2.4662567904e+00 4.7279525757e+00 0.0000000000e+00 1.8116179959e-03
7.7171921163e-01 1.3040749542e+00 1.5288148774e+00 2.4662436637e+00 4.7279561187e+00 0.0000000000e+00 1.8116289960e-03
7.7353080974e-01 1.3041473987e+00 1.5288193803e+00 2.4662387238e+00 4.7276840146e+00 0.0000000000e+00 1.8115283613e-03
7.7534226836e-01 1.3041133001e+00 1.5288204473e+00 2.4662415618e+00 4.7278130698e+00 0.0000000000e+00 1.8115757272e-03
7.7715396120e-01 1.3040620186e+00 1.5288177118e+00 2.4662507482e+00 4.7280165993e+00 0.0000000000e+00 1.8116469664e-03
7.7896556229e-01 1.3041189805e+00 1.5288145285e+00 2.4662621437e+00 4.7278319321e+00 0.0000000000e+00 1.8115678365e-03
7.8077709687e-01 1.3041137263e+00 1.5288138834e+00 2.4662695850e+00 4.7278652454e+00 0.0000000000e+00 1.8115751352e-03
7.8258871256e-01 1.3040866707e+00 1.5288155830e+00 2.4662711971e+00 4.7279664237e+00 0.0000000000e+00 1.8116127195e-03
7.8440032231e-01 1.3041376505e+00 1.5288207037e+00 2.4662658479e+00 4.7277713495e+00 0.0000000000e+00 1.8115419021e-03
7.8621179636e-01 1.3041502952e+00 1.5288274173e+00 2.4662584230e+00 4.7277112768e+00 0.0000000000e+00 1.8115243378e-03
7.8802337098e-01 1.3040772139e+00 1.5288305442e+00 2.4662578122e+00 4.7279750498e+00 0.0000000000e+00 1.8116258568e-03
7.8983504808e-01 1.3041029368e+00 1.5288283797e+00 2.4662689887e+00 4.7279032180e+00 0.0000000000e+00 1.8115901232e-03
7.9164655123e-01 1.3041488074e+00 1.5288203502e+00 2.4662936922e+00 4.7277842801e+00 0.0000000000e+00 1.8115264045e-03
7.9345810089e-01 1.3041147478e+00 1.5288103001e+00 2.4663244784e+00 4.7279667733e+00 0.0000000000e+00 1.8115737162e-03
7.9526969866e-01 1.3041382693e+00 1.5288050636e+00 2.4663437696e+00 4.7279184802e+00 0.0000000000e+00 1.8115410426e-03
7.9708118297e-01 1.3042055917e+00 1.5288097110e+00 2.4663559588e+00 4.7276977926e+00 0.0000000000e+00 1.8114475317e-03
7.9889259373e-01 1.3041448945e+00 1.5288196763e+00 2.4663417890e+00 4.7278906649e+00 0.0000000000e+00 1.8115318397e-03
8.0070424665e-01 1.3041027248e+00 1.5288304993e+00 2.4663147522e+00 4.7279917166e+00 0.0000000000e+00 1.8115904177e-03
8.0251577456e-01 1.3041609304e+00 1.5288554619e+00 2.4663173010e+00 4.7277855890e+00 0.0000000000e+00 1.8115095652e-03
8.0432726578e-01 1.3041182902e+00 1.5288854150e+00 2.4662931178e+00 4.7278938121e+00 0.0000000000e+00 1.8115687954e-03
8.0613891215e-01 1.3040205329e+00 1.5288115391e+00 2.4661184035e+00 4.7279132906e+00 0.0000000000e+00 1.8117046016e-03
8.0795067499e-01 1.3041408610e+00 1.5286716655e+00 2.4660991149e+00 4.7274400882e+00 0.0000000000e+00 1.8115374424e-03
8.0976198704e-01 1.3046731669e+00 1.5291187855e+00 2.4673823309e+00 4.7279701797e+00 0.0000000000e+00 1.8107983363e-03
8.1157227166e-01 1.3039531730e+00 1.5299801549e+00 2.4670258941e+00 4.7298974096e+00 0.0000000000e+00 1.8117981910e-03
8.1338558342e-01 1.2984730041e+00 1.5254041792e+00 2.4545276539e+00 4.7257964667e+00 0.0000000000e+00 1.8194448345e-03
8.1521116133e-01 1.3011939102e+00 1.5175458010e+00 2.4501453231e+00 4.7074946016e+00 0.0000000000e+00 1.8156402220e-03
8.1701686386e-01 1.3382614930e+00 1.5554565036e+00 2.5373220278e+00 4.7399593447e+00 0.0000000000e+00 1.7653500547e-03
8.1874186144e-01 1.2867880008e+00 1.5901924855e+00 2.5159556756e+00 4.8880539645e+00 0.0000000000e+00 1.8359667626e-03
8.2068879739e-01 8.9752640925e-01 1.1831790265e+00 1.6269912122e+00 4.5318755957e+00 0.0000000000e+00 2.6322345233e-03
8.2400633048e-01 6.0969275213e-01 3.3468917673e-01 7.8320838237e-01 3.2114879980e+00 0.0000000000e+00 3.8749025501e-03
8.2843860249e-01 5.1847024141e-01 5.2246544768e-02 6.0129583826e-01 2.8993748833e+00 0.0000000000e+00 4.5566742530e-03
8.3311967899e-01 5.0266505749e-01 7.4137642319e-03 5.7524287765e-01 2.8609651152e+00 0.0000000000e+00 4.6999487328e-03
8.3783849995e-01 5.0037275831e-01 1.0348084622e-03 5.7159100974e-01 2.8558259830e+00 0.0000000000e+00 4.7214800582e-03
8.4256263911e-01 5.0005188927e-01 1.4399745619e-04 5.7108222122e-01 2.8551148064e+00 0.0000000000e+00 4.7245096973e-03
8.4728751935e-01 5.0000721780e-01 2.0029118987e-05 5.7101143604e-01 2.8550159664e+00 0.0000000000e+00 4.7249317928e-03
8.5201250269e-01 5.0000100394e-01 2.7858704457e-06 5.7100159065e-01 2.8550022207e+00 0.0000000000e+00 4.7249905128e-03
8.5673750037e-01 5.0000013964e-01 3.8749414021e-07 5.7100022125e-01 2.8550003089e+00 0.0000000000e+00 4.7249986804e-03
8.6146250005e-01 5.0000001942e-01 5.3897892437e-08 5.7100003077e-01 2.8550000430e+00 0.0000000000e+00 4.7249998165e-03
8.6618750001e-01 5.0000000270e-01 7.4968349685e-09 5.7100000428e-01 2.8550000060e+00 0.0000000000e+00 4.7249999745e-03
8.7091250000e-01 5.0000000038e-01 1.0427285206e-09 5.7100000060e-01 2.8550000008e+00 0.0000000000e+00 4.7249999964e-03
8.7563750000e-01 5.0000000005e-01 1.4505158975e-10 5.7100000008e-01 2.8550000001e+00 0.0000000000e+00 4.7249999995e-03
8.8036250000e-01 5.0000000001e-01 2.0187067608e-11 5.7100000001e-01 2.8550000000e+00 0.0000000000e+00 4.7249999999e-03
8.8508750000e-01 5.0000000000e-01 2.8112502950e-12 5.7100000000e-01 2.8550000000e+00 0.0000000000e+00 4.7250000000e-03
8.8981250000e-01 5.0000000000e-01 3.7954098156e-13 5.7100000000e-01 2.8550000000e+00 0.0000000000e+00 4.7250000000e-03
8.9453750000e-01 5.0000000000e-01 3.9731749257e-14 5.7100000000e-01 2.8550000000e+00 0.0000000000e+00 4.7250000000e-03
8.9926250000e-01 5.0000000000e-01 1.7480925878e-15 5.7100000000e-01 2.8550000000e+00 0.0000000000e+00 4.7250000000e-03
9.0398750000e-01 5.0000000000e-01 1.3901947262e-15 5.7100000000e-01 2.8550000000e+00 0.0000000000e+00 4.7250000000e-03
9.0871250000e-01 5.0000000000e-01 4.3709537835e-16 5.7100000000e-01 2.8550000000e+00 0.0000000000e+00 4.7250000000e-03
9.1343750000e-01 5.0000000000e-01 -6.0423750942e-16 5.7100000000e-01 2.8550000000e+00 0.0000000000e+00 4.7250000000e-03
9.1816250000e-01 5.0000000000e-01 -1.5808699039e-15 5.7100000000e-01 2.8550000000e+00 0.0000000000e+00 4.7250000000e-03
9.2288750000e-01 5.0000000000e-01 -2.2827213348e-15 5.7100000000e-01 2.8550000000e+00 0.0000000000e+00 4.7250000000e-03
9.2761250000e-01 5.0000000000e-01 1.4359060360e-15 5.7100000000e-01 2.8550000000e+00 0.0000000000e+00 4.7250000000e-03
9.3233750000e-01 5.0000000000e-01 3.0324385533e-15 5.7100000000e-01 2.8550000000e+00 0.0000000000e+00 4.7250000000e-03
9.3706250000e-01 5.0000000000e-01 3.3844519517e-15 5.7100000000e-01 2.8550000000e+00 0.0000000000e+00 4.7250000000e-03
9.4178750000e-01 5.0000000000e-01 2.9731954642e-15 5.7100000000e-01 2.8550000000e+00 0.0000000000e+00 4.7250000000e-03
9.4651250000e-01 5.0000000000e-01 3.6095679088e-15 5.7100000000e-01 2.8550000000e+00 0.0000000000e+00 4.7250000000e-03
9.5123750000e-01 5.0000000000e-01 9.8616630467e-15 5.7100000000e-01 2.8550000000e+00 0.0000000000e+00 4.7250000000e-03
9.5596250000e-01 5.0000000000e-01 1.5475853139e-14 5.7100000000e-01 2.8550000000e+00 0.0000000000e+00 4.7250000000e-03
9.6068750000e-01 5.0000000000e-01 2.1308411630e-14 5.7100000000e-01 2.8550000000e+00 0.0000000000e+00 4.7250000000e-03
9.6541250000e-01 5.0000000000e-01 2.7083888342e-14 5.7100000000e-01 2.8550000000e+00 0.0000000000e+00 4.7250000000e-03
9.7013750000e-01 5.0000000000e-01 3.2961116939e-14 5.7100000000e-01 2.8550000000e+00 0.0000000000e+00 4.7250000000e-03
9.7486250000e-01 5.0000000000e-01 3.8673391763e-14 5.7100000000e-01 2.8550000000e+00 0.0000000000e+00 4.7250000000e-03
9.7958750000e-01 5.0000000000e-01 4.4510269822e-14 5.7100000000e-01 2.8550000000e+00 0.0000000000e+00 4.7250000000e-03
9.8431250000e-01 5.0000000000e-01 4.9636321749e-14 5.7100000000e-01 2.8550000000e+00 0.0000000000e+00 4.7250000000e-03
9.8903750000e-01 5.0000000000e-01 5.4524974457e-14 5.7100000000e-01 2.8550000000e+00 0.0000000000e+00 4.7250000000e-03
9.9376250000e-01 5.0000000000e-01 5.8027272392e-14 5.7100000000e-01 2.8550000000e+00 0.0000000000e+00 4.7250000000e-03
9.9848750000e-01 5.0000000000e-01 5.7049293576e-14 5.7100000000e-01 2.8550000000e+00 0.0000000000e+00 4.7250000000e-03
