# x  rho  v  p  e  w  vol
9.3402491813e-02 4.4431981057e-01 7.0031228447e-01 3.5211849190e+00 1.9812221036e+01 0.0000000000e+00 5.3171160587e-03
9.8719607872e-02 4.4422675670e-01 7.0243695088e-01 3.5192127004e+00 1.9805272011e+01 0.0000000000e+00 5.3182298553e-03
1.0403895152e-01 4.4397159447e-01 7.0497863809e-01 3.5162919274e+00 1.9800207779e+01 0.0000000000e+00 5.3212863828e-03
1.0936218064e-01 4.4358997728e-01 7.0828179696e-01 3.5119876253e+00 1.9792983415e+01 0.0000000000e+00 5.3258642463e-03
1.1469068002e-01 4.4307373684e-01 7.1250830412e-01 3.5061558497e+00 1.9783139680e+01 0.0000000000e+00 5.3320695938e-03
1.2002631982e-01 4.4239403549e-01 7.1789959844e-01 3.4985004218e+00 1.9770273451e+01 0.0000000000e+00 5.3402618718e-03
1.2537120376e-01 4.4152899766e-01 7.2465778895e-01 3.4887770969e+00 1.9753952262e+01 0.0000000000e+00 5.3507244429e-03
1.3072776871e-01 4.4045585326e-01 7.3297586028e-01 3.4767450024e+00 1.9733788169e+01 0.0000000000e+00 5.3637611636e-03
1.3609872609e-01 4.3915654844e-01 7.4300966718e-01 3.4622153315e+00 1.9709459781e+01 0.0000000000e+00 5.3796305860e-03
1.4148702988e-01 4.3761805865e-01 7.5487394163e-01 3.4450592568e+00 1.9680742081e+01 0.0000000000e+00 5.3985432121e-03
1.4689581251e-01 4.3583387790e-01 7.6863415270e-01 3.4252222277e+00 1.9647521690e+01 0.0000000000e+00 5.4206433226e-03
1.5232831653e-01 4.3380419711e-01 7.8430587897e-01 3.4027254848e+00 1.9609800386e+01 0.0000000000e+00 5.4460053999e-03
1.5778782331e-01 4.3153556972e-01 8.0185794197e-01 3.3776611431e+00 1.9567686768e+01 0.0000000000e+00 5.4746356170e-03
1.6327758776e-01 4.2903994821e-01 8.2121959702e-01 3.3501805324e+00 1.9521378757e+01 0.0000000000e+00 5.5064802470e-03
1.6880078380e-01 4.2633338533e-01 8.4228991139e-01 3.3204789782e+00 1.9471140969e+01 0.0000000000e+00 5.5414379481e-03
1.7436046366e-01 4.2343461880e-01 8.6494782073e-01 3.2887795716e+00 1.9417280883e+01 0.0000000000e+00 5.5793737571e-03
1.7995953132e-01 4.2036374797e-01 8.8906145862e-01 3.2553182378e+00 1.9360127113e+01 0.0000000000e+00 5.6201325909e-03
1.8560072884e-01 4.1714113919e-01 9.1449584107e-01 3.2203315693e+00 1.9300011835e+01 0.0000000000e+00 5.6635507219e-03
1.9128663276e-01 4.1378662367e-01 9.4111847825e-01 3.1840480558e+00 1.9237258249e+01 0.0000000000e+00 5.7094644072e-03
1.9701965765e-01 4.1031899137e-01 9.6880289173e-01 3.1466826736e+00 1.9172172991e+01 0.0000000000e+00 5.7577154596e-03
2.0280206368e-01 4.0675574535e-01 9.9743027736e-01 3.1084343753e+00 1.9105042835e+01 0.0000000000e+00 5.8081539770e-03
2.0863596561e-01 4.0311306349e-01 1.0268896675e+00 3.0694858486e+00 1.9036134813e+01 0.0000000000e+00 5.8606386495e-03
2.1452334098e-01 3.9940591397e-01 1.0570769495e+00 3.0300049183e+00 1.8965698881e+01 0.0000000000e+00 5.9150350993e-03
2.2046603581e-01 3.9564827917e-01 1.0878930336e+00 2.9901470769e+00 1.8893972465e+01 0.0000000000e+00 5.9712126259e-03
2.2646576623e-01 3.9185345621e-01 1.1192413659e+00 2.9500587799e+00 1.8821186423e+01 0.0000000000e+00 6.0290395875e-03
2.3252411498e-01 3.8803441587e-01 1.1510248835e+00 2.9098812952e+00 1.8747572227e+01 0.0000000000e+00 6.0883774824e-03
2.3864252120e-01 3.8420421414e-01 1.1831424107e+00 2.8697550336e+00 1.8673370359e+01 0.0000000000e+00 6.1490736256e-03
2.4482226223e-01 3.8037646128e-01 1.2154844120e+00 2.8298243986e+00 1.8598840140e+01 0.0000000000e+00 6.2109521500e-03
2.5106442550e-01 3.7656586203e-01 1.2479279431e+00 2.7902432832e+00 1.8524271346e+01 0.0000000000e+00 6.2738029073e-03
2.5736986805e-01 3.7278884694e-01 1.2803305825e+00 2.7511814083e+00 1.8449998108e+01 0.0000000000e+00 6.3373677066e-03
2.6373916091e-01 3.6906431923e-01 1.3125230905e+00 2.7128317363e+00 1.8376415674e+01 0.0000000000e+00 6.4013232298e-03
2.7017251451e-01 3.6541454036e-01 1.3443005532e+00 2.6754191782e+00 1.8304000544e+01 0.0000000000e+00 6.4652599694e-03
2.7666968085e-01 3.6186616741e-01 1.3754118795e+00 2.6392107117e+00 1.8233334236e+01 0.0000000000e+00 6.5286567598e-03
2.8322982803e-01 3.5845142756e-01 1.4055478181e+00 2.6045267422e+00 1.8165130210e+01 0.0000000000e+00 6.5908511402e-03
2.8985138313e-01 3.5520935366e-01 1.4343283098e+00 2.5717529337e+00 1.8100261911e+01 0.0000000000e+00 6.6510072882e-03
2.9653184260e-01 3.5218688916e-01 1.4612912348e+00 2.5413505796e+00 1.8039786955e+01 0.0000000000e+00 6.7080861687e-03
3.0326755547e-01 3.4943946822e-01 1.4858867474e+00 2.5138615861e+00 1.7984957444e+01 0.0000000000e+00 6.7608275964e-03
3.1005349780e-01 3.4703036339e-01 1.5074846729e+00 2.4899010288e+00 1.7937198668e+01 0.0000000000e+00 6.8077616520e-03
3.1688307877e-01 3.4502768016e-01 1.5254066303e+00 2.4701261488e+00 1.7898028846e+01 0.0000000000e+00 6.8472767139e-03
3.2374805122e-01 3.4349748627e-01 1.5389981066e+00 2.4551667756e+00 1.7868884590e+01 0.0000000000e+00 6.8777795891e-03
3.3063863795e-01 3.4249143104e-01 1.5477537272e+00 2.4455010623e+00 1.7850819325e+01 0.0000000000e+00 6.8979827986e-03
3.3754401682e-01 3.4203039220e-01 1.5515079674e+00 2.4412872469e+00 1.7844081275e+01 0.0000000000e+00 6.9072809138e-03
3.4445319978e-01 3.4206289686e-01 1.5505896002e+00 2.4419334243e+00 1.7847108286e+01 0.0000000000e+00 6.9066245469e-03
3.5135726591e-01 3.4243572612e-01 1.5467773980e+00 2.4458569188e+00 1.7856321144e+01 0.0000000000e+00 6.8991049116e-03
3.5825140960e-01 3.4296728082e-01 1.5417443233e+00 2.4512526058e+00 1.7867977085e+01 0.0000000000e+00 6.8884121960e-03
3.6513409031e-01 3.4351367054e-01 1.5367743611e+00 2.4567072350e+00 1.7879253765e+01 0.0000000000e+00 6.8774555500e-03
3.7200632070e-01 3.4396943836e-01 1.5327698214e+00 2.4611941413e+00 1.7888174550e+01 0.0000000000e+00 6.8683427553e-03
3.7887077582e-01 3.4427683467e-01 1.5301784837e+00 2.4641705213e+00 1.7893815915e+01 0.0000000000e+00 6.8622101811e-03
3.8573074106e-01 3.4442907084e-01 1.5289854882e+00 2.4656031019e+00 1.7896305151e+01 0.0000000000e+00 6.8591771136e-03
3.9258913004e-01 3.4445984653e-01 1.5288217617e+00 2.4658511933e+00 1.7896506793e+01 0.0000000000e+00 6.8585642820e-03
3.9944786963e-01 3.4441895538e-01 1.5292227687e+00 2.4654214686e+00 1.7895512355e+01 0.0000000000e+00 6.8593785652e-03
4.0630788717e-01 3.4435979578e-01 1.5297409154e+00 2.4648506520e+00 1.7894442689e+01 0.0000000000e+00 6.8605569784e-03
4.1316898358e-01 3.4433079566e-01 1.5299415392e+00 2.4646108482e+00 1.7894208703e+01 0.0000000000e+00 6.8611347861e-03
4.2003015675e-01 3.4434935459e-01 1.5296857525e+00 2.4648469265e+00 1.7894958228e+01 0.0000000000e+00 6.8607650007e-03
4.2689051359e-01 3.4439761528e-01 1.5292032556e+00 2.4653616845e+00 1.7896187249e+01 0.0000000000e+00 6.8598035967e-03
4.3374976394e-01 3.4444790694e-01 1.5287392551e+00 2.4658783162e+00 1.7897323997e+01 0.0000000000e+00 6.8588020203e-03
4.4060811763e-01 3.4448172455e-01 1.5284422516e+00 2.4662217486e+00 1.7898059409e+01 0.0000000000e+00 6.8581286948e-03
4.4746602133e-01 3.4449469127e-01 1.5283324299e+00 2.4663577112e+00 1.7898372411e+01 0.0000000000e+00 6.8578705561e-03
4.5432385874e-01 3.4449256700e-01 1.5283421662e+00 2.4663502668e+00 1.7898428755e+01 0.0000000000e+00 6.8579128443e-03
4.6118184702e-01 3.4448435282e-01 1.5283974452e+00 2.4662887198e+00 1.7898408880e+01 0.0000000000e+00 6.8580763702e-03
4.6804001148e-01 3.4447692375e-01 1.5284376453e+00 2.4662419112e+00 1.7898455173e+01 0.0000000000e+00 6.8582242731e-03
4.7489829556e-01 3.4447321055e-01 1.5284453185e+00 2.4662309338e+00 1.7898568439e+01 0.0000000000e+00 6.8582982003e-03
4.8175660788e-01 3.4447012033e-01 1.5284468582e+00 2.4662279492e+00 1.7898707346e+01 0.0000000000e+00 6.8583597257e-03
4.8861501502e-01 3.4446488062e-01 1.5284742132e+00 2.4661975817e+00 1.7898759210e+01 0.0000000000e+00 6.8584640494e-03
4.9547353598e-01 3.4445521299e-01 1.5285330118e+00 2.4661325573e+00 1.7898789627e+01 0.0000000000e+00 6.8586565419e-03
5.0233232810e-01 3.4444484951e-01 1.5286041141e+00 2.4660531614e+00 1.7898751897e+01 0.0000000000e+00 6.8588629017e-03
5.0919126178e-01 3.4443361541e-01 1.5286641219e+00 2.4659851508e+00 1.7898842044e+01 0.0000000000e+00 6.8590866115e-03
5.1605050132e-01 3.4442688910e-01 1.5287028825e+00 2.4659402327e+00 1.7898865556e+01 0.0000000000e+00 6.8592205626e-03
5.2290970291e-01 3.4441816717e-01 1.5287256263e+00 2.4659131094e+00 1.7899121942e+01 0.0000000000e+00 6.8593942630e-03
5.2976928985e-01 3.4441533664e-01 1.5287423493e+00 2.4658928089e+00 1.7899121689e+01 0.0000000000e+00 6.8594506361e-03
5.3662860418e-01 3.4440442885e-01 1.5287569162e+00 2.4658747819e+00 1.7899557724e+01 0.0000000000e+00 6.8596678848e-03
5.4348862562e-01 3.4440571340e-01 1.5287658401e+00 2.4658627142e+00 1.7899403365e+01 0.0000000000e+00 6.8596423000e-03
5.5034788878e-01 3.4438980586e-01 1.5287648965e+00 2.4658608003e+00 1.7900216255e+01 0.0000000000e+00 6.8599591503e-03
5.5720854392e-01 3.4440094578e-01 1.5287567048e+00 2.4658670587e+00 1.7899682688e+01 0.0000000000e+00 6.8597372595e-03
5.6406736330e-01 3.4437231397e-01 1.5287460849e+00 2.4658763323e+00 1.7901238226e+01 0.0000000000e+00 6.8603075920e-03
5.7092915910e-01 3.4440230581e-01 1.5287352435e+00 2.4658858540e+00 1.7899748436e+01 0.0000000000e+00 6.8597101707e-03
5.7778678364e-01 3.4434365540e-01 1.5287240054e+00 2.4658956698e+00 1.7902868480e+01 0.0000000000e+00 6.8608785524e-03
5.8465091621e-01 3.4441566262e-01 1.5287118425e+00 2.4659063962e+00 1.7899203374e+01 0.0000000000e+00 6.8594441438e-03
5.9150567193e-01 3.4429129618e-01 1.5286992888e+00 2.4659176340e+00 1.7905750606e+01 0.0000000000e+00 6.8619219430e-03
5.9837476009e-01 3.4445755389e-01 1.5286874287e+00 2.4659281297e+00 1.7897184297e+01 0.0000000000e+00 6.8586099312e-03
6.0522289179e-01 3.4418785632e-01 1.5286771431e+00 2.4659369478e+00 1.7911272162e+01 0.0000000000e+00 6.8639841779e-03
6.1210272845e-01 3.4456457453e-01 1.5286685415e+00 2.4659438042e+00 1.7891739216e+01 0.0000000000e+00 6.8564796692e-03
6.1893585113e-01 3.4397389952e-01 1.5286616334e+00 2.4659487823e+00 1.7922499249e+01 0.0000000000e+00 6.8682536765e-03
6.2583923580e-01 3.4482039743e-01 1.5286562579e+00 2.4659519710e+00 1.7878524511e+01 0.0000000000e+00 6.8513928342e-03
6.3263863680e-01 3.4352007883e-01 1.5286524989e+00 2.4659533320e+00 1.7946209581e+01 0.0000000000e+00 6.8773272528e-03
6.3959389031e-01 3.4541300940e-01 1.5286500514e+00 2.4659531834e+00 1.7847859782e+01 0.0000000000e+00 6.8396381599e-03
6.4631791312e-01 3.4254370860e-01 1.5286487206e+00 2.4659516088e+00 1.7997350023e+01 0.0000000000e+00 6.8969300578e-03
6.5338775042e-01 3.4676590580e-01 1.5286481152e+00 2.4659492855e+00 1.7778198810e+01 0.0000000000e+00 6.8129535242e-03
6.5994382016e-01 3.4043168538e-01 1.5286480094e+00 2.4659460578e+00 1.8108964027e+01 0.0000000000e+00 6.9397183089e-03
6.6726718704e-01 3.4985729765e-01 1.5286481619e+00 2.4659427513e+00 1.7621061271e+01 0.0000000000e+00 6.7527532393e-03
6.7344932664e-01 3.3585939875e-01 1.5286482724e+00 2.4659390049e+00 1.8355441400e+01 0.0000000000e+00 7.0341935011e-03
6.8133557404e-01 3.5723839121e-01 1.5286481403e+00 2.4659357192e+00 1.7256933884e+01 0.0000000000e+00 6.6132309913e-03
6.8667578863e-01 3.2570090700e-01 1.5286477634e+00 2.4659324133e+00 1.8927890284e+01 0.0000000000e+00 7.2535874147e-03
6.9584274887e-01 3.7013177102e-01 1.5286466120e+00 2.4659296519e+00 1.6655755092e+01 0.0000000000e+00 6.3828619562e-03
6.9944151254e-01 9.3111954580e-01 1.5286457665e+00 2.4659274220e+00 6.6208668724e+00 0.0000000000e+00 2.5372681850e-03
7.0091728524e-01 1.3787662414e+00 1.5286452251e+00 2.4659258287e+00 4.4712543626e+00 0.0000000000e+00 1.7134884284e-03
7.0286848939e-01 1.2661660961e+00 1.5286444627e+00 2.4659237495e+00 4.8688788877e+00 0.0000000000e+00 1.8658689466e-03
7.0464902314e-01 1.3044922806e+00 1.5286435930e+00 2.4659220608e+00 4.7258272386e+00 0.0000000000e+00 1.8110494291e-03
7.0649058825e-01 1.2888744086e+00 1.5286426366e+00 2.4659202274e+00 4.7830886604e+00 0.0000000000e+00 1.8329947311e-03
7.0831501260e-01 1.2934920801e+00 1.5286415741e+00 2.4659185735e+00 4.7660101896e+00 0.0000000000e+00 1.8264510749e-03
7.1014349040e-01 1.2929664353e+00 1.5286404347e+00 2.4659169219e+00 4.7679445779e+00 0.0000000000e+00 1.8271936034e-03
7.1196939981e-01 1.2949086986e+00 1.5286391891e+00 2.4659154147e+00 4.7607901185e+00 0.0000000000e+00 1.8244529537e-03
7.1379239631e-01 1.2969874669e+00 1.5286378526e+00 2.4659139880e+00 4.7531569328e+00 0.0000000000e+00 1.8215287813e-03
7.1561245737e-01 1.2991043930e+00 1.5286364181e+00 2.4659126920e+00 4.7454090398e+00 0.0000000000e+00 1.8185605504e-03
7.1742951741e-01 1.3011430001e+00 1.5286349053e+00 2.4659114981e+00 4.7379717254e+00 0.0000000000e+00 1.8157112630e-03
7.1924387989e-01 1.3028516539e+00 1.5286333306e+00 2.4659104141e+00 4.7317559269e+00 0.0000000000e+00 1.8133300080e-03
7.2105617743e-01 1.3041833489e+00 1.5286317237e+00 2.4659094143e+00 4.7269224384e+00 0.0000000000e+00 1.8114784259e-03
7.2286683675e-01 1.3051047305e+00 1.5286301163e+00 2.4659084758e+00 4.7235835143e+00 0.0000000000e+00 1.8101995531e-03
7.2467657653e-01 1.3056427642e+00 1.5286285422e+00 2.4659075648e+00 4.7216352595e+00 0.0000000000e+00 1.8094535999e-03
7.2648574395e-01 1.3058498086e+00 1.5286270265e+00 2.4659066646e+00 4.7208849138e+00 0.0000000000e+00 1.8091667084e-03
7.2829490995e-01 1.3057775415e+00 1.5286255785e+00 2.4659057880e+00 4.7211445091e+00 0.0000000000e+00 1.8092668353e-03
7.3010427762e-01 1.3055435694e+00 1.5286241889e+00 2.4659049878e+00 4.7219890734e+00 0.0000000000e+00 1.8095910818e-03
7.3191409211e-01 1.3051966681e+00 1.5286228387e+00 2.4659043401e+00 4.7232428654e+00 0.0000000000e+00 1.8100720434e-03
7.3372442170e-01 1.3048199554e+00 1.5286215167e+00 2.4659039093e+00 4.7246056804e+00 0.0000000000e+00 1.8105946266e-03
7.3553528137e-01 1.3044592025e+00 1.5286202358e+00 2.4659037075e+00 4.7259119005e+00 0.0000000000e+00 1.8110953532e-03
7.3734661241e-01 1.3041530457e+00 1.5286190383e+00 2.4659036787e+00 4.7270212781e+00 0.0000000000e+00 1.8115205173e-03
7.3915832240e-01 1.3039246584e+00 1.5286179822e+00 2.4659037221e+00 4.7278493168e+00 0.0000000000e+00 1.8118378120e-03
7.4097028803e-01 1.3037726040e+00 1.5286171134e+00 2.4659037483e+00 4.7284007594e+00 0.0000000000e+00 1.8120491202e-03
7.4278242064e-01 1.3036856981e+00 1.5286164382e+00 2.4659037354e+00 4.7287159379e+00 0.0000000000e+00 1.8121699145e-03
7.4459462786e-01 1.3036722599e+00 1.5286159201e+00 2.4659037574e+00 4.7287647235e+00 0.0000000000e+00 1.8121885942e-03
7.4640679783e-01 1.3037006290e+00 1.5286154967e+00 2.4659039428e+00 4.7286621787e+00 0.0000000000e+00 1.8121491602e-03
7.4821892618e-01 1.3037499193e+00 1.5286151214e+00 2.4659044215e+00 4.7284843223e+00 0.0000000000e+00 1.8120806490e-03
7.5003095913e-01 1.3038218952e+00 1.5286147712e+00 2.4659051849e+00 4.7282247558e+00 0.0000000000e+00 1.8119806154e-03
7.5184288741e-01 1.3038961361e+00 1.5286144859e+00 2.4659061734e+00 4.7279574366e+00 0.0000000000e+00 1.8118774452e-03
7.5365471402e-01 1.3039585945e+00 1.5286143506e+00 2.4659072986e+00 4.7277331292e+00 0.0000000000e+00 1.8117906580e-03
7.5546646873e-01 1.3040126705e+00 1.5286143733e+00 2.4659084185e+00 4.7275392225e+00 0.0000000000e+00 1.8117155251e-03
7.5727814507e-01 1.3040464997e+00 1.5286144634e+00 2.4659093263e+00 4.7274183222e+00 0.0000000000e+00 1.8116685260e-03
7.5908980578e-01 1.3040697150e+00 1.5286145845e+00 2.4659100691e+00 4.7273355878e+00 0.0000000000e+00 1.8116362743e-03
7.6090141762e-01 1.3040826884e+00 1.5286149157e+00 2.4659111873e+00 4.7272907027e+00 0.0000000000e+00 1.8116182517e-03
7.6271304228e-01 1.3040702521e+00 1.5286152425e+00 2.4659120724e+00 4.7273374813e+00 0.0000000000e+00 1.8116355282e-03
7.6452468867e-01 1.3040653671e+00 1.5286149760e+00 2.4659112028e+00 4.7273535226e+00 0.0000000000e+00 1.8116423146e-03
7.6633632691e-01 1.3040540241e+00 1.5286145965e+00 2.4659101681e+00 4.7273926589e+00 0.0000000000e+00 1.8116580727e-03
7.6814800482e-01 1.3040336847e+00 1.5286158332e+00 2.4659124210e+00 4.7274707126e+00 0.0000000000e+00 1.8116863297e-03
7.6995969957e-01 1.3040209875e+00 1.5286160857e+00 2.4659126961e+00 4.7275172711e+00 0.0000000000e+00 1.8117039700e-03
7.7177141276e-01 1.3040099091e+00 1.5286118749e+00 2.4659034077e+00 4.7275396272e+00 0.0000000000e+00 1.8117193616e-03
7.7358313830e-01 1.3040002827e+00 1.5286090565e+00 2.4659010499e+00 4.7275700061e+00 0.0000000000e+00 1.8117327360e-03
7.7539487823e-01 1.3040054764e+00 1.5286165551e+00 2.4659188997e+00 4.7275853981e+00 0.0000000000e+00 1.8117255202e-03
7.7720658934e-01 1.3040003067e+00 1.5286159087e+00 2.4659145244e+00 4.7275957522e+00 0.0000000000e+00 1.8117327027e-03
7.7901834364e-01 1.3039851484e+00 1.5285925725e+00 2.4658591571e+00 4.7275445587e+00 0.0000000000e+00 1.8117537634e-03
7.8083009686e-01 1.3040028463e+00 1.5285917377e+00 2.4658656457e+00 4.7274928362e+00 0.0000000000e+00 1.8117291743e-03
7.8264180199e-01 1.3040394082e+00 1.5286407250e+00 2.4659691166e+00 4.7275586556e+00 0.0000000000e+00 1.8116783781e-03
7.8445345362e-01 1.3040156029e+00 1.5286206068e+00 2.4659006947e+00 4.7275137837e+00 0.0000000000e+00 1.8117114510e-03
7.8626522489e-01 1.3039271451e+00 1.5284925629e+00 2.4656249165e+00 4.7273057503e+00 0.0000000000e+00 1.8118343566e-03
7.8807712233e-01 1.3040217554e+00 1.5285544038e+00 2.4658051395e+00 4.7273082857e+00 0.0000000000e+00 1.8117029032e-03
7.8988863069e-01 1.3042126451e+00 1.5288026884e+00 2.4663361176e+00 4.7276341915e+00 0.0000000000e+00 1.8114377351e-03
7.9169999780e-01 1.3039269767e+00 1.5285880995e+00 2.4657118967e+00 4.7274731270e+00 0.0000000000e+00 1.8118345907e-03
7.9351229987e-01 1.3035098506e+00 1.5279643527e+00 2.4644630387e+00 4.7265907455e+00 0.0000000000e+00 1.8124143817e-03
7.9532482657e-01 1.3042324506e+00 1.5286317808e+00 2.4660524062e+00 4.7270185716e+00 0.0000000000e+00 1.8114102275e-03
7.9713512033e-01 1.3049428159e+00 1.5297310209e+00 2.4683407955e+00 4.7288294274e+00 0.0000000000e+00 1.8104241590e-03
7.9894567488e-01 1.3029471073e+00 1.5280185541e+00 2.4637205408e+00 4.7272075110e+00 0.0000000000e+00 1.8131971642e-03
8.0076151466e-01 1.3015488322e+00 1.5253227595e+00 2.4589113618e+00 4.7230486114e+00 0.0000000000e+00 1.8151451115e-03
8.0257596511e-01 1.3061934400e+00 1.5302733392e+00 2.4699813233e+00 4.7274416781e+00 0.0000000000e+00 1.8086907556e-03
8.0437889617e-01 1.3080306501e+00 1.5342447370e+00 2.4777148762e+00 4.7355826027e+00 0.0000000000e+00 1.8061503374e-03
8.0618826578e-01 1.2957743948e+00 1.5224950583e+00 2.4476838853e+00 4.7224345055e+00 0.0000000000e+00 1.8232340518e-03
8.0802536427e-01 1.2934141642e+00 1.5130060001e+00 2.4343015162e+00 4.7051856697e+00 0.0000000000e+00 1.8265611011e-03
8.0984138798e-01 1.3205223661e+00 1.5443028378e+00 2.5021589194e+00 4.7370627404e+00 0.0000000000e+00 1.7890647373e-03
8.1160349375e-01 1.3177637285e+00 1.5532354792e+00 2.5136017704e+00 4.7686882634e+00 0.0000000000e+00 1.7928100075e-03
8.1342700800e-01 1.2484141659e+00 1.4789001013e+00 2.3352862799e+00 4.6765054893e+00 0.0000000000e+00 1.8924008270e-03
8.1538829540e-01 1.2611076230e+00 1.4567989927e+00 2.3282339971e+00 4.6154546102e+00 0.0000000000e+00 1.8733531991e-03
8.1717371440e-01 1.4129527434e+00 1.6373174794e+00 2.7217670560e+00 4.8157432523e+00 0.0000000000e+00 1.6720304419e-03
8.1873235629e-01 1.3111850696e+00 1.6208818316e+00 2.5852016145e+00 4.9291318105e+00 0.0000000000e+00 1.8018051416e-03
8.2077732468e-01 8.7401544825e-01 1.0950627212e+00 1.4733036782e+00 4.2141808854e+00 0.0000000000e+00 2.7030414677e-03
8.2413843922e-01 6.1337297255e-01 3.8310130310e-01 8.0629088547e-01 3.2862993707e+00 0.0000000000e+00 3.8516532448e-03
8.2848063117e-01 5.2553511890e-01 8.2725538545e-02 6.1761889052e-01 2.9380476599e+00 0.0000000000e+00 4.4954179369e-03
8.3312927509e-01 5.0481623052e-01 1.5194699419e-02 5.7945487349e-01 2.8696327419e+00 0.0000000000e+00 4.6799208448e-03
8.3784047286e-01 5.0086125814e-01 2.7024620497e-03 5.7250033681e-01 2.8575794569e+00 0.0000000000e+00 4.7168751058e-03
8.4256302531e-01 5.0015243203e-01 4.7782851191e-04 5.7126517316e-01 2.8554553401e+00 0.0000000000e+00 4.7235599564e-03
8.4728759277e-01 5.0002692859e-01 8.4397751113e-05 5.7104683385e-01 2.8550804027e+00 0.0000000000e+00 4.7247455386e-03
8.5201251638e-01 5.0000475561e-01 1.4904252164e-05 5.7100827054e-01 2.8550141980e+00 0.0000000000e+00 4.7249550599e-03
8.5673750289e-01 5.0000083979e-01 2.6319326075e-06 5.7100146049e-01 2.8550025072e+00 0.0000000000e+00 4.7249920640e-03
8.6146250051e-01 5.0000014830e-01 4.6476775184e-07 5.7100025790e-01 2.8550004427e+00 0.0000000000e+00 4.7249985986e-03
8.6618750009e-01 5.0000002619e-01 8.2072107041e-08 5.7100004554e-01 2.8550000782e+00 0.0000000000e+00 4.7249997525e-03
8.7091250002e-01 5.0000000462e-01 1.4492857587e-08 5.7100000804e-01 2.8550000138e+00 0.0000000000e+00 4.7249999563e-03
8.7563750000e-01 5.0000000082e-01 2.5592180206e-09 5.7100000142e-01 2.8550000024e+00 0.0000000000e+00 4.7249999923e-03
8.8036250000e-01 5.0000000014e-01 4.5189365931e-10 5.7100000025e-01 2.8550000004e+00 0.0000000000e+00 4.7249999986e-03
8.8508750000e-01 5.0000000003e-01 7.9808787497e-11 5.7100000004e-01 2.8550000001e+00 0.0000000000e+00 4.7249999998e-03
8.8981250000e-01 5.0000000000e-01 1.4097664450e-11 5.7100000001e-01 2.8550000000e+00 0.0000000000e+00 4.7250000000e-03
8.9453750000e-01 5.0000000000e-01 2.4810041363e-12 5.7100000000e-01 2.8550000000e+00 0.0000000000e+00 4.7250000000e-03
8.9926250000e-01 5.0000000000e-01 4.3153308093e-13 5.7100000000e-01 2.8550000000e+00 0.0000000000e+00 4.7250000000e-03
9.0398750000e-01 5.0000000000e-01 6.9294772690e-14 5.7100000000e-01 2.8550000000e+00 0.0000000000e+00 4.7250000000e-03
9.0871250000e-01 5.0000000000e-01 1.2294654040e-14 5.7100000000e-01 2.8550000000e+00 0.0000000000e+00 4.7250000000e-03
9.1343750000e-01 5.0000000000e-01 8.6167205137e-15 5.7100000000e-01 2.8550000000e+00 0.0000000000e+00 4.7250000000e-03
9.1816250000e-01 5.0000000000e-01 1.6852924499e-14 5.7100000000e-01 2.8550000000e+00 0.0000000000e+00 4.7250000000e-03
9.2288750000e-01 5.0000000000e-01 2.1466147989e-14 5.7100000000e-01 2.8550000000e+00 0.0000000000e+00 4.7250000000e-03
9.2761250000e-01 5.0000000000e-01 2.8289871529e-14 5.7100000000e-01 2.8550000000e+00 0.0000000000e+00 4.7250000000e-03
9.3233750000e-01 5.0000000000e-01 3.3855361795e-14 5.7100000000e-01 2.8550000000e+00 0.0000000000e+00 4.7250000000e-03
9.3706250000e-01 5.0000000000e-01 3.9781917854e-14 5.7100000000e-01 2.8550000000e+00 0.0000000000e+00 4.7250000000e-03
9.4178750000e-01 5.0000000000e-01 4.5465578902e-14 5.7100000000e-01 2.8550000000e+00 0.0000000000e+00 4.7250000000e-03
9.4651250000e-01 5.0000000000e-01 5.1390381755e-14 5.7100000000e-01 2.8550000000e+00 0.0000000000e+00 4.7250000000e-03
9.5123750000e-01 5.0000000000e-01 5.5998895798e-14 5.7100000000e-01 2.8550000000e+00 0.0000000000e+00 4.7250000000e-03
9.5596250000e-01 5.0000000000e-01 6.0890978190e-14 5.7100000000e-01 2.8550000000e+00 0.0000000000e+00 4.7250000000e-03
9.6068750000e-01 5.0000000000e-01 6.5496124373e-14 5.7100000000e-01 2.8550000000e+00 0.0000000000e+00 4.7250000000e-03
9.6541250000e-01 5.0000000000e-01 6.4796900823e-14 5.7100000000e-01 2.8550000000e+00 0.0000000000e+00 4.7250000000e-03
9.7013750000e-01 5.0000000000e-01 6.3183859332e-14 5.7100000000e-01 2.8550000000e+00 0.0000000000e+00 4.7250000000e-03
9.7486250000e-01 5.0000000000e-01 6.3353197871e-14 5.7100000000e-01 2.8550000000e+00 0.0000000000e+00 4.7250000000e-03
9.7958750000e-01 5.0000000000e-01 6.5376871658e-14 5.7100000000e-01 2.8550000000e+00 0.0000000000e+00 4.7250000000e-03
9.8431250000e-01 5.0000000000e-01 6.0762202008e-14 5.7100000000e-01 2.8550000000e+00 0.0000000000e+00 4.7250000000e-03
9.8903750000e-01 5.0000000000e-01 5.8652338778e-14 5.7100000000e-01 2.8550000000e+00 0.0000000000e+00 4.7250000000e-03
9.9376250000e-01 5.0000000000e-01 6.2896415932e-14 5.7100000000e-01 2.8550000000e+00 0.0000000000e+00 4.7250000000e-03
9.9848750000e-01 5.0000000000e-01 6.2619768695e-14 5.7100000000e-01 2.8550000000e+00 0.0000000000e+00 4.7250000000e-03
