# x  rho  v  p  e  w  vol
9.3394233259e-02 4.4483131182e-01 6.9782018583e-01 3.5264206164e+00 1.9818864605e+01 0.0000000000e+00 5.3110020298e-03
9.8705235289e-02 4.4489905824e-01 6.9863633834e-01 3.5268551352e+00 1.9818288384e+01 0.0000000000e+00 5.3101933039e-03
1.0401461987e-01 4.4477485255e-01 6.9880137705e-01 3.5254856454e+00 1.9816125087e+01 0.0000000000e+00 5.3116762030e-03
1.0932858770e-01 4.4478343986e-01 7.0053077401e-01 3.5256124361e+00 1.9816455156e+01 0.0000000000e+00 5.3115736520e-03
1.1463776717e-01 4.4443885120e-01 7.0056707210e-01 3.5217669687e+00 1.9810188506e+01 0.0000000000e+00 5.3156918969e-03
1.1995997149e-01 4.4444131366e-01 7.0454511790e-01 3.5218068889e+00 1.9810303299e+01 0.0000000000e+00 5.3156624450e-03
1.2526909206e-01 4.4366319390e-01 7.0455804233e-01 3.5131684090e+00 1.9796370633e+01 0.0000000000e+00 5.3249853323e-03
1.3060994215e-01 4.4366338494e-01 7.1288180756e-01 3.5131764147e+00 1.9796407220e+01 0.0000000000e+00 5.3249830394e-03
1.3591905814e-01 4.4213359897e-01 7.1288398975e-01 3.4962234104e+00 1.9769043896e+01 0.0000000000e+00 5.3434075255e-03
1.4129675720e-01 4.4213329632e-01 7.2825237770e-01 3.4962252638e+00 1.9769067909e+01 0.0000000000e+00 5.3434111832e-03
1.4660588051e-01 4.3949668272e-01 7.2825259956e-01 3.4670656778e+00 1.9721796626e+01 0.0000000000e+00 5.3754671944e-03
1.5204769159e-01 4.3949625315e-01 7.5317678566e-01 3.4670664813e+00 1.9721820473e+01 0.0000000000e+00 5.3754724484e-03
1.5735682540e-01 4.3550544445e-01 7.5317681152e-01 3.4230655112e+00 1.9649958197e+01 0.0000000000e+00 5.4247312636e-03
1.6289715412e-01 4.3550494912e-01 7.8890719924e-01 3.4230661993e+00 1.9649984497e+01 0.0000000000e+00 5.4247374336e-03
1.6820630027e-01 4.3014401689e-01 7.8890718424e-01 3.3642137199e+00 1.9552833399e+01 0.0000000000e+00 5.4923465333e-03
1.7388184719e-01 4.3014346604e-01 8.3489035549e-01 3.3642145345e+00 1.9552863173e+01 0.0000000000e+00 5.4923535670e-03
1.7919100740e-01 4.2362507987e-01 8.3489033083e-01 3.2930506249e+00 1.9433756294e+01 0.0000000000e+00 5.5768652808e-03
1.8503557775e-01 4.2362447329e-01 8.8923905140e-01 3.2930516512e+00 1.9433790177e+01 0.0000000000e+00 5.5768732662e-03
1.9034475394e-01 4.1626838478e-01 8.8923902007e-01 3.2132669685e+00 1.9298048362e+01 0.0000000000e+00 5.6754250055e-03
1.9638642776e-01 4.1626771909e-01 9.4972952288e-01 3.2132682583e+00 1.9298086970e+01 0.0000000000e+00 5.6754340816e-03
2.0169562210e-01 4.0837128746e-01 9.4972948433e-01 3.1282482667e+00 1.9150760366e+01 0.0000000000e+00 5.7851765600e-03
2.0795678088e-01 4.0837055926e-01 1.0145330168e+00 3.1282498729e+00 1.9150804349e+01 0.0000000000e+00 5.7851868761e-03
2.1326599585e-01 4.0014996304e-01 1.0145329693e+00 3.0404351084e+00 1.8995597833e+01 0.0000000000e+00 5.9040365318e-03
2.1976485394e-01 4.0014916826e-01 1.0824068979e+00 3.0404370943e+00 1.8995647970e+01 0.0000000000e+00 5.9040482585e-03
2.2507409237e-01 3.9174444536e-01 1.0824068403e+00 2.9513976675e+00 1.8834968194e+01 0.0000000000e+00 6.0307172902e-03
2.3182628852e-01 3.9174357877e-01 1.1525517216e+00 2.9514001024e+00 1.8835025399e+01 0.0000000000e+00 6.0307306310e-03
2.3713555363e-01 3.8324772504e-01 1.1525516526e+00 2.8621675055e+00 1.8670479422e+01 0.0000000000e+00 6.1644201534e-03
2.4415512883e-01 3.8324678124e-01 1.2243859910e+00 2.8621704639e+00 1.8670544699e+01 0.0000000000e+00 6.1644353343e-03
2.4946442430e-01 3.7473454848e-01 1.2243859089e+00 2.7735546105e+00 1.8503462129e+01 0.0000000000e+00 6.3044627445e-03
2.5676405432e-01 3.7473352106e-01 1.2973341418e+00 2.7735581747e+00 1.8503536639e+01 0.0000000000e+00 6.3044800298e-03
2.6207338436e-01 3.6628664798e-01 1.2973340447e+00 2.6864135097e+00 1.8335458885e+01 0.0000000000e+00 6.4498665541e-03
2.6966378743e-01 3.6628553010e-01 1.3705961162e+00 2.6864177707e+00 1.8335543926e+01 0.0000000000e+00 6.4498862386e-03
2.7497315684e-01 3.5802276716e-01 1.3705960019e+00 2.6019447313e+00 1.8168849651e+01 0.0000000000e+00 6.5987423615e-03
2.8286127215e-01 3.5802155165e-01 1.4427839574e+00 2.6019497907e+00 1.8168946665e+01 0.0000000000e+00 6.5987647647e-03
2.8817068637e-01 3.5015083065e-01 1.4427838173e+00 2.5222038839e+00 1.8007981584e+01 0.0000000000e+00 6.7470923763e-03
2.9635545690e-01 3.5014951503e-01 1.5111909212e+00 2.5222099184e+00 1.8008092330e+01 0.0000000000e+00 6.7471177270e-03
3.0166492182e-01 3.4307626809e-01 1.5111905392e+00 2.4511488452e+00 1.7861544744e+01 0.0000000000e+00 6.8862239092e-03
3.1012790472e-01 3.4307506067e-01 1.5702320743e+00 2.4511582079e+00 1.7861675832e+01 0.0000000000e+00 6.8862481446e-03
3.1543741811e-01 3.3762328789e-01 1.5702248771e+00 2.3967780504e+00 1.7747428394e+01 0.0000000000e+00 6.9974438516e-03
3.2412279243e-01 3.3762827857e-01 1.6086064862e+00 2.3968515897e+00 1.7747710588e+01 0.0000000000e+00 6.9973404184e-03
3.2943209895e-01 3.3528731534e-01 1.6084637970e+00 2.3735920277e+00 1.7698194348e+01 0.0000000000e+00 7.0461955820e-03
3.3821518359e-01 3.3558829821e-01 1.6098438969e+00 2.3761761835e+00 1.7701572106e+01 0.0000000000e+00 7.0398759808e-03
3.4351185091e-01 3.3648913233e-01 1.6034509885e+00 2.3849496391e+00 1.7719366021e+01 0.0000000000e+00 7.0210291299e-03
3.5225724185e-01 3.3807074749e-01 1.5881614423e+00 2.4012441091e+00 1.7756964533e+01 0.0000000000e+00 6.9881822593e-03
3.5748821543e-01 3.3975524585e-01 1.5696433912e+00 2.4179034398e+00 1.7791509251e+01 0.0000000000e+00 6.9535350194e-03
3.6616431189e-01 3.4140406875e-01 1.5562098505e+00 2.4354368354e+00 1.7833976352e+01 0.0000000000e+00 6.9199526786e-03
3.7132812078e-01 3.4233193700e-01 1.5465299371e+00 2.4430433808e+00 1.7841188016e+01 0.0000000000e+00 6.9011966008e-03
3.7996670509e-01 3.4319912843e-01 1.5412427622e+00 2.4537066791e+00 1.7873782855e+01 0.0000000000e+00 6.8837587403e-03
3.8509563826e-01 3.4357469360e-01 1.5365163926e+00 2.4549828654e+00 1.7863530923e+01 0.0000000000e+00 6.8762340301e-03
3.9371917315e-01 3.4400967170e-01 1.5337505164e+00 2.4620120646e+00 1.7892026498e+01 0.0000000000e+00 6.8675394746e-03
3.9883071721e-01 3.4415959409e-01 1.5317752121e+00 2.4606457225e+00 1.7874307187e+01 0.0000000000e+00 6.8645478451e-03
4.0744826884e-01 3.4437666585e-01 1.5305818626e+00 2.4657563301e+00 1.7900140853e+01 0.0000000000e+00 6.8602208984e-03
4.1255115901e-01 3.4439442309e-01 1.5297630770e+00 2.4628493890e+00 1.7878116078e+01 0.0000000000e+00 6.8598671802e-03
4.2116800320e-01 3.4454340558e-01 1.5291753462e+00 2.4675350887e+00 1.7904384823e+01 0.0000000000e+00 6.8569009355e-03
4.2626496088e-01 3.4451905447e-01 1.5286193766e+00 2.4639624290e+00 1.7879725353e+01 0.0000000000e+00 6.8573855912e-03
4.3488277438e-01 3.4465496744e-01 1.5281646556e+00 2.4687960504e+00 1.7907735878e+01 0.0000000000e+00 6.8546814154e-03
4.3997432371e-01 3.4460988613e-01 1.5277251387e+00 2.4647355070e+00 1.7880621002e+01 0.0000000000e+00 6.8555781337e-03
4.4859393065e-01 3.4473410718e-01 1.5274432213e+00 2.4697415002e+00 1.7910481214e+01 0.0000000000e+00 6.8531078033e-03
4.5368053932e-01 3.4466145984e-01 1.5272307702e+00 2.4651027574e+00 1.7880609269e+01 0.0000000000e+00 6.8545522935e-03
4.6230303524e-01 3.4477169498e-01 1.5271876783e+00 2.4702726534e+00 1.7912380057e+01 0.0000000000e+00 6.8523606618e-03
4.6738526064e-01 3.4465050532e-01 1.5271034433e+00 2.4648408816e+00 1.7879278019e+01 0.0000000000e+00 6.8547701615e-03
4.7601257556e-01 3.4476057037e-01 1.5277014056e+00 2.4703033775e+00 1.7913180840e+01 0.0000000000e+00 6.8525817713e-03
4.8109042418e-01 3.4453973171e-01 1.5276452701e+00 2.4636003353e+00 1.7876024944e+01 0.0000000000e+00 6.8569740513e-03
4.8972652366e-01 3.4466035005e-01 1.5288241531e+00 2.4694385674e+00 1.7912116719e+01 0.0000000000e+00 6.8545743648e-03
4.9479957291e-01 3.4444712253e-01 1.5287475076e+00 2.4625458553e+00 1.7873177726e+01 0.0000000000e+00 6.8588176398e-03
5.0344415894e-01 3.4459625328e-01 1.5287960550e+00 2.4689023344e+00 1.7911558171e+01 0.0000000000e+00 6.8558493527e-03
5.0851127162e-01 3.4448890778e-01 1.5286177994e+00 2.4628681673e+00 1.7873348834e+01 0.0000000000e+00 6.8579856901e-03
5.1716013032e-01 3.4466386812e-01 1.5285169699e+00 2.4697537938e+00 1.7914220362e+01 0.0000000000e+00 6.8545043984e-03
5.2222028042e-01 3.4442325721e-01 1.5283351351e+00 2.4620533819e+00 1.7870841547e+01 0.0000000000e+00 6.8592928919e-03
5.3087871611e-01 3.4462354383e-01 1.5297008576e+00 2.4694934658e+00 1.7914428004e+01 0.0000000000e+00 6.8553064418e-03
5.3593089330e-01 3.4429651859e-01 1.5294432879e+00 2.4606540703e+00 1.7867259306e+01 0.0000000000e+00 6.8618178588e-03
5.4460235182e-01 3.4459877827e-01 1.5290161440e+00 2.4693181024e+00 1.7914443246e+01 0.0000000000e+00 6.8557991177e-03
5.4964249153e-01 3.4439441543e-01 1.5285361833e+00 2.4615533973e+00 1.7868708717e+01 0.0000000000e+00 6.8598673328e-03
5.5832208649e-01 3.4480870841e-01 1.5285907934e+00 2.4717095100e+00 1.7920875037e+01 0.0000000000e+00 6.8516250964e-03
5.6334574173e-01 3.4414154424e-01 1.5281521442e+00 2.4587889000e+00 1.7861755876e+01 0.0000000000e+00 6.8649078832e-03
5.7205190226e-01 3.4472686797e-01 1.5309887192e+00 2.4709315504e+00 1.7919487716e+01 0.0000000000e+00 6.8532517176e-03
5.7705224516e-01 3.4401358031e-01 1.5296779562e+00 2.4574759309e+00 1.7858858425e+01 0.0000000000e+00 6.8674614469e-03
5.8578682515e-01 3.4497161091e-01 1.5279069833e+00 2.4735268762e+00 1.7925582845e+01 0.0000000000e+00 6.8483896219e-03
5.9074902441e-01 3.4397272095e-01 1.5262662065e+00 2.4569641715e+00 1.7857260343e+01 0.0000000000e+00 6.8682772095e-03
5.9952337957e-01 3.4535422805e-01 1.5309542337e+00 2.4777609067e+00 1.7936373045e+01 0.0000000000e+00 6.8408023071e-03
6.0443062902e-01 3.4315897750e-01 1.5297940608e+00 2.4484182499e+00 1.7837346612e+01 0.0000000000e+00 6.8845641667e-03
6.1329250790e-01 3.4527731596e-01 1.5293633127e+00 2.4767929853e+00 1.7933360163e+01 0.0000000000e+00 6.8423261269e-03
6.1811528127e-01 3.4334550679e-01 1.5275040808e+00 2.4504063153e+00 1.7842131809e+01 0.0000000000e+00 6.8808239901e-03
6.2705415588e-01 3.4637760806e-01 1.5288317766e+00 2.4888457064e+00 1.7963384819e+01 0.0000000000e+00 6.8205910112e-03
6.3175646330e-01 3.4206179853e-01 1.5266289694e+00 2.4366742909e+00 1.7808728579e+01 0.0000000000e+00 6.9066467234e-03
6.4086744933e-01 3.4619673358e-01 1.5326191758e+00 2.4877314399e+00 1.7964723513e+01 0.0000000000e+00 6.8241545077e-03
6.4540477231e-01 3.4189370249e-01 1.5291771605e+00 2.4346754940e+00 1.7802868818e+01 0.0000000000e+00 6.9100424570e-03
6.5468753424e-01 3.4757434243e-01 1.5283521426e+00 2.5026154497e+00 1.8000576741e+01 0.0000000000e+00 6.7971070116e-03
6.5899898634e-01 3.4058026584e-01 1.5247563515e+00 2.4210920459e+00 1.7771816872e+01 0.0000000000e+00 6.9366908097e-03
6.6856091586e-01 3.4808288962e-01 1.5321028716e+00 2.5067528612e+00 1.8003993704e+01 0.0000000000e+00 6.7871764757e-03
6.7257333929e-01 3.3981131075e-01 1.5291237842e+00 2.4152881455e+00 1.7769333076e+01 0.0000000000e+00 6.9523877671e-03
6.8246569140e-01 3.5000951948e-01 1.5289218500e+00 2.5187054100e+00 1.7990263620e+01 0.0000000000e+00 6.7498164150e-03
6.8607297212e-01 3.3778453437e-01 1.5266925574e+00 2.4071512105e+00 1.7815729893e+01 0.0000000000e+00 6.9941035175e-03
6.9645389843e-01 3.5239513124e-01 1.5289763589e+00 2.5231862364e+00 1.7900263176e+01 0.0000000000e+00 6.7041221361e-03
6.9948121639e-01 1.0251658425e+00 1.5280997726e+00 2.4034592777e+00 5.8611474800e+00 0.0000000000e+00 2.3045051855e-03
7.0106290880e-01 1.2961506848e+00 1.5292524672e+00 2.5284843485e+00 4.8769104900e+00 0.0000000000e+00 1.8227047423e-03
7.0312662587e-01 1.3064838105e+00 1.5287524381e+00 2.4010662956e+00 4.5945198024e+00 0.0000000000e+00 1.8082887679e-03
7.0467948634e-01 1.2788568776e+00 1.5292971736e+00 2.5325071811e+00 4.9507244037e+00 0.0000000000e+00 1.8473529301e-03
7.0682133173e-01 1.2748185862e+00 1.5290413539e+00 2.3996479118e+00 4.7058615589e+00 0.0000000000e+00 1.8532048603e-03
7.0838589606e-01 1.2795830431e+00 1.5287913145e+00 2.5328660956e+00 4.9486160926e+00 0.0000000000e+00 1.8463045542e-03
7.1051394084e-01 1.2789620306e+00 1.5285051927e+00 2.3988024208e+00 4.6889633221e+00 0.0000000000e+00 1.8472010454e-03
7.1208029815e-01 1.2888564452e+00 1.5282647679e+00 2.5317223745e+00 4.9107920124e+00 0.0000000000e+00 1.8330202784e-03
7.1417998140e-01 1.2907086848e+00 1.5283111149e+00 2.3989480654e+00 4.6465714797e+00 0.0000000000e+00 1.8303897911e-03
7.1574107773e-01 1.3005722742e+00 1.5281930603e+00 2.5301395666e+00 4.8635120414e+00 0.0000000000e+00 1.8165080456e-03
7.1781299749e-01 1.2987111129e+00 1.5283577861e+00 2.3989069069e+00 4.6178608990e+00 0.0000000000e+00 1.8191112531e-03
7.1937930024e-01 1.3100870132e+00 1.5281739595e+00 2.5306926187e+00 4.8292452968e+00 0.0000000000e+00 1.8033153342e-03
7.2141962816e-01 1.3063701824e+00 1.5290103070e+00 2.4017866983e+00 4.5962980682e+00 0.0000000000e+00 1.8084460529e-03
7.2299619234e-01 1.3123812694e+00 1.5288052293e+00 2.5294785020e+00 4.8184901771e+00 0.0000000000e+00 1.8001628453e-03
7.2501995385e-01 1.3086084225e+00 1.5290015467e+00 2.4031614353e+00 4.5910629069e+00 0.0000000000e+00 1.8053528919e-03
7.2660689813e-01 1.3118421453e+00 1.5288499043e+00 2.5290964202e+00 4.8197422786e+00 0.0000000000e+00 1.8009026532e-03
7.2862175916e-01 1.3080244699e+00 1.5290498396e+00 2.4046580792e+00 4.5959730390e+00 0.0000000000e+00 1.8061588712e-03
7.3021921587e-01 1.3089015191e+00 1.5287604553e+00 2.5273202839e+00 4.8271780705e+00 0.0000000000e+00 1.8049486271e-03
7.3223165641e-01 1.3056196489e+00 1.5284371593e+00 2.4041825210e+00 4.6035277637e+00 0.0000000000e+00 1.8094856354e-03
7.3383818714e-01 1.3059257801e+00 1.5281555008e+00 2.5257563919e+00 4.8351836498e+00 0.0000000000e+00 1.8090614612e-03
7.3584977933e-01 1.3040623124e+00 1.5280374250e+00 2.4037525406e+00 4.6082010762e+00 0.0000000000e+00 1.8116465582e-03
7.3746148026e-01 1.3042480554e+00 1.5280002872e+00 2.5257737369e+00 4.8414366547e+00 0.0000000000e+00 1.8113885547e-03
7.3947255644e-01 1.3036875923e+00 1.5283284896e+00 2.4039895104e+00 4.6099800378e+00 0.0000000000e+00 1.8121672814e-03
7.4108581482e-01 1.3037061203e+00 1.5284099046e+00 2.5269306064e+00 4.8456676068e+00 0.0000000000e+00 1.8121415273e-03
7.4309683950e-01 1.3040145460e+00 1.5287219449e+00 2.4051231304e+00 4.6109975109e+00 0.0000000000e+00 1.8117129193e-03
7.4470924066e-01 1.3037336628e+00 1.5288671048e+00 2.5274848765e+00 4.8466280892e+00 0.0000000000e+00 1.8121032442e-03
7.4672104598e-01 1.3040809308e+00 1.5288577429e+00 2.4054109984e+00 4.6113146462e+00 0.0000000000e+00 1.8116206933e-03
7.4833248205e-01 1.3039627229e+00 1.5288487976e+00 2.5276114187e+00 4.8460193194e+00 0.0000000000e+00 1.8117849219e-03
7.5034461583e-01 1.3039192443e+00 1.5287308802e+00 2.4047765478e+00 4.6106700209e+00 0.0000000000e+00 1.8118453349e-03
7.5195617272e-01 1.3036666255e+00 1.5285389168e+00 2.5269589711e+00 4.8458688015e+00 0.0000000000e+00 1.8121964265e-03
7.5396900868e-01 1.3038554362e+00 1.5282936752e+00 2.4036602672e+00 4.6087553123e+00 0.0000000000e+00 1.8119340031e-03
7.5558004072e-01 1.3031121177e+00 1.5280964637e+00 2.5263272235e+00 4.8467188455e+00 0.0000000000e+00 1.8129675627e-03
7.5759494381e-01 1.3039691479e+00 1.5279652659e+00 2.4031049349e+00 4.6072887129e+00 0.0000000000e+00 1.8117759947e-03
7.5920359271e-01 1.3028800597e+00 1.5281878574e+00 2.5266010621e+00 4.8481075508e+00 0.0000000000e+00 1.8132904732e-03
7.6122152475e-01 1.3042320488e+00 1.5281079524e+00 2.4032419595e+00 4.6066226515e+00 0.0000000000e+00 1.8114107855e-03
7.6282641428e-01 1.3030363006e+00 1.5286281241e+00 2.5277599897e+00 4.8497497508e+00 0.0000000000e+00 1.8130730501e-03
7.6484767085e-01 1.3044412765e+00 1.5285420761e+00 2.4034402244e+00 4.6062637463e+00 0.0000000000e+00 1.8111202417e-03
7.6644865477e-01 1.3033111972e+00 1.5288019179e+00 2.5290540895e+00 4.8512091644e+00 0.0000000000e+00 1.8126906337e-03
7.6847305212e-01 1.3044455626e+00 1.5287265590e+00 2.4029923619e+00 4.6053902723e+00 0.0000000000e+00 1.8111142908e-03
7.7007088335e-01 1.3033465741e+00 1.5287670994e+00 2.5295456959e+00 4.8520204569e+00 0.0000000000e+00 1.8126414317e-03
7.7209833498e-01 1.3042275346e+00 1.5285617810e+00 2.4019057015e+00 4.6040771985e+00 0.0000000000e+00 1.8114170552e-03
7.7369371746e-01 1.3031548136e+00 1.5282960705e+00 2.5292171023e+00 4.8521040553e+00 0.0000000000e+00 1.8129081636e-03
7.7572415131e-01 1.3038972614e+00 1.5280478817e+00 2.4005375631e+00 4.6026202258e+00 0.0000000000e+00 1.8118758815e-03
7.7731746922e-01 1.3030307160e+00 1.5279746050e+00 2.5289187353e+00 4.8519937103e+00 0.0000000000e+00 1.8130808208e-03
7.7935031295e-01 1.3037721931e+00 1.5278740049e+00 2.3997211821e+00 4.6014963250e+00 0.0000000000e+00 1.8120496913e-03
7.8094156860e-01 1.3031094251e+00 1.5280976315e+00 2.5291527137e+00 4.8521495298e+00 0.0000000000e+00 1.8129713089e-03
7.8297625557e-01 1.3042562827e+00 1.5280314503e+00 2.4006070558e+00 4.6014864708e+00 0.0000000000e+00 1.8113771283e-03
7.8456432286e-01 1.3037076163e+00 1.5287219632e+00 2.5308753130e+00 4.8532264469e+00 0.0000000000e+00 1.8121394479e-03
7.8660053447e-01 1.3043941741e+00 1.5286668472e+00 2.4004838845e+00 4.6007639643e+00 0.0000000000e+00 1.8111856423e-03
7.8818669414e-01 1.3038846954e+00 1.5287309455e+00 2.5315215018e+00 4.8538063041e+00 0.0000000000e+00 1.8118933432e-03
7.9022432115e-01 1.3044372498e+00 1.5285370003e+00 2.4003969533e+00 4.6004454291e+00 0.0000000000e+00 1.8111258326e-03
7.9180894581e-01 1.3038545899e+00 1.5283393933e+00 2.5316746597e+00 4.8542120404e+00 0.0000000000e+00 1.8119351792e-03
7.9384819151e-01 1.3038913628e+00 1.5282203478e+00 2.3987333726e+00 4.5991818049e+00 0.0000000000e+00 1.8118840782e-03
7.9543271397e-01 1.3032221326e+00 1.5286451987e+00 2.5299855031e+00 4.8533274563e+00 0.0000000000e+00 1.8128145164e-03
7.9747382054e-01 1.3038009408e+00 1.5281110293e+00 2.3984370781e+00 4.5989326342e+00 0.0000000000e+00 1.8120097371e-03
7.9905673344e-01 1.3036152495e+00 1.5272595130e+00 2.5312450618e+00 4.8542794027e+00 0.0000000000e+00 1.8122678459e-03
8.0109835624e-01 1.3038358611e+00 1.5267974848e+00 2.3985176856e+00 4.5989640207e+00 0.0000000000e+00 1.8119612065e-03
8.0268065585e-01 1.3027741480e+00 1.5284867283e+00 2.5288848716e+00 4.8528842769e+00 0.0000000000e+00 1.8134378884e-03
8.0472523201e-01 1.3020422984e+00 1.5302793065e+00 2.3938535624e+00 4.5963436930e+00 0.0000000000e+00 1.8144571824e-03
8.0630957022e-01 1.3024210802e+00 1.5269964252e+00 2.5276571268e+00 4.8518431659e+00 0.0000000000e+00 1.8139294856e-03
8.0835309098e-01 1.3013289679e+00 1.5221419884e+00 2.3925723994e+00 4.5964019444e+00 0.0000000000e+00 1.8154517868e-03
8.0994047379e-01 1.3079968534e+00 1.5217737992e+00 2.5422508848e+00 4.8590539003e+00 0.0000000000e+00 1.8061970056e-03
8.1196548500e-01 1.2972470821e+00 1.5382477946e+00 2.3852040849e+00 4.5966649643e+00 0.0000000000e+00 1.8211642429e-03
8.1358280228e-01 1.2832811265e+00 1.5293331242e+00 2.4709472486e+00 4.8137294266e+00 0.0000000000e+00 1.8409839833e-03
8.1564745296e-01 1.2754988529e+00 1.5056697886e+00 2.3278858410e+00 4.5626968534e+00 0.0000000000e+00 1.8522164835e-03
8.1728723524e-01 1.3329987204e+00 1.4996432196e+00 2.6071247076e+00 4.8895859158e+00 0.0000000000e+00 1.7723197809e-03
8.1919209252e-01 1.1860831742e+00 1.5202004325e+00 2.1491769936e+00 4.5299879475e+00 0.0000000000e+00 1.9918501934e-03
8.2127093563e-01 9.1313372630e-01 1.1766784664e+00 1.5282675968e+00 4.1841286572e+00 0.0000000000e+00 2.5872442688e-03
8.2436658106e-01 6.4940402671e-01 5.2038591032e-01 8.4429524392e-01 3.2502695133e+00 0.0000000000e+00 3.6379509563e-03
8.2854683754e-01 5.3822959998e-01 1.2989677438e-01 6.3059228335e-01 2.9290115379e+00 0.0000000000e+00 4.3893906988e-03
8.3314536246e-01 5.0821304169e-01 2.7504814581e-02 5.8327903627e-01 2.8692644050e+00 0.0000000000e+00 4.6486410348e-03
8.3784411961e-01 5.0167415336e-01 5.5754383110e-03 5.7347900756e-01 2.8578261593e+00 0.0000000000e+00 4.7092320467e-03
8.4256382655e-01 5.0033641941e-01 1.1190439307e-03 5.7149715666e-01 2.8555644487e+00 0.0000000000e+00 4.7218229742e-03
8.4728776556e-01 5.0006738477e-01 2.2409011601e-04 5.7109954020e-01 2.8551129188e+00 0.0000000000e+00 4.7243632998e-03
8.5201255315e-01 5.0001348839e-01 4.4853636954e-05 5.7101992334e-01 2.8550225974e+00 0.0000000000e+00 4.7248725382e-03
8.5673751064e-01 5.0000269965e-01 8.9771941170e-06 5.7100398751e-01 2.8550045226e+00 0.0000000000e+00 4.7249744885e-03
8.6146250213e-01 5.0000054031e-01 1.7966960714e-06 5.7100079806e-01 2.8550009051e+00 0.0000000000e+00 4.7249948941e-03
8.6618750043e-01 5.0000010813e-01 3.5958349487e-07 5.7100015972e-01 2.8550001811e+00 0.0000000000e+00 4.7249989781e-03
8.7091250009e-01 5.0000002164e-01 7.1964068967e-08 5.7100003196e-01 2.8550000363e+00 0.0000000000e+00 4.7249997955e-03
8.7563750002e-01 5.0000000433e-01 1.4402014179e-08 5.7100000640e-01 2.8550000073e+00 0.0000000000e+00 4.7249999591e-03
8.8036250000e-01 5.0000000087e-01 2.8821886797e-09 5.7100000128e-01 2.8550000015e+00 0.0000000000e+00 4.7249999918e-03
8.8508750000e-01 5.0000000017e-01 5.7675776086e-10 5.7100000026e-01 2.8550000003e+00 0.0000000000e+00 4.7249999984e-03
8.8981250000e-01 5.0000000003e-01 1.1542403729e-10 5.7100000005e-01 2.8550000001e+00 0.0000000000e+00 4.7249999997e-03
8.9453750000e-01 5.0000000001e-01 2.3105508943e-11 5.7100000001e-01 2.8550000000e+00 0.0000000000e+00 4.7249999999e-03
8.9926250000e-01 5.0000000000e-01 4.6323963920e-12 5.7100000000e-01 2.8550000000e+00 0.0000000000e+00 4.7250000000e-03
9.0398750000e-01 5.0000000000e-01 9.3759570680e-13 5.7100000000e-01 2.8550000000e+00 0.0000000000e+00 4.7250000000e-03
9.0871250000e-01 5.0000000000e-01 1.9615184994e-13 5.7100000000e-01 2.8550000000e+00 0.0000000000e+00 4.7250000000e-03
9.1343750000e-01 5.0000000000e-01 6.3553260434e-14 5.7100000000e-01 2.8550000000e+00 0.0000000000e+00 4.7250000000e-03
9.1816250000e-01 5.0000000000e-01 4.5769428504e-14 5.7100000000e-01 2.8550000000e+00 0.0000000000e+00 4.7250000000e-03
9.2288750000e-01 5.0000000000e-01 4.6718480903e-14 5.7100000000e-01 2.8550000000e+00 0.0000000000e+00 4.7250000000e-03
9.2761250000e-01 5.0000000000e-01 9.7822675984e-14 5.7100000000e-01 2.8550000000e+00 0.0000000000e+00 4.7250000000e-03
9.3233750000e-01 5.0000000000e-01 1.0106874716e-13 5.7100000000e-01 2.8550000000e+00 0.0000000000e+00 4.7250000000e-03
9.3706250000e-01 5.0000000000e-01 1.2742823329e-13 5.7100000000e-01 2.8550000000e+00 0.0000000000e+00 4.7250000000e-03
9.4178750000e-01 5.0000000000e-01 1.2538111845e-13 5.7100000000e-01 2.8550000000e+00 0.0000000000e+00 4.7250000000e-03
9.4651250000e-01 5.0000000000e-01 1.3595111225e-13 5.7100000000e-01 2.8550000000e+00 0.0000000000e+00 4.7250000000e-03
9.5123750000e-01 5.0000000000e-01 1.3342880777e-13 5.7100000000e-01 2.8550000000e+00 0.0000000000e+00 4.7250000000e-03
9.5596250000e-01 5.0000000000e-01 1.3559468394e-13 5.7100000000e-01 2.8550000000e+00 0.0000000000e+00 4.7250000000e-03
9.6068750000e-01 5.0000000000e-01 1.4136033303e-13 5.7100000000e-01 2.8550000000e+00 0.0000000000e+00 4.7250000000e-03
9.6541250000e-01 5.0000000000e-01 1.3671301158e-13 5.7100000000e-01 2.8550000000e+00 0.0000000000e+00 4.7250000000e-03
9.7013750000e-01 5.0000000000e-01 1.3391045532e-13 5.7100000000e-01 2.8550000000e+00 0.0000000000e+00 4.7250000000e-03
9.7486250000e-01 5.0000000000e-01 1.2765609776e-13 5.7100000000e-01 2.8550000000e+00 0.0000000000e+00 4.7250000000e-03
9.7958750000e-01 5.0000000000e-01 1.2783406102e-13 5.7100000000e-01 2.8550000000e+00 0.0000000000e+00 4.7250000000e-03
9.8431250000e-01 5.0000000000e-01 1.2724969782e-13 5.7100000000e-01 2.8550000000e+00 0.0000000000e+00 4.7250000000e-03
9.8903750000e-01 5.0000000000e-01 1.2344922005e-13 5.7100000000e-01 2.8550000000e+00 0.0000000000e+00 4.7250000000e-03
9.9376250000e-01 5.0000000000e-01 1.3524622150e-13 5.7100000000e-01 2.8550000000e+00 0.0000000000e+00 4.7250000000e-03
9.9848750000e-01 5.0000000000e-01 1.3355038109e-13 5.7100000000e-01 2.8550000000e+00 0.0000000000e+00 4.7250000000e-03
