0.0000000000e+00 4.4500000000e-01 6.9800000000e-01 3.5280000000e+00 1.9820224719e+01
1.0000000000e-03 4.4500000000e-01 6.9800000000e-01 3.5280000000e+00 1.9820224719e+01
2.0000000000e-03 4.4500000000e-01 6.9800000000e-01 3.5280000000e+00 1.9820224719e+01
3.0000000000e-03 4.4500000000e-01 6.9800000000e-01 3.5280000000e+00 1.9820224719e+01
4.0000000000e-03 4.4500000000e-01 6.9800000000e-01 3.5280000000e+00 1.9820224719e+01
5.0000000000e-03 4.4500000000e-01 6.9800000000e-01 3.5280000000e+00 1.9820224719e+01
6.0000000000e-03 4.4500000000e-01 6.9800000000e-01 3.5280000000e+00 1.9820224719e+01
7.0000000000e-03 4.4500000000e-01 6.9800000000e-01 3.5280000000e+00 1.9820224719e+01
8.0000000000e-03 4.4500000000e-01 6.9800000000e-01 3.5280000000e+00 1.9820224719e+01
9.0000000000e-03 4.4500000000e-01 6.9800000000e-01 3.5280000000e+00 1.9820224719e+01
1.0000000000e-02 4.4500000000e-01 6.9800000000e-01 3.5280000000e+00 1.9820224719e+01
1.1000000000e-02 4.4500000000e-01 6.9800000000e-01 3.5280000000e+00 1.9820224719e+01
1.2000000000e-02 4.4500000000e-01 6.9800000000e-01 3.5280000000e+00 1.9820224719e+01
1.3000000000e-02 4.4500000000e-01 6.9800000000e-01 3.5280000000e+00 1.9820224719e+01
1.4000000000e-02 4.4500000000e-01 6.9800000000e-01 3.5280000000e+00 1.9820224719e+01
1.5000000000e-02 4.4500000000e-01 6.9800000000e-01 3.5280000000e+00 1.9820224719e+01
1.6000000000e-02 4.4500000000e-01 6.9800000000e-01 3.5280000000e+00 1.9820224719e+01
1.7000000000e-02 4.4500000000e-01 6.9800000000e-01 3.5280000000e+00 1.9820224719e+01
1.8000000000e-02 4.4500000000e-01 6.9800000000e-01 3.5280000000e+00 1.9820224719e+01
1.9000000000e-02 4.4500000000e-01 6.9800000000e-01 3.5280000000e+00 1.9820224719e+01
2.0000000000e-02 4.4500000000e-01 6.9800000000e-01 3.5280000000e+00 1.9820224719e+01
2.1000000000e-02 4.4500000000e-01 6.9800000000e-01 3.5280000000e+00 1.9820224719e+01
2.2000000000e-02 4.4500000000e-01 6.9800000000e-01 3.5280000000e+00 1.9820224719e+01
2.3000000000e-02 4.4500000000e-01 6.9800000000e-01 3.5280000000e+00 1.9820224719e+01
2.4000000000e-02 4.4500000000e-01 6.9800000000e-01 3.5280000000e+00 1.9820224719e+01
2.5000000000e-02 4.4500000000e-01 6.9800000000e-01 3.5280000000e+00 1.9820224719e+01
2.6000000000e-02 4.4500000000e-01 6.9800000000e-01 3.5280000000e+00 1.9820224719e+01
2.7000000000e-02 4.4500000000e-01 6.9800000000e-01 3.5280000000e+00 1.9820224719e+01
2.8000000000e-02 4.4500000000e-01 6.9800000000e-01 3.5280000000e+00 1.9820224719e+01
2.9000000000e-02 4.4500000000e-01 6.9800000000e-01 3.5280000000e+00 1.9820224719e+01
3.0000000000e-02 4.4500000000e-01 6.9800000000e-01 3.5280000000e+00 1.9820224719e+01
3.1000000000e-02 4.4500000000e-01 6.9800000000e-01 3.5280000000e+00 1.9820224719e+01
3.2000000000e-02 4.4500000000e-01 6.9800000000e-01 3.5280000000e+00 1.9820224719e+01
3.3000000000e-02 4.4500000000e-01 6.9800000000e-01 3.5280000000e+00 1.9820224719e+01
3.4000000000e-02 4.4500000000e-01 6.9800000000e-01 3.5280000000e+00 1.9820224719e+01
3.5000000000e-02 4.4500000000e-01 6.9800000000e-01 3.5280000000e+00 1.9820224719e+01
3.6000000000e-02 4.4500000000e-01 6.9800000000e-01 3.5280000000e+00 1.9820224719e+01
3.7000000000e-02 4.4500000000e-01 6.9800000000e-01 3.5280000000e+00 1.9820224719e+01
3.8000000000e-02 4.4500000000e-01 6.9800000000e-01 3.5280000000e+00 1.9820224719e+01
3.9000000000e-02 4.4500000000e-01 6.9800000000e-01 3.5280000000e+00 1.9820224719e+01
4.0000000000e-02 4.4500000000e-01 6.9800000000e-01 3.5280000000e+00 1.9820224719e+01
4.1000000000e-02 4.4500000000e-01 6.9800000000e-01 3.5280000000e+00 1.9820224719e+01
4.2000000000e-02 4.4500000000e-01 6.9800000000e-01 3.5280000000e+00 1.9820224719e+01
4.3000000000e-02 4.4500000000e-01 6.9800000000e-01 3.5280000000e+00 1.9820224719e+01
4.4000000000e-02 4.4500000000e-01 6.9800000000e-01 3.5280000000e+00 1.9820224719e+01
4.5000000000e-02 4.4500000000e-01 6.9800000000e-01 3.5280000000e+00 1.9820224719e+01
4.6000000000e-02 4.4500000000e-01 6.9800000000e-01 3.5280000000e+00 1.9820224719e+01
4.7000000000e-02 4.4500000000e-01 6.9800000000e-01 3.5280000000e+00 1.9820224719e+01
4.8000000000e-02 4.4500000000e-01 6.9800000000e-01 3.5280000000e+00 1.9820224719e+01
4.9000000000e-02 4.4500000000e-01 6.9800000000e-01 3.5280000000e+00 1.9820224719e+01
5.0000000000e-02 4.4500000000e-01 6.9800000000e-01 3.5280000000e+00 1.9820224719e+01
5.1000000000e-02 4.4500000000e-01 6.9800000000e-01 3.5280000000e+00 1.9820224719e+01
5.2000000000e-02 4.4500000000e-01 6.9800000000e-01 3.5280000000e+00 1.9820224719e+01
5.3000000000e-02 4.4500000000e-01 6.9800000000e-01 3.5280000000e+00 1.9820224719e+01
5.4000000000e-02 4.4500000000e-01 6.9800000000e-01 3.5280000000e+00 1.9820224719e+01
5.5000000000e-02 4.4500000000e-01 6.9800000000e-01 3.5280000000e+00 1.9820224719e+01
5.6000000000e-02 4.4500000000e-01 6.9800000000e-01 3.5280000000e+00 1.9820224719e+01
5.7000000000e-02 4.4500000000e-01 6.9800000000e-01 3.5280000000e+00 1.9820224719e+01
5.8000000000e-02 4.4500000000e-01 6.9800000000e-01 3.5280000000e+00 1.9820224719e+01
5.9000000000e-02 4.4500000000e-01 6.9800000000e-01 3.5280000000e+00 1.9820224719e+01
6.0000000000e-02 4.4500000000e-01 6.9800000000e-01 3.5280000000e+00 1.9820224719e+01
6.1000000000e-02 4.4500000000e-01 6.9800000000e-01 3.5280000000e+00 1.9820224719e+01
6.2000000000e-02 4.4500000000e-01 6.9800000000e-01 3.5280000000e+00 1.9820224719e+01
6.3000000000e-02 4.4500000000e-01 6.9800000000e-01 3.5280000000e+00 1.9820224719e+01
6.4000000000e-02 4.4500000000e-01 6.9800000000e-01 3.5280000000e+00 1.9820224719e+01
6.5000000000e-02 4.4500000000e-01 6.9800000000e-01 3.5280000000e+00 1.9820224719e+01
6.6000000000e-02 4.4500000000e-01 6.9800000000e-01 3.5280000000e+00 1.9820224719e+01
6.7000000000e-02 4.4500000000e-01 6.9800000000e-01 3.5280000000e+00 1.9820224719e+01
6.8000000000e-02 4.4500000000e-01 6.9800000000e-01 3.5280000000e+00 1.9820224719e+01
6.9000000000e-02 4.4500000000e-01 6.9800000000e-01 3.5280000000e+00 1.9820224719e+01
7.0000000000e-02 4.4500000000e-01 6.9800000000e-01 3.5280000000e+00 1.9820224719e+01
7.1000000000e-02 4.4500000000e-01 6.9800000000e-01 3.5280000000e+00 1.9820224719e+01
7.2000000000e-02 4.4500000000e-01 6.9800000000e-01 3.5280000000e+00 1.9820224719e+01
7.3000000000e-02 4.4500000000e-01 6.9800000000e-01 3.5280000000e+00 1.9820224719e+01
7.4000000000e-02 4.4500000000e-01 6.9800000000e-01 3.5280000000e+00 1.9820224719e+01
7.5000000000e-02 4.4500000000e-01 6.9800000000e-01 3.5280000000e+00 1.9820224719e+01
7.6000000000e-02 4.4500000000e-01 6.9800000000e-01 3.5280000000e+00 1.9820224719e+01
7.7000000000e-02 4.4500000000e-01 6.9800000000e-01 3.5280000000e+00 1.9820224719e+01
7.8000000000e-02 4.4500000000e-01 6.9800000000e-01 3.5280000000e+00 1.9820224719e+01
7.9000000000e-02 4.4500000000e-01 6.9800000000e-01 3.5280000000e+00 1.9820224719e+01
8.0000000000e-02 4.4500000000e-01 6.9800000000e-01 3.5280000000e+00 1.9820224719e+01
8.1000000000e-02 4.4500000000e-01 6.9800000000e-01 3.5280000000e+00 1.9820224719e+01
8.2000000000e-02 4.4500000000e-01 6.9800000000e-01 3.5280000000e+00 1.9820224719e+01
8.3000000000e-02 4.4500000000e-01 6.9800000000e-01 3.5280000000e+00 1.9820224719e+01
8.4000000000e-02 4.4500000000e-01 6.9800000000e-01 3.5280000000e+00 1.9820224719e+01
8.5000000000e-02 4.4500000000e-01 6.9800000000e-01 3.5280000000e+00 1.9820224719e+01
8.6000000000e-02 4.4500000000e-01 6.9800000000e-01 3.5280000000e+00 1.9820224719e+01
8.7000000000e-02 4.4500000000e-01 6.9800000000e-01 3.5280000000e+00 1.9820224719e+01
8.8000000000e-02 4.4500000000e-01 6.9800000000e-01 3.5280000000e+00 1.9820224719e+01
8.9000000000e-02 4.4500000000e-01 6.9800000000e-01 3.5280000000e+00 1.9820224719e+01
9.0000000000e-02 4.4500000000e-01 6.9800000000e-01 3.5280000000e+00 1.9820224719e+01
9.1000000000e-02 4.4500000000e-01 6.9800000000e-01 3.5280000000e+00 1.9820224719e+01
9.2000000000e-02 4.4500000000e-01 6.9800000000e-01 3.5280000000e+00 1.9820224719e+01
9.3000000000e-02 4.4500000000e-01 6.9800000000e-01 3.5280000000e+00 1.9820224719e+01
9.4000000000e-02 4.4500000000e-01 6.9800000000e-01 3.5280000000e+00 1.9820224719e+01
9.5000000000e-02 4.4500000000e-01 6.9800000000e-01 3.5280000000e+00 1.9820224719e+01
9.6000000000e-02 4.4500000000e-01 6.9800000000e-01 3.5280000000e+00 1.9820224719e+01
9.7000000000e-02 4.4500000000e-01 6.9800000000e-01 3.5280000000e+00 1.9820224719e+01
9.8000000000e-02 4.4500000000e-01 6.9800000000e-01 3.5280000000e+00 1.9820224719e+01
9.9000000000e-02 4.4500000000e-01 6.9800000000e-01 3.5280000000e+00 1.9820224719e+01
1.0000000000e-01 4.4500000000e-01 6.9800000000e-01 3.5280000000e+00 1.9820224719e+01
1.0100000000e-01 4.4500000000e-01 6.9800000000e-01 3.5280000000e+00 1.9820224719e+01
1.0200000000e-01 4.4500000000e-01 6.9800000000e-01 3.5280000000e+00 1.9820224719e+01
1.0300000000e-01 4.4500000000e-01 6.9800000000e-01 3.5280000000e+00 1.9820224719e+01
1.0400000000e-01 4.4500000000e-01 6.9800000000e-01 3.5280000000e+00 1.9820224719e+01
1.0500000000e-01 4.4500000000e-01 6.9800000000e-01 3.5280000000e+00 1.9820224719e+01
1.0600000000e-01 4.4500000000e-01 6.9800000000e-01 3.5280000000e+00 1.9820224719e+01
1.0700000000e-01 4.4500000000e-01 6.9800000000e-01 3.5280000000e+00 1.9820224719e+01
1.0800000000e-01 4.4500000000e-01 6.9800000000e-01 3.5280000000e+00 1.9820224719e+01
1.0900000000e-01 4.4500000000e-01 6.9800000000e-01 3.5280000000e+00 1.9820224719e+01
1.1000000000e-01 4.4500000000e-01 6.9800000000e-01 3.5280000000e+00 1.9820224719e+01
1.1100000000e-01 4.4500000000e-01 6.9800000000e-01 3.5280000000e+00 1.9820224719e+01
1.1200000000e-01 4.4500000000e-01 6.9800000000e-01 3.5280000000e+00 1.9820224719e+01
1.1300000000e-01 4.4500000000e-01 6.9800000000e-01 3.5280000000e+00 1.9820224719e+01
1.1400000000e-01 4.4500000000e-01 6.9800000000e-01 3.5280000000e+00 1.9820224719e+01
1.1500000000e-01 4.4500000000e-01 6.9800000000e-01 3.5280000000e+00 1.9820224719e+01
1.1600000000e-01 4.4500000000e-01 6.9800000000e-01 3.5280000000e+00 1.9820224719e+01
1.1700000000e-01 4.4500000000e-01 6.9800000000e-01 3.5280000000e+00 1.9820224719e+01
1.1800000000e-01 4.4500000000e-01 6.9800000000e-01 3.5280000000e+00 1.9820224719e+01
1.1900000000e-01 4.4500000000e-01 6.9800000000e-01 3.5280000000e+00 1.9820224719e+01
1.2000000000e-01 4.4500000000e-01 6.9800000000e-01 3.5280000000e+00 1.9820224719e+01
1.2100000000e-01 4.4500000000e-01 6.9800000000e-01 3.5280000000e+00 1.9820224719e+01
1.2200000000e-01 4.4500000000e-01 6.9800000000e-01 3.5280000000e+00 1.9820224719e+01
1.2300000000e-01 4.4500000000e-01 6.9800000000e-01 3.5280000000e+00 1.9820224719e+01
1.2400000000e-01 4.4500000000e-01 6.9800000000e-01 3.5280000000e+00 1.9820224719e+01
1.2500000000e-01 4.4500000000e-01 6.9800000000e-01 3.5280000000e+00 1.9820224719e+01
1.2600000000e-01 4.4500000000e-01 6.9800000000e-01 3.5280000000e+00 1.9820224719e+01
1.2700000000e-01 4.4500000000e-01 6.9800000000e-01 3.5280000000e+00 1.9820224719e+01
1.2800000000e-01 4.4500000000e-01 6.9800000000e-01 3.5280000000e+00 1.9820224719e+01
1.2900000000e-01 4.4500000000e-01 6.9800000000e-01 3.5280000000e+00 1.9820224719e+01
1.3000000000e-01 4.4500000000e-01 6.9800000000e-01 3.5280000000e+00 1.9820224719e+01
1.3100000000e-01 4.4500000000e-01 6.9800000000e-01 3.5280000000e+00 1.9820224719e+01
1.3200000000e-01 4.4500000000e-01 6.9800000000e-01 3.5280000000e+00 1.9820224719e+01
1.3300000000e-01 4.4500000000e-01 6.9800000000e-01 3.5280000000e+00 1.9820224719e+01
1.3400000000e-01 4.4500000000e-01 6.9800000000e-01 3.5280000000e+00 1.9820224719e+01
1.3500000000e-01 4.4500000000e-01 6.9800000000e-01 3.5280000000e+00 1.9820224719e+01
1.3600000000e-01 4.4500000000e-01 6.9800000000e-01 3.5280000000e+00 1.9820224719e+01
1.3700000000e-01 4.4500000000e-01 6.9800000000e-01 3.5280000000e+00 1.9820224719e+01
1.3800000000e-01 4.4500000000e-01 6.9800000000e-01 3.5280000000e+00 1.9820224719e+01
1.3900000000e-01 4.4500000000e-01 6.9800000000e-01 3.5280000000e+00 1.9820224719e+01
1.4000000000e-01 4.4500000000e-01 6.9800000000e-01 3.5280000000e+00 1.9820224719e+01
1.4100000000e-01 4.4500000000e-01 6.9800000000e-01 3.5280000000e+00 1.9820224719e+01
1.4200000000e-01 4.4500000000e-01 6.9800000000e-01 3.5280000000e+00 1.9820224719e+01
1.4300000000e-01 4.4500000000e-01 6.9800000000e-01 3.5280000000e+00 1.9820224719e+01
1.4400000000e-01 4.4500000000e-01 6.9800000000e-01 3.5280000000e+00 1.9820224719e+01
1.4500000000e-01 4.4500000000e-01 6.9800000000e-01 3.5280000000e+00 1.9820224719e+01
1.4600000000e-01 4.4500000000e-01 6.9800000000e-01 3.5280000000e+00 1.9820224719e+01
1.4700000000e-01 4.4500000000e-01 6.9800000000e-01 3.5280000000e+00 1.9820224719e+01
1.4800000000e-01 4.4500000000e-01 6.9800000000e-01 3.5280000000e+00 1.9820224719e+01
1.4900000000e-01 4.4500000000e-01 6.9800000000e-01 3.5280000000e+00 1.9820224719e+01
1.5000000000e-01 4.4500000000e-01 6.9800000000e-01 3.5280000000e+00 1.9820224719e+01
1.5100000000e-01 4.4500000000e-01 6.9800000000e-01 3.5280000000e+00 1.9820224719e+01
1.5200000000e-01 4.4500000000e-01 6.9800000000e-01 3.5280000000e+00 1.9820224719e+01
1.5300000000e-01 4.4500000000e-01 6.9800000000e-01 3.5280000000e+00 1.9820224719e+01
1.5400000000e-01 4.4500000000e-01 6.9800000000e-01 3.5280000000e+00 1.9820224719e+01
1.5500000000e-01 4.4500000000e-01 6.9800000000e-01 3.5280000000e+00 1.9820224719e+01
1.5600000000e-01 4.4500000000e-01 6.9800000000e-01 3.5280000000e+00 1.9820224719e+01
1.5700000000e-01 4.4500000000e-01 6.9800000000e-01 3.5280000000e+00 1.9820224719e+01
1.5800000000e-01 4.4468888439e-01 7.0032986941e-01 3.5245473094e+00 1.9814680741e+01
1.5900000000e-01 4.4383379833e-01 7.0674012582e-01 3.5150627357e+00 1.9799431391e+01
1.6000000000e-01 4.4298002817e-01 7.1315038223e-01 3.5056000473e+00 1.9784187911e+01
1.6100000000e-01 4.4212757237e-01 7.1956063864e-01 3.4961592021e+00 1.9768950302e+01
1.6200000000e-01 4.4127642944e-01 7.2597089505e-01 3.4867401580e+00 1.9753718562e+01
1.6300000000e-01 4.4042659784e-01 7.3238115146e-01 3.4773428732e+00 1.9738492693e+01
1.6400000000e-01 4.3957807606e-01 7.3879140787e-01 3.4679673057e+00 1.9723272693e+01
1.6500000000e-01 4.3873086259e-01 7.4520166428e-01 3.4586134136e+00 1.9708058564e+01
1.6600000000e-01 4.3788495591e-01 7.5161192069e-01 3.4492811552e+00 1.9692850306e+01
1.6700000000e-01 4.3704035452e-01 7.5802217710e-01 3.4399704887e+00 1.9677647917e+01
1.6800000000e-01 4.3619705690e-01 7.6443243351e-01 3.4306813726e+00 1.9662451399e+01
1.6900000000e-01 4.3535506153e-01 7.7084268992e-01 3.4214137652e+00 1.9647260751e+01
1.7000000000e-01 4.3451436692e-01 7.7725294633e-01 3.4121676250e+00 1.9632075973e+01
1.7100000000e-01 4.3367497156e-01 7.8366320274e-01 3.4029429106e+00 1.9616897065e+01
1.7200000000e-01 4.3283687393e-01 7.9007345915e-01 3.3937395806e+00 1.9601724027e+01
1.7300000000e-01 4.3200007253e-01 7.9648371556e-01 3.3845575936e+00 1.9586556860e+01
1.7400000000e-01 4.3116456586e-01 8.0289397197e-01 3.3753969084e+00 1.9571395563e+01
1.7500000000e-01 4.3033035241e-01 8.0930422838e-01 3.3662574838e+00 1.9556240136e+01
1.7600000000e-01 4.2949743069e-01 8.1571448479e-01 3.3571392786e+00 1.9541090579e+01
1.7700000000e-01 4.2866579919e-01 8.2212474120e-01 3.3480422518e+00 1.9525946892e+01
1.7800000000e-01 4.2783545642e-01 8.2853499761e-01 3.3389663624e+00 1.9510809076e+01
1.7900000000e-01 4.2700640086e-01 8.3494525402e-01 3.3299115694e+00 1.9495677130e+01
1.8000000000e-01 4.2617863104e-01 8.4135551043e-01 3.3208778320e+00 1.9480551054e+01
1.8100000000e-01 4.2535214544e-01 8.4776576684e-01 3.3118651093e+00 1.9465430848e+01
1.8200000000e-01 4.2452694259e-01 8.5417602326e-01 3.3028733605e+00 1.9450316512e+01
1.8300000000e-01 4.2370302097e-01 8.6058627967e-01 3.2939025451e+00 1.9435208047e+01
1.8400000000e-01 4.2288037911e-01 8.6699653608e-01 3.2849526223e+00 1.9420105452e+01
1.8500000000e-01 4.2205901550e-01 8.7340679249e-01 3.2760235516e+00 1.9405008727e+01
1.8600000000e-01 4.2123892867e-01 8.7981704890e-01 3.2671152925e+00 1.9389917872e+01
1.8700000000e-01 4.2042011711e-01 8.8622730531e-01 3.2582278046e+00 1.9374832887e+01
1.8800000000e-01 4.1960257934e-01 8.9263756172e-01 3.2493610474e+00 1.9359753773e+01
1.8900000000e-01 4.1878631388e-01 8.9904781813e-01 3.2405149807e+00 1.9344680529e+01
1.9000000000e-01 4.1797131924e-01 9.0545807454e-01 3.2316895642e+00 1.9329613155e+01
1.9100000000e-01 4.1715759393e-01 9.1186833095e-01 3.2228847578e+00 1.9314551651e+01
1.9200000000e-01 4.1634513647e-01 9.1827858736e-01 3.2141005212e+00 1.9299496017e+01
1.9300000000e-01 4.1553394538e-01 9.2468884377e-01 3.2053368145e+00 1.9284446254e+01
1.9400000000e-01 4.1472401918e-01 9.3109910018e-01 3.1965935977e+00 1.9269402361e+01
1.9500000000e-01 4.1391535639e-01 9.3750935659e-01 3.1878708307e+00 1.9254364338e+01
1.9600000000e-01 4.1310795553e-01 9.4391961300e-01 3.1791684738e+00 1.9239332185e+01
1.9700000000e-01 4.1230181512e-01 9.5032986941e-01 3.1704864871e+00 1.9224305902e+01
1.9800000000e-01 4.1149693369e-01 9.5674012582e-01 3.1618248309e+00 1.9209285490e+01
1.9900000000e-01 4.1069330975e-01 9.6315038223e-01 3.1531834655e+00 1.9194270947e+01
2.0000000000e-01 4.0989094185e-01 9.6956063864e-01 3.1445623512e+00 1.9179262275e+01
2.0100000000e-01 4.0908982849e-01 9.7597089505e-01 3.1359614485e+00 1.9164259474e+01
2.0200000000e-01 4.0828996822e-01 9.8238115146e-01 3.1273807179e+00 1.9149262542e+01
2.0300000000e-01 4.0749135956e-01 9.8879140787e-01 3.1188201199e+00 1.9134271481e+01
2.0400000000e-01 4.0669400104e-01 9.9520166428e-01 3.1102796152e+00 1.9119286289e+01
2.0500000000e-01 4.0589789120e-01 1.0016119207e+00 3.1017591645e+00 1.9104306968e+01
2.0600000000e-01 4.0510302856e-01 1.0080221771e+00 3.0932587284e+00 1.9089333517e+01
2.0700000000e-01 4.0430941166e-01 1.0144324335e+00 3.0847782679e+00 1.9074365937e+01
2.0800000000e-01 4.0351703904e-01 1.0208426899e+00 3.0763177437e+00 1.9059404226e+01
2.0900000000e-01 4.0272590923e-01 1.0272529463e+00 3.0678771168e+00 1.9044448386e+01
2.1000000000e-01 4.0193602077e-01 1.0336632027e+00 3.0594563482e+00 1.9029498416e+01
2.1100000000e-01 4.0114737219e-01 1.0400734592e+00 3.0510553989e+00 1.9014554316e+01
2.1200000000e-01 4.0035996205e-01 1.0464837156e+00 3.0426742301e+00 1.8999616086e+01
2.1300000000e-01 3.9957378887e-01 1.0528939720e+00 3.0343128029e+00 1.8984683727e+01
2.1400000000e-01 3.9878885120e-01 1.0593042284e+00 3.0259710786e+00 1.8969757238e+01
2.1500000000e-01 3.9800514759e-01 1.0657144848e+00 3.0176490184e+00 1.8954836619e+01
2.1600000000e-01 3.9722267657e-01 1.0721247412e+00 3.0093465837e+00 1.8939921870e+01
2.1700000000e-01 3.9644143670e-01 1.0785349976e+00 3.0010637359e+00 1.8925012991e+01
2.1800000000e-01 3.9566142652e-01 1.0849452540e+00 2.9928004365e+00 1.8910109983e+01
2.1900000000e-01 3.9488264457e-01 1.0913555104e+00 2.9845566471e+00 1.8895212844e+01
2.2000000000e-01 3.9410508941e-01 1.0977657668e+00 2.9763323292e+00 1.8880321576e+01
2.2100000000e-01 3.9332875959e-01 1.1041760233e+00 2.9681274445e+00 1.8865436179e+01
2.2200000000e-01 3.9255365366e-01 1.1105862797e+00 2.9599419547e+00 1.8850556651e+01
2.2300000000e-01 3.9177977016e-01 1.1169965361e+00 2.9517758216e+00 1.8835682993e+01
2.2400000000e-01 3.9100710767e-01 1.1234067925e+00 2.9436290071e+00 1.8820815206e+01
2.2500000000e-01 3.9023566471e-01 1.1298170489e+00 2.9355014729e+00 1.8805953289e+01
2.2600000000e-01 3.8946543987e-01 1.1362273053e+00 2.9273931812e+00 1.8791097242e+01
2.2700000000e-01 3.8869643168e-01 1.1426375617e+00 2.9193040939e+00 1.8776247065e+01
2.2800000000e-01 3.8792863871e-01 1.1490478181e+00 2.9112341731e+00 1.8761402759e+01
2.2900000000e-01 3.8716205953e-01 1.1554580745e+00 2.9031833809e+00 1.8746564323e+01
2.3000000000e-01 3.8639669267e-01 1.1618683309e+00 2.8951516795e+00 1.8731731757e+01
2.3100000000e-01 3.8563253672e-01 1.1682785874e+00 2.8871390313e+00 1.8716905061e+01
2.3200000000e-01 3.8486959024e-01 1.1746888438e+00 2.8791453984e+00 1.8702084235e+01
2.3300000000e-01 3.8410785178e-01 1.1810991002e+00 2.8711707434e+00 1.8687269280e+01
2.3400000000e-01 3.8334731991e-01 1.1875093566e+00 2.8632150286e+00 1.8672460194e+01
2.3500000000e-01 3.8258799319e-01 1.1939196130e+00 2.8552782165e+00 1.8657656979e+01
2.3600000000e-01 3.8182987020e-01 1.2003298694e+00 2.8473602697e+00 1.8642859634e+01
2.3700000000e-01 3.8107294951e-01 1.2067401258e+00 2.8394611509e+00 1.8628068160e+01
2.3800000000e-01 3.8031722967e-01 1.2131503822e+00 2.8315808226e+00 1.8613282555e+01
2.3900000000e-01 3.7956270927e-01 1.2195606386e+00 2.8237192476e+00 1.8598502821e+01
2.4000000000e-01 3.7880938687e-01 1.2259708951e+00 2.8158763888e+00 1.8583728957e+01
2.4100000000e-01 3.7805726105e-01 1.2323811515e+00 2.8080522089e+00 1.8568960963e+01
2.4200000000e-01 3.7730633038e-01 1.2387914079e+00 2.8002466709e+00 1.8554198839e+01
2.4300000000e-01 3.7655659344e-01 1.2452016643e+00 2.7924597377e+00 1.8539442585e+01
2.4400000000e-01 3.7580804880e-01 1.2516119207e+00 2.7846913724e+00 1.8524692202e+01
2.4500000000e-01 3.7506069504e-01 1.2580221771e+00 2.7769415381e+00 1.8509947689e+01
2.4600000000e-01 3.7431453073e-01 1.2644324335e+00 2.7692101980e+00 1.8495209046e+01
2.4700000000e-01 3.7356955447e-01 1.2708426899e+00 2.7614973151e+00 1.8480476273e+01
2.4800000000e-01 3.7282576482e-01 1.2772529463e+00 2.7538028529e+00 1.8465749371e+01
2.4900000000e-01 3.7208316038e-01 1.2836632027e+00 2.7461267746e+00 1.8451028339e+01
2.5000000000e-01 3.7134173971e-01 1.2900734592e+00 2.7384690435e+00 1.8436313176e+01
2.5100000000e-01 3.7060150142e-01 1.2964837156e+00 2.7308296232e+00 1.8421603885e+01
2.5200000000e-01 3.6986244407e-01 1.3028939720e+00 2.7232084772e+00 1.8406900463e+01
2.5300000000e-01 3.6912456627e-01 1.3093042284e+00 2.7156055689e+00 1.8392202911e+01
2.5400000000e-01 3.6838786659e-01 1.3157144848e+00 2.7080208621e+00 1.8377511230e+01
2.5500000000e-01 3.6765234363e-01 1.3221247412e+00 2.7004543204e+00 1.8362825419e+01
2.5600000000e-01 3.6691799597e-01 1.3285349976e+00 2.6929059074e+00 1.8348145478e+01
2.5700000000e-01 3.6618482221e-01 1.3349452540e+00 2.6853755871e+00 1.8333471407e+01
2.5800000000e-01 3.6545282094e-01 1.3413555104e+00 2.6778633232e+00 1.8318803207e+01
2.5900000000e-01 3.6472199075e-01 1.3477657668e+00 2.6703690797e+00 1.8304140876e+01
2.6000000000e-01 3.6399233023e-01 1.3541760233e+00 2.6628928206e+00 1.8289484416e+01
2.6100000000e-01 3.6326383799e-01 1.3605862797e+00 2.6554345097e+00 1.8274833826e+01
2.6200000000e-01 3.6253651261e-01 1.3669965361e+00 2.6479941113e+00 1.8260189106e+01
2.6300000000e-01 3.6181035270e-01 1.3734067925e+00 2.6405715895e+00 1.8245550257e+01
2.6400000000e-01 3.6108535685e-01 1.3798170489e+00 2.6331669084e+00 1.8230917278e+01
2.6500000000e-01 3.6036152367e-01 1.3862273053e+00 2.6257800322e+00 1.8216290168e+01
2.6600000000e-01 3.5963885175e-01 1.3926375617e+00 2.6184109255e+00 1.8201668929e+01
2.6700000000e-01 3.5891733969e-01 1.3990478181e+00 2.6110595523e+00 1.8187053561e+01
2.6800000000e-01 3.5819698611e-01 1.4054580745e+00 2.6037258773e+00 1.8172444062e+01
2.6900000000e-01 3.5747778960e-01 1.4118683309e+00 2.5964098649e+00 1.8157840434e+01
2.7000000000e-01 3.5675974878e-01 1.4182785874e+00 2.5891114796e+00 1.8143242676e+01
2.7100000000e-01 3.5604286223e-01 1.4246888438e+00 2.5818306860e+00 1.8128650788e+01
2.7200000000e-01 3.5532712859e-01 1.4310991002e+00 2.5745674487e+00 1.8114064770e+01
2.7300000000e-01 3.5461254645e-01 1.4375093566e+00 2.5673217325e+00 1.8099484622e+01
2.7400000000e-01 3.5389911442e-01 1.4439196130e+00 2.5600935022e+00 1.8084910345e+01
2.7500000000e-01 3.5318683111e-01 1.4503298694e+00 2.5528827224e+00 1.8070341938e+01
2.7600000000e-01 3.5247569514e-01 1.4567401258e+00 2.5456893583e+00 1.8055779401e+01
2.7700000000e-01 3.5176570513e-01 1.4631503822e+00 2.5385133746e+00 1.8041222734e+01
2.7800000000e-01 3.5105685967e-01 1.4695606386e+00 2.5313547363e+00 1.8026671937e+01
2.7900000000e-01 3.5034915740e-01 1.4759708951e+00 2.5242134085e+00 1.8012127011e+01
2.8000000000e-01 3.4964259692e-01 1.4823811515e+00 2.5170893564e+00 1.7997587955e+01
2.8100000000e-01 3.4893717686e-01 1.4887914079e+00 2.5099825450e+00 1.7983054769e+01
2.8200000000e-01 3.4823289584e-01 1.4952016643e+00 2.5028929396e+00 1.7968527453e+01
2.8300000000e-01 3.4752975246e-01 1.5016119207e+00 2.4958205054e+00 1.7954006008e+01
2.8400000000e-01 3.4682774536e-01 1.5080221771e+00 2.4887652078e+00 1.7939490432e+01
2.8500000000e-01 3.4612687316e-01 1.5144324335e+00 2.4817270122e+00 1.7924980727e+01
2.8600000000e-01 3.4542713448e-01 1.5208426899e+00 2.4747058840e+00 1.7910476892e+01
2.8700000000e-01 3.4472852795e-01 1.5272529463e+00 2.4677017887e+00 1.7895978927e+01
2.8800000000e-01 3.4456847419e-01 1.5287230266e+00 2.4660979192e+00 1.7892654900e+01
2.8900000000e-01 3.4456847419e-01 1.5287230266e+00 2.4660979192e+00 1.7892654900e+01
2.9000000000e-01 3.4456847419e-01 1.5287230266e+00 2.4660979192e+00 1.7892654900e+01
2.9100000000e-01 3.4456847419e-01 1.5287230266e+00 2.4660979192e+00 1.7892654900e+01
2.9200000000e-01 3.4456847419e-01 1.5287230266e+00 2.4660979192e+00 1.7892654900e+01
2.9300000000e-01 3.4456847419e-01 1.5287230266e+00 2.4660979192e+00 1.7892654900e+01
2.9400000000e-01 3.4456847419e-01 1.5287230266e+00 2.4660979192e+00 1.7892654900e+01
2.9500000000e-01 3.4456847419e-01 1.5287230266e+00 2.4660979192e+00 1.7892654900e+01
2.9600000000e-01 3.4456847419e-01 1.5287230266e+00 2.4660979192e+00 1.7892654900e+01
2.9700000000e-01 3.4456847419e-01 1.5287230266e+00 2.4660979192e+00 1.7892654900e+01
2.9800000000e-01 3.4456847419e-01 1.5287230266e+00 2.4660979192e+00 1.7892654900e+01
2.9900000000e-01 3.4456847419e-01 1.5287230266e+00 2.4660979192e+00 1.7892654900e+01
3.0000000000e-01 3.4456847419e-01 1.5287230266e+00 2.4660979192e+00 1.7892654900e+01
3.0100000000e-01 3.4456847419e-01 1.5287230266e+00 2.4660979192e+00 1.7892654900e+01
3.0200000000e-01 3.4456847419e-01 1.5287230266e+00 2.4660979192e+00 1.7892654900e+01
3.0300000000e-01 3.4456847419e-01 1.5287230266e+00 2.4660979192e+00 1.7892654900e+01
3.0400000000e-01 3.4456847419e-01 1.5287230266e+00 2.4660979192e+00 1.7892654900e+01
3.0500000000e-01 3.4456847419e-01 1.5287230266e+00 2.4660979192e+00 1.7892654900e+01
3.0600000000e-01 3.4456847419e-01 1.5287230266e+00 2.4660979192e+00 1.7892654900e+01
3.0700000000e-01 3.4456847419e-01 1.5287230266e+00 2.4660979192e+00 1.7892654900e+01
3.0800000000e-01 3.4456847419e-01 1.5287230266e+00 2.4660979192e+00 1.7892654900e+01
3.0900000000e-01 3.4456847419e-01 1.5287230266e+00 2.4660979192e+00 1.7892654900e+01
3.1000000000e-01 3.4456847419e-01 1.5287230266e+00 2.4660979192e+00 1.7892654900e+01
3.1100000000e-01 3.4456847419e-01 1.5287230266e+00 2.4660979192e+00 1.7892654900e+01
3.1200000000e-01 3.4456847419e-01 1.5287230266e+00 2.4660979192e+00 1.7892654900e+01
3.1300000000e-01 3.4456847419e-01 1.5287230266e+00 2.4660979192e+00 1.7892654900e+01
3.1400000000e-01 3.4456847419e-01 1.5287230266e+00 2.4660979192e+00 1.7892654900e+01
3.1500000000e-01 3.4456847419e-01 1.5287230266e+00 2.4660979192e+00 1.7892654900e+01
3.1600000000e-01 3.4456847419e-01 1.5287230266e+00 2.4660979192e+00 1.7892654900e+01
3.1700000000e-01 3.4456847419e-01 1.5287230266e+00 2.4660979192e+00 1.7892654900e+01
3.1800000000e-01 3.4456847419e-01 1.5287230266e+00 2.4660979192e+00 1.7892654900e+01
3.1900000000e-01 3.4456847419e-01 1.5287230266e+00 2.4660979192e+00 1.7892654900e+01
3.2000000000e-01 3.4456847419e-01 1.5287230266e+00 2.4660979192e+00 1.7892654900e+01
3.2100000000e-01 3.4456847419e-01 1.5287230266e+00 2.4660979192e+00 1.7892654900e+01
3.2200000000e-01 3.4456847419e-01 1.5287230266e+00 2.4660979192e+00 1.7892654900e+01
3.2300000000e-01 3.4456847419e-01 1.5287230266e+00 2.4660979192e+00 1.7892654900e+01
3.2400000000e-01 3.4456847419e-01 1.5287230266e+00 2.4660979192e+00 1.7892654900e+01
3.2500000000e-01 3.4456847419e-01 1.5287230266e+00 2.4660979192e+00 1.7892654900e+01
3.2600000000e-01 3.4456847419e-01 1.5287230266e+00 2.4660979192e+00 1.7892654900e+01
3.2700000000e-01 3.4456847419e-01 1.5287230266e+00 2.4660979192e+00 1.7892654900e+01
3.2800000000e-01 3.4456847419e-01 1.5287230266e+00 2.4660979192e+00 1.7892654900e+01
3.2900000000e-01 3.4456847419e-01 1.5287230266e+00 2.4660979192e+00 1.7892654900e+01
3.3000000000e-01 3.4456847419e-01 1.5287230266e+00 2.4660979192e+00 1.7892654900e+01
3.3100000000e-01 3.4456847419e-01 1.5287230266e+00 2.4660979192e+00 1.7892654900e+01
3.3200000000e-01 3.4456847419e-01 1.5287230266e+00 2.4660979192e+00 1.7892654900e+01
3.3300000000e-01 3.4456847419e-01 1.5287230266e+00 2.4660979192e+00 1.7892654900e+01
3.3400000000e-01 3.4456847419e-01 1.5287230266e+00 2.4660979192e+00 1.7892654900e+01
3.3500000000e-01 3.4456847419e-01 1.5287230266e+00 2.4660979192e+00 1.7892654900e+01
3.3600000000e-01 3.4456847419e-01 1.5287230266e+00 2.4660979192e+00 1.7892654900e+01
3.3700000000e-01 3.4456847419e-01 1.5287230266e+00 2.4660979192e+00 1.7892654900e+01
3.3800000000e-01 3.4456847419e-01 1.5287230266e+00 2.4660979192e+00 1.7892654900e+01
3.3900000000e-01 3.4456847419e-01 1.5287230266e+00 2.4660979192e+00 1.7892654900e+01
3.4000000000e-01 3.4456847419e-01 1.5287230266e+00 2.4660979192e+00 1.7892654900e+01
3.4100000000e-01 3.4456847419e-01 1.5287230266e+00 2.4660979192e+00 1.7892654900e+01
3.4200000000e-01 3.4456847419e-01 1.5287230266e+00 2.4660979192e+00 1.7892654900e+01
3.4300000000e-01 3.4456847419e-01 1.5287230266e+00 2.4660979192e+00 1.7892654900e+01
3.4400000000e-01 3.4456847419e-01 1.5287230266e+00 2.4660979192e+00 1.7892654900e+01
3.4500000000e-01 3.4456847419e-01 1.5287230266e+00 2.4660979192e+00 1.7892654900e+01
3.4600000000e-01 3.4456847419e-01 1.5287230266e+00 2.4660979192e+00 1.7892654900e+01
3.4700000000e-01 3.4456847419e-01 1.5287230266e+00 2.4660979192e+00 1.7892654900e+01
3.4800000000e-01 3.4456847419e-01 1.5287230266e+00 2.4660979192e+00 1.7892654900e+01
3.4900000000e-01 3.4456847419e-01 1.5287230266e+00 2.4660979192e+00 1.7892654900e+01
3.5000000000e-01 3.4456847419e-01 1.5287230266e+00 2.4660979192e+00 1.7892654900e+01
3.5100000000e-01 3.4456847419e-01 1.5287230266e+00 2.4660979192e+00 1.7892654900e+01
3.5200000000e-01 3.4456847419e-01 1.5287230266e+00 2.4660979192e+00 1.7892654900e+01
3.5300000000e-01 3.4456847419e-01 1.5287230266e+00 2.4660979192e+00 1.7892654900e+01
3.5400000000e-01 3.4456847419e-01 1.5287230266e+00 2.4660979192e+00 1.7892654900e+01
3.5500000000e-01 3.4456847419e-01 1.5287230266e+00 2.4660979192e+00 1.7892654900e+01
3.5600000000e-01 3.4456847419e-01 1.5287230266e+00 2.4660979192e+00 1.7892654900e+01
3.5700000000e-01 3.4456847419e-01 1.5287230266e+00 2.4660979192e+00 1.7892654900e+01
3.5800000000e-01 3.4456847419e-01 1.5287230266e+00 2.4660979192e+00 1.7892654900e+01
3.5900000000e-01 3.4456847419e-01 1.5287230266e+00 2.4660979192e+00 1.7892654900e+01
3.6000000000e-01 3.4456847419e-01 1.5287230266e+00 2.4660979192e+00 1.7892654900e+01
3.6100000000e-01 3.4456847419e-01 1.5287230266e+00 2.4660979192e+00 1.7892654900e+01
3.6200000000e-01 3.4456847419e-01 1.5287230266e+00 2.4660979192e+00 1.7892654900e+01
3.6300000000e-01 3.4456847419e-01 1.5287230266e+00 2.4660979192e+00 1.7892654900e+01
3.6400000000e-01 3.4456847419e-01 1.5287230266e+00 2.4660979192e+00 1.7892654900e+01
3.6500000000e-01 3.4456847419e-01 1.5287230266e+00 2.4660979192e+00 1.7892654900e+01
3.6600000000e-01 3.4456847419e-01 1.5287230266e+00 2.4660979192e+00 1.7892654900e+01
3.6700000000e-01 3.4456847419e-01 1.5287230266e+00 2.4660979192e+00 1.7892654900e+01
3.6800000000e-01 3.4456847419e-01 1.5287230266e+00 2.4660979192e+00 1.7892654900e+01
3.6900000000e-01 3.4456847419e-01 1.5287230266e+00 2.4660979192e+00 1.7892654900e+01
3.7000000000e-01 3.4456847419e-01 1.5287230266e+00 2.4660979192e+00 1.7892654900e+01
3.7100000000e-01 3.4456847419e-01 1.5287230266e+00 2.4660979192e+00 1.7892654900e+01
3.7200000000e-01 3.4456847419e-01 1.5287230266e+00 2.4660979192e+00 1.7892654900e+01
3.7300000000e-01 3.4456847419e-01 1.5287230266e+00 2.4660979192e+00 1.7892654900e+01
3.7400000000e-01 3.4456847419e-01 1.5287230266e+00 2.4660979192e+00 1.7892654900e+01
3.7500000000e-01 3.4456847419e-01 1.5287230266e+00 2.4660979192e+00 1.7892654900e+01
3.7600000000e-01 3.4456847419e-01 1.5287230266e+00 2.4660979192e+00 1.7892654900e+01
3.7700000000e-01 3.4456847419e-01 1.5287230266e+00 2.4660979192e+00 1.7892654900e+01
3.7800000000e-01 3.4456847419e-01 1.5287230266e+00 2.4660979192e+00 1.7892654900e+01
3.7900000000e-01 3.4456847419e-01 1.5287230266e+00 2.4660979192e+00 1.7892654900e+01
3.8000000000e-01 3.4456847419e-01 1.5287230266e+00 2.4660979192e+00 1.7892654900e+01
3.8100000000e-01 3.4456847419e-01 1.5287230266e+00 2.4660979192e+00 1.7892654900e+01
3.8200000000e-01 3.4456847419e-01 1.5287230266e+00 2.4660979192e+00 1.7892654900e+01
3.8300000000e-01 3.4456847419e-01 1.5287230266e+00 2.4660979192e+00 1.7892654900e+01
3.8400000000e-01 3.4456847419e-01 1.5287230266e+00 2.4660979192e+00 1.7892654900e+01
3.8500000000e-01 3.4456847419e-01 1.5287230266e+00 2.4660979192e+00 1.7892654900e+01
3.8600000000e-01 3.4456847419e-01 1.5287230266e+00 2.4660979192e+00 1.7892654900e+01
3.8700000000e-01 3.4456847419e-01 1.5287230266e+00 2.4660979192e+00 1.7892654900e+01
3.8800000000e-01 3.4456847419e-01 1.5287230266e+00 2.4660979192e+00 1.7892654900e+01
3.8900000000e-01 3.4456847419e-01 1.5287230266e+00 2.4660979192e+00 1.7892654900e+01
3.9000000000e-01 3.4456847419e-01 1.5287230266e+00 2.4660979192e+00 1.7892654900e+01
3.9100000000e-01 3.4456847419e-01 1.5287230266e+00 2.4660979192e+00 1.7892654900e+01
3.9200000000e-01 3.4456847419e-01 1.5287230266e+00 2.4660979192e+00 1.7892654900e+01
3.9300000000e-01 3.4456847419e-01 1.5287230266e+00 2.4660979192e+00 1.7892654900e+01
3.9400000000e-01 3.4456847419e-01 1.5287230266e+00 2.4660979192e+00 1.7892654900e+01
3.9500000000e-01 3.4456847419e-01 1.5287230266e+00 2.4660979192e+00 1.7892654900e+01
3.9600000000e-01 3.4456847419e-01 1.5287230266e+00 2.4660979192e+00 1.7892654900e+01
3.9700000000e-01 3.4456847419e-01 1.5287230266e+00 2.4660979192e+00 1.7892654900e+01
3.9800000000e-01 3.4456847419e-01 1.5287230266e+00 2.4660979192e+00 1.7892654900e+01
3.9900000000e-01 3.4456847419e-01 1.5287230266e+00 2.4660979192e+00 1.7892654900e+01
4.0000000000e-01 3.4456847419e-01 1.5287230266e+00 2.4660979192e+00 1.7892654900e+01
4.0100000000e-01 3.4456847419e-01 1.5287230266e+00 2.4660979192e+00 1.7892654900e+01
4.0200000000e-01 3.4456847419e-01 1.5287230266e+00 2.4660979192e+00 1.7892654900e+01
4.0300000000e-01 3.4456847419e-01 1.5287230266e+00 2.4660979192e+00 1.7892654900e+01
4.0400000000e-01 3.4456847419e-01 1.5287230266e+00 2.4660979192e+00 1.7892654900e+01
4.0500000000e-01 3.4456847419e-01 1.5287230266e+00 2.4660979192e+00 1.7892654900e+01
4.0600000000e-01 3.4456847419e-01 1.5287230266e+00 2.4660979192e+00 1.7892654900e+01
4.0700000000e-01 3.4456847419e-01 1.5287230266e+00 2.4660979192e+00 1.7892654900e+01
4.0800000000e-01 3.4456847419e-01 1.5287230266e+00 2.4660979192e+00 1.7892654900e+01
4.0900000000e-01 3.4456847419e-01 1.5287230266e+00 2.4660979192e+00 1.7892654900e+01
4.1000000000e-01 3.4456847419e-01 1.5287230266e+00 2.4660979192e+00 1.7892654900e+01
4.1100000000e-01 3.4456847419e-01 1.5287230266e+00 2.4660979192e+00 1.7892654900e+01
4.1200000000e-01 3.4456847419e-01 1.5287230266e+00 2.4660979192e+00 1.7892654900e+01
4.1300000000e-01 3.4456847419e-01 1.5287230266e+00 2.4660979192e+00 1.7892654900e+01
4.1400000000e-01 3.4456847419e-01 1.5287230266e+00 2.4660979192e+00 1.7892654900e+01
4.1500000000e-01 3.4456847419e-01 1.5287230266e+00 2.4660979192e+00 1.7892654900e+01
4.1600000000e-01 3.4456847419e-01 1.5287230266e+00 2.4660979192e+00 1.7892654900e+01
4.1700000000e-01 3.4456847419e-01 1.5287230266e+00 2.4660979192e+00 1.7892654900e+01
4.1800000000e-01 3.4456847419e-01 1.5287230266e+00 2.4660979192e+00 1.7892654900e+01
4.1900000000e-01 3.4456847419e-01 1.5287230266e+00 2.4660979192e+00 1.7892654900e+01
4.2000000000e-01 3.4456847419e-01 1.5287230266e+00 2.4660979192e+00 1.7892654900e+01
4.2100000000e-01 3.4456847419e-01 1.5287230266e+00 2.4660979192e+00 1.7892654900e+01
4.2200000000e-01 3.4456847419e-01 1.5287230266e+00 2.4660979192e+00 1.7892654900e+01
4.2300000000e-01 3.4456847419e-01 1.5287230266e+00 2.4660979192e+00 1.7892654900e+01
4.2400000000e-01 3.4456847419e-01 1.5287230266e+00 2.4660979192e+00 1.7892654900e+01
4.2500000000e-01 3.4456847419e-01 1.5287230266e+00 2.4660979192e+00 1.7892654900e+01
4.2600000000e-01 3.4456847419e-01 1.5287230266e+00 2.4660979192e+00 1.7892654900e+01
4.2700000000e-01 3.4456847419e-01 1.5287230266e+00 2.4660979192e+00 1.7892654900e+01
4.2800000000e-01 3.4456847419e-01 1.5287230266e+00 2.4660979192e+00 1.7892654900e+01
4.2900000000e-01 3.4456847419e-01 1.5287230266e+00 2.4660979192e+00 1.7892654900e+01
4.3000000000e-01 3.4456847419e-01 1.5287230266e+00 2.4660979192e+00 1.7892654900e+01
4.3100000000e-01 3.4456847419e-01 1.5287230266e+00 2.4660979192e+00 1.7892654900e+01
4.3200000000e-01 3.4456847419e-01 1.5287230266e+00 2.4660979192e+00 1.7892654900e+01
4.3300000000e-01 3.4456847419e-01 1.5287230266e+00 2.4660979192e+00 1.7892654900e+01
4.3400000000e-01 3.4456847419e-01 1.5287230266e+00 2.4660979192e+00 1.7892654900e+01
4.3500000000e-01 3.4456847419e-01 1.5287230266e+00 2.4660979192e+00 1.7892654900e+01
4.3600000000e-01 3.4456847419e-01 1.5287230266e+00 2.4660979192e+00 1.7892654900e+01
4.3700000000e-01 3.4456847419e-01 1.5287230266e+00 2.4660979192e+00 1.7892654900e+01
4.3800000000e-01 3.4456847419e-01 1.5287230266e+00 2.4660979192e+00 1.7892654900e+01
4.3900000000e-01 3.4456847419e-01 1.5287230266e+00 2.4660979192e+00 1.7892654900e+01
4.4000000000e-01 3.4456847419e-01 1.5287230266e+00 2.4660979192e+00 1.7892654900e+01
4.4100000000e-01 3.4456847419e-01 1.5287230266e+00 2.4660979192e+00 1.7892654900e+01
4.4200000000e-01 3.4456847419e-01 1.5287230266e+00 2.4660979192e+00 1.7892654900e+01
4.4300000000e-01 3.4456847419e-01 1.5287230266e+00 2.4660979192e+00 1.7892654900e+01
4.4400000000e-01 3.4456847419e-01 1.5287230266e+00 2.4660979192e+00 1.7892654900e+01
4.4500000000e-01 3.4456847419e-01 1.5287230266e+00 2.4660979192e+00 1.7892654900e+01
4.4600000000e-01 3.4456847419e-01 1.5287230266e+00 2.4660979192e+00 1.7892654900e+01
4.4700000000e-01 3.4456847419e-01 1.5287230266e+00 2.4660979192e+00 1.7892654900e+01
4.4800000000e-01 3.4456847419e-01 1.5287230266e+00 2.4660979192e+00 1.7892654900e+01
4.4900000000e-01 3.4456847419e-01 1.5287230266e+00 2.4660979192e+00 1.7892654900e+01
4.5000000000e-01 3.4456847419e-01 1.5287230266e+00 2.4660979192e+00 1.7892654900e+01
4.5100000000e-01 3.4456847419e-01 1.5287230266e+00 2.4660979192e+00 1.7892654900e+01
4.5200000000e-01 3.4456847419e-01 1.5287230266e+00 2.4660979192e+00 1.7892654900e+01
4.5300000000e-01 3.4456847419e-01 1.5287230266e+00 2.4660979192e+00 1.7892654900e+01
4.5400000000e-01 3.4456847419e-01 1.5287230266e+00 2.4660979192e+00 1.7892654900e+01
4.5500000000e-01 3.4456847419e-01 1.5287230266e+00 2.4660979192e+00 1.7892654900e+01
4.5600000000e-01 3.4456847419e-01 1.5287230266e+00 2.4660979192e+00 1.7892654900e+01
4.5700000000e-01 3.4456847419e-01 1.5287230266e+00 2.4660979192e+00 1.7892654900e+01
4.5800000000e-01 3.4456847419e-01 1.5287230266e+00 2.4660979192e+00 1.7892654900e+01
4.5900000000e-01 3.4456847419e-01 1.5287230266e+00 2.4660979192e+00 1.7892654900e+01
4.6000000000e-01 3.4456847419e-01 1.5287230266e+00 2.4660979192e+00 1.7892654900e+01
4.6100000000e-01 3.4456847419e-01 1.5287230266e+00 2.4660979192e+00 1.7892654900e+01
4.6200000000e-01 3.4456847419e-01 1.5287230266e+00 2.4660979192e+00 1.7892654900e+01
4.6300000000e-01 3.4456847419e-01 1.5287230266e+00 2.4660979192e+00 1.7892654900e+01
4.6400000000e-01 3.4456847419e-01 1.5287230266e+00 2.4660979192e+00 1.7892654900e+01
4.6500000000e-01 3.4456847419e-01 1.5287230266e+00 2.4660979192e+00 1.7892654900e+01
4.6600000000e-01 3.4456847419e-01 1.5287230266e+00 2.4660979192e+00 1.7892654900e+01
4.6700000000e-01 3.4456847419e-01 1.5287230266e+00 2.4660979192e+00 1.7892654900e+01
4.6800000000e-01 3.4456847419e-01 1.5287230266e+00 2.4660979192e+00 1.7892654900e+01
4.6900000000e-01 3.4456847419e-01 1.5287230266e+00 2.4660979192e+00 1.7892654900e+01
4.7000000000e-01 3.4456847419e-01 1.5287230266e+00 2.4660979192e+00 1.7892654900e+01
4.7100000000e-01 3.4456847419e-01 1.5287230266e+00 2.4660979192e+00 1.7892654900e+01
4.7200000000e-01 3.4456847419e-01 1.5287230266e+00 2.4660979192e+00 1.7892654900e+01
4.7300000000e-01 3.4456847419e-01 1.5287230266e+00 2.4660979192e+00 1.7892654900e+01
4.7400000000e-01 3.4456847419e-01 1.5287230266e+00 2.4660979192e+00 1.7892654900e+01
4.7500000000e-01 3.4456847419e-01 1.5287230266e+00 2.4660979192e+00 1.7892654900e+01
4.7600000000e-01 3.4456847419e-01 1.5287230266e+00 2.4660979192e+00 1.7892654900e+01
4.7700000000e-01 3.4456847419e-01 1.5287230266e+00 2.4660979192e+00 1.7892654900e+01
4.7800000000e-01 3.4456847419e-01 1.5287230266e+00 2.4660979192e+00 1.7892654900e+01
4.7900000000e-01 3.4456847419e-01 1.5287230266e+00 2.4660979192e+00 1.7892654900e+01
4.8000000000e-01 3.4456847419e-01 1.5287230266e+00 2.4660979192e+00 1.7892654900e+01
4.8100000000e-01 3.4456847419e-01 1.5287230266e+00 2.4660979192e+00 1.7892654900e+01
4.8200000000e-01 3.4456847419e-01 1.5287230266e+00 2.4660979192e+00 1.7892654900e+01
4.8300000000e-01 3.4456847419e-01 1.5287230266e+00 2.4660979192e+00 1.7892654900e+01
4.8400000000e-01 3.4456847419e-01 1.5287230266e+00 2.4660979192e+00 1.7892654900e+01
4.8500000000e-01 3.4456847419e-01 1.5287230266e+00 2.4660979192e+00 1.7892654900e+01
4.8600000000e-01 3.4456847419e-01 1.5287230266e+00 2.4660979192e+00 1.7892654900e+01
4.8700000000e-01 3.4456847419e-01 1.5287230266e+00 2.4660979192e+00 1.7892654900e+01
4.8800000000e-01 3.4456847419e-01 1.5287230266e+00 2.4660979192e+00 1.7892654900e+01
4.8900000000e-01 3.4456847419e-01 1.5287230266e+00 2.4660979192e+00 1.7892654900e+01
4.9000000000e-01 3.4456847419e-01 1.5287230266e+00 2.4660979192e+00 1.7892654900e+01
4.9100000000e-01 3.4456847419e-01 1.5287230266e+00 2.4660979192e+00 1.7892654900e+01
4.9200000000e-01 3.4456847419e-01 1.5287230266e+00 2.4660979192e+00 1.7892654900e+01
4.9300000000e-01 3.4456847419e-01 1.5287230266e+00 2.4660979192e+00 1.7892654900e+01
4.9400000000e-01 3.4456847419e-01 1.5287230266e+00 2.4660979192e+00 1.7892654900e+01
4.9500000000e-01 3.4456847419e-01 1.5287230266e+00 2.4660979192e+00 1.7892654900e+01
4.9600000000e-01 3.4456847419e-01 1.5287230266e+00 2.4660979192e+00 1.7892654900e+01
4.9700000000e-01 3.4456847419e-01 1.5287230266e+00 2.4660979192e+00 1.7892654900e+01
4.9800000000e-01 3.4456847419e-01 1.5287230266e+00 2.4660979192e+00 1.7892654900e+01
4.9900000000e-01 3.4456847419e-01 1.5287230266e+00 2.4660979192e+00 1.7892654900e+01
5.0000000000e-01 3.4456847419e-01 1.5287230266e+00 2.4660979192e+00 1.7892654900e+01
5.0100000000e-01 3.4456847419e-01 1.5287230266e+00 2.4660979192e+00 1.7892654900e+01
5.0200000000e-01 3.4456847419e-01 1.5287230266e+00 2.4660979192e+00 1.7892654900e+01
5.0300000000e-01 3.4456847419e-01 1.5287230266e+00 2.4660979192e+00 1.7892654900e+01
5.0400000000e-01 3.4456847419e-01 1.5287230266e+00 2.4660979192e+00 1.7892654900e+01
5.0500000000e-01 3.4456847419e-01 1.5287230266e+00 2.4660979192e+00 1.7892654900e+01
5.0600000000e-01 3.4456847419e-01 1.5287230266e+00 2.4660979192e+00 1.7892654900e+01
5.0700000000e-01 3.4456847419e-01 1.5287230266e+00 2.4660979192e+00 1.7892654900e+01
5.0800000000e-01 3.4456847419e-01 1.5287230266e+00 2.4660979192e+00 1.7892654900e+01
5.0900000000e-01 3.4456847419e-01 1.5287230266e+00 2.4660979192e+00 1.7892654900e+01
5.1000000000e-01 3.4456847419e-01 1.5287230266e+00 2.4660979192e+00 1.7892654900e+01
5.1100000000e-01 3.4456847419e-01 1.5287230266e+00 2.4660979192e+00 1.7892654900e+01
5.1200000000e-01 3.4456847419e-01 1.5287230266e+00 2.4660979192e+00 1.7892654900e+01
5.1300000000e-01 3.4456847419e-01 1.5287230266e+00 2.4660979192e+00 1.7892654900e+01
5.1400000000e-01 3.4456847419e-01 1.5287230266e+00 2.4660979192e+00 1.7892654900e+01
5.1500000000e-01 3.4456847419e-01 1.5287230266e+00 2.4660979192e+00 1.7892654900e+01
5.1600000000e-01 3.4456847419e-01 1.5287230266e+00 2.4660979192e+00 1.7892654900e+01
5.1700000000e-01 3.4456847419e-01 1.5287230266e+00 2.4660979192e+00 1.7892654900e+01
5.1800000000e-01 3.4456847419e-01 1.5287230266e+00 2.4660979192e+00 1.7892654900e+01
5.1900000000e-01 3.4456847419e-01 1.5287230266e+00 2.4660979192e+00 1.7892654900e+01
5.2000000000e-01 3.4456847419e-01 1.5287230266e+00 2.4660979192e+00 1.7892654900e+01
5.2100000000e-01 3.4456847419e-01 1.5287230266e+00 2.4660979192e+00 1.7892654900e+01
5.2200000000e-01 3.4456847419e-01 1.5287230266e+00 2.4660979192e+00 1.7892654900e+01
5.2300000000e-01 3.4456847419e-01 1.5287230266e+00 2.4660979192e+00 1.7892654900e+01
5.2400000000e-01 3.4456847419e-01 1.5287230266e+00 2.4660979192e+00 1.7892654900e+01
5.2500000000e-01 3.4456847419e-01 1.5287230266e+00 2.4660979192e+00 1.7892654900e+01
5.2600000000e-01 3.4456847419e-01 1.5287230266e+00 2.4660979192e+00 1.7892654900e+01
5.2700000000e-01 3.4456847419e-01 1.5287230266e+00 2.4660979192e+00 1.7892654900e+01
5.2800000000e-01 3.4456847419e-01 1.5287230266e+00 2.4660979192e+00 1.7892654900e+01
5.2900000000e-01 3.4456847419e-01 1.5287230266e+00 2.4660979192e+00 1.7892654900e+01
5.3000000000e-01 3.4456847419e-01 1.5287230266e+00 2.4660979192e+00 1.7892654900e+01
5.3100000000e-01 3.4456847419e-01 1.5287230266e+00 2.4660979192e+00 1.7892654900e+01
5.3200000000e-01 3.4456847419e-01 1.5287230266e+00 2.4660979192e+00 1.7892654900e+01
5.3300000000e-01 3.4456847419e-01 1.5287230266e+00 2.4660979192e+00 1.7892654900e+01
5.3400000000e-01 3.4456847419e-01 1.5287230266e+00 2.4660979192e+00 1.7892654900e+01
5.3500000000e-01 3.4456847419e-01 1.5287230266e+00 2.4660979192e+00 1.7892654900e+01
5.3600000000e-01 3.4456847419e-01 1.5287230266e+00 2.4660979192e+00 1.7892654900e+01
5.3700000000e-01 3.4456847419e-01 1.5287230266e+00 2.4660979192e+00 1.7892654900e+01
5.3800000000e-01 3.4456847419e-01 1.5287230266e+00 2.4660979192e+00 1.7892654900e+01
5.3900000000e-01 3.4456847419e-01 1.5287230266e+00 2.4660979192e+00 1.7892654900e+01
5.4000000000e-01 3.4456847419e-01 1.5287230266e+00 2.4660979192e+00 1.7892654900e+01
5.4100000000e-01 3.4456847419e-01 1.5287230266e+00 2.4660979192e+00 1.7892654900e+01
5.4200000000e-01 3.4456847419e-01 1.5287230266e+00 2.4660979192e+00 1.7892654900e+01
5.4300000000e-01 3.4456847419e-01 1.5287230266e+00 2.4660979192e+00 1.7892654900e+01
5.4400000000e-01 3.4456847419e-01 1.5287230266e+00 2.4660979192e+00 1.7892654900e+01
5.4500000000e-01 3.4456847419e-01 1.5287230266e+00 2.4660979192e+00 1.7892654900e+01
5.4600000000e-01 3.4456847419e-01 1.5287230266e+00 2.4660979192e+00 1.7892654900e+01
5.4700000000e-01 3.4456847419e-01 1.5287230266e+00 2.4660979192e+00 1.7892654900e+01
5.4800000000e-01 3.4456847419e-01 1.5287230266e+00 2.4660979192e+00 1.7892654900e+01
5.4900000000e-01 3.4456847419e-01 1.5287230266e+00 2.4660979192e+00 1.7892654900e+01
5.5000000000e-01 3.4456847419e-01 1.5287230266e+00 2.4660979192e+00 1.7892654900e+01
5.5100000000e-01 3.4456847419e-01 1.5287230266e+00 2.4660979192e+00 1.7892654900e+01
5.5200000000e-01 3.4456847419e-01 1.5287230266e+00 2.4660979192e+00 1.7892654900e+01
5.5300000000e-01 3.4456847419e-01 1.5287230266e+00 2.4660979192e+00 1.7892654900e+01
5.5400000000e-01 3.4456847419e-01 1.5287230266e+00 2.4660979192e+00 1.7892654900e+01
5.5500000000e-01 3.4456847419e-01 1.5287230266e+00 2.4660979192e+00 1.7892654900e+01
5.5600000000e-01 3.4456847419e-01 1.5287230266e+00 2.4660979192e+00 1.7892654900e+01
5.5700000000e-01 3.4456847419e-01 1.5287230266e+00 2.4660979192e+00 1.7892654900e+01
5.5800000000e-01 3.4456847419e-01 1.5287230266e+00 2.4660979192e+00 1.7892654900e+01
5.5900000000e-01 3.4456847419e-01 1.5287230266e+00 2.4660979192e+00 1.7892654900e+01
5.6000000000e-01 3.4456847419e-01 1.5287230266e+00 2.4660979192e+00 1.7892654900e+01
5.6100000000e-01 3.4456847419e-01 1.5287230266e+00 2.4660979192e+00 1.7892654900e+01
5.6200000000e-01 3.4456847419e-01 1.5287230266e+00 2.4660979192e+00 1.7892654900e+01
5.6300000000e-01 3.4456847419e-01 1.5287230266e+00 2.4660979192e+00 1.7892654900e+01
5.6400000000e-01 3.4456847419e-01 1.5287230266e+00 2.4660979192e+00 1.7892654900e+01
5.6500000000e-01 3.4456847419e-01 1.5287230266e+00 2.4660979192e+00 1.7892654900e+01
5.6600000000e-01 3.4456847419e-01 1.5287230266e+00 2.4660979192e+00 1.7892654900e+01
5.6700000000e-01 3.4456847419e-01 1.5287230266e+00 2.4660979192e+00 1.7892654900e+01
5.6800000000e-01 3.4456847419e-01 1.5287230266e+00 2.4660979192e+00 1.7892654900e+01
5.6900000000e-01 3.4456847419e-01 1.5287230266e+00 2.4660979192e+00 1.7892654900e+01
5.7000000000e-01 3.4456847419e-01 1.5287230266e+00 2.4660979192e+00 1.7892654900e+01
5.7100000000e-01 3.4456847419e-01 1.5287230266e+00 2.4660979192e+00 1.7892654900e+01
5.7200000000e-01 3.4456847419e-01 1.5287230266e+00 2.4660979192e+00 1.7892654900e+01
5.7300000000e-01 3.4456847419e-01 1.5287230266e+00 2.4660979192e+00 1.7892654900e+01
5.7400000000e-01 3.4456847419e-01 1.5287230266e+00 2.4660979192e+00 1.7892654900e+01
5.7500000000e-01 3.4456847419e-01 1.5287230266e+00 2.4660979192e+00 1.7892654900e+01
5.7600000000e-01 3.4456847419e-01 1.5287230266e+00 2.4660979192e+00 1.7892654900e+01
5.7700000000e-01 3.4456847419e-01 1.5287230266e+00 2.4660979192e+00 1.7892654900e+01
5.7800000000e-01 3.4456847419e-01 1.5287230266e+00 2.4660979192e+00 1.7892654900e+01
5.7900000000e-01 3.4456847419e-01 1.5287230266e+00 2.4660979192e+00 1.7892654900e+01
5.8000000000e-01 3.4456847419e-01 1.5287230266e+00 2.4660979192e+00 1.7892654900e+01
5.8100000000e-01 3.4456847419e-01 1.5287230266e+00 2.4660979192e+00 1.7892654900e+01
5.8200000000e-01 3.4456847419e-01 1.5287230266e+00 2.4660979192e+00 1.7892654900e+01
5.8300000000e-01 3.4456847419e-01 1.5287230266e+00 2.4660979192e+00 1.7892654900e+01
5.8400000000e-01 3.4456847419e-01 1.5287230266e+00 2.4660979192e+00 1.7892654900e+01
5.8500000000e-01 3.4456847419e-01 1.5287230266e+00 2.4660979192e+00 1.7892654900e+01
5.8600000000e-01 3.4456847419e-01 1.5287230266e+00 2.4660979192e+00 1.7892654900e+01
5.8700000000e-01 3.4456847419e-01 1.5287230266e+00 2.4660979192e+00 1.7892654900e+01
5.8800000000e-01 3.4456847419e-01 1.5287230266e+00 2.4660979192e+00 1.7892654900e+01
5.8900000000e-01 3.4456847419e-01 1.5287230266e+00 2.4660979192e+00 1.7892654900e+01
5.9000000000e-01 3.4456847419e-01 1.5287230266e+00 2.4660979192e+00 1.7892654900e+01
5.9100000000e-01 3.4456847419e-01 1.5287230266e+00 2.4660979192e+00 1.7892654900e+01
5.9200000000e-01 3.4456847419e-01 1.5287230266e+00 2.4660979192e+00 1.7892654900e+01
5.9300000000e-01 3.4456847419e-01 1.5287230266e+00 2.4660979192e+00 1.7892654900e+01
5.9400000000e-01 3.4456847419e-01 1.5287230266e+00 2.4660979192e+00 1.7892654900e+01
5.9500000000e-01 3.4456847419e-01 1.5287230266e+00 2.4660979192e+00 1.7892654900e+01
5.9600000000e-01 3.4456847419e-01 1.5287230266e+00 2.4660979192e+00 1.7892654900e+01
5.9700000000e-01 3.4456847419e-01 1.5287230266e+00 2.4660979192e+00 1.7892654900e+01
5.9800000000e-01 3.4456847419e-01 1.5287230266e+00 2.4660979192e+00 1.7892654900e+01
5.9900000000e-01 3.4456847419e-01 1.5287230266e+00 2.4660979192e+00 1.7892654900e+01
6.0000000000e-01 3.4456847419e-01 1.5287230266e+00 2.4660979192e+00 1.7892654900e+01
6.0100000000e-01 3.4456847419e-01 1.5287230266e+00 2.4660979192e+00 1.7892654900e+01
6.0200000000e-01 3.4456847419e-01 1.5287230266e+00 2.4660979192e+00 1.7892654900e+01
6.0300000000e-01 3.4456847419e-01 1.5287230266e+00 2.4660979192e+00 1.7892654900e+01
6.0400000000e-01 3.4456847419e-01 1.5287230266e+00 2.4660979192e+00 1.7892654900e+01
6.0500000000e-01 3.4456847419e-01 1.5287230266e+00 2.4660979192e+00 1.7892654900e+01
6.0600000000e-01 3.4456847419e-01 1.5287230266e+00 2.4660979192e+00 1.7892654900e+01
6.0700000000e-01 3.4456847419e-01 1.5287230266e+00 2.4660979192e+00 1.7892654900e+01
6.0800000000e-01 3.4456847419e-01 1.5287230266e+00 2.4660979192e+00 1.7892654900e+01
6.0900000000e-01 3.4456847419e-01 1.5287230266e+00 2.4660979192e+00 1.7892654900e+01
6.1000000000e-01 3.4456847419e-01 1.5287230266e+00 2.4660979192e+00 1.7892654900e+01
6.1100000000e-01 3.4456847419e-01 1.5287230266e+00 2.4660979192e+00 1.7892654900e+01
6.1200000000e-01 3.4456847419e-01 1.5287230266e+00 2.4660979192e+00 1.7892654900e+01
6.1300000000e-01 3.4456847419e-01 1.5287230266e+00 2.4660979192e+00 1.7892654900e+01
6.1400000000e-01 3.4456847419e-01 1.5287230266e+00 2.4660979192e+00 1.7892654900e+01
6.1500000000e-01 3.4456847419e-01 1.5287230266e+00 2.4660979192e+00 1.7892654900e+01
6.1600000000e-01 3.4456847419e-01 1.5287230266e+00 2.4660979192e+00 1.7892654900e+01
6.1700000000e-01 3.4456847419e-01 1.5287230266e+00 2.4660979192e+00 1.7892654900e+01
6.1800000000e-01 3.4456847419e-01 1.5287230266e+00 2.4660979192e+00 1.7892654900e+01
6.1900000000e-01 3.4456847419e-01 1.5287230266e+00 2.4660979192e+00 1.7892654900e+01
6.2000000000e-01 3.4456847419e-01 1.5287230266e+00 2.4660979192e+00 1.7892654900e+01
6.2100000000e-01 3.4456847419e-01 1.5287230266e+00 2.4660979192e+00 1.7892654900e+01
6.2200000000e-01 3.4456847419e-01 1.5287230266e+00 2.4660979192e+00 1.7892654900e+01
6.2300000000e-01 3.4456847419e-01 1.5287230266e+00 2.4660979192e+00 1.7892654900e+01
6.2400000000e-01 3.4456847419e-01 1.5287230266e+00 2.4660979192e+00 1.7892654900e+01
6.2500000000e-01 3.4456847419e-01 1.5287230266e+00 2.4660979192e+00 1.7892654900e+01
6.2600000000e-01 3.4456847419e-01 1.5287230266e+00 2.4660979192e+00 1.7892654900e+01
6.2700000000e-01 3.4456847419e-01 1.5287230266e+00 2.4660979192e+00 1.7892654900e+01
6.2800000000e-01 3.4456847419e-01 1.5287230266e+00 2.4660979192e+00 1.7892654900e+01
6.2900000000e-01 3.4456847419e-01 1.5287230266e+00 2.4660979192e+00 1.7892654900e+01
6.3000000000e-01 3.4456847419e-01 1.5287230266e+00 2.4660979192e+00 1.7892654900e+01
6.3100000000e-01 3.4456847419e-01 1.5287230266e+00 2.4660979192e+00 1.7892654900e+01
6.3200000000e-01 3.4456847419e-01 1.5287230266e+00 2.4660979192e+00 1.7892654900e+01
6.3300000000e-01 3.4456847419e-01 1.5287230266e+00 2.4660979192e+00 1.7892654900e+01
6.3400000000e-01 3.4456847419e-01 1.5287230266e+00 2.4660979192e+00 1.7892654900e+01
6.3500000000e-01 3.4456847419e-01 1.5287230266e+00 2.4660979192e+00 1.7892654900e+01
6.3600000000e-01 3.4456847419e-01 1.5287230266e+00 2.4660979192e+00 1.7892654900e+01
6.3700000000e-01 3.4456847419e-01 1.5287230266e+00 2.4660979192e+00 1.7892654900e+01
6.3800000000e-01 3.4456847419e-01 1.5287230266e+00 2.4660979192e+00 1.7892654900e+01
6.3900000000e-01 3.4456847419e-01 1.5287230266e+00 2.4660979192e+00 1.7892654900e+01
6.4000000000e-01 3.4456847419e-01 1.5287230266e+00 2.4660979192e+00 1.7892654900e+01
6.4100000000e-01 3.4456847419e-01 1.5287230266e+00 2.4660979192e+00 1.7892654900e+01
6.4200000000e-01 3.4456847419e-01 1.5287230266e+00 2.4660979192e+00 1.7892654900e+01
6.4300000000e-01 3.4456847419e-01 1.5287230266e+00 2.4660979192e+00 1.7892654900e+01
6.4400000000e-01 3.4456847419e-01 1.5287230266e+00 2.4660979192e+00 1.7892654900e+01
6.4500000000e-01 3.4456847419e-01 1.5287230266e+00 2.4660979192e+00 1.7892654900e+01
6.4600000000e-01 3.4456847419e-01 1.5287230266e+00 2.4660979192e+00 1.7892654900e+01
6.4700000000e-01 3.4456847419e-01 1.5287230266e+00 2.4660979192e+00 1.7892654900e+01
6.4800000000e-01 3.4456847419e-01 1.5287230266e+00 2.4660979192e+00 1.7892654900e+01
6.4900000000e-01 3.4456847419e-01 1.5287230266e+00 2.4660979192e+00 1.7892654900e+01
6.5000000000e-01 3.4456847419e-01 1.5287230266e+00 2.4660979192e+00 1.7892654900e+01
6.5100000000e-01 3.4456847419e-01 1.5287230266e+00 2.4660979192e+00 1.7892654900e+01
6.5200000000e-01 3.4456847419e-01 1.5287230266e+00 2.4660979192e+00 1.7892654900e+01
6.5300000000e-01 3.4456847419e-01 1.5287230266e+00 2.4660979192e+00 1.7892654900e+01
6.5400000000e-01 3.4456847419e-01 1.5287230266e+00 2.4660979192e+00 1.7892654900e+01
6.5500000000e-01 3.4456847419e-01 1.5287230266e+00 2.4660979192e+00 1.7892654900e+01
6.5600000000e-01 3.4456847419e-01 1.5287230266e+00 2.4660979192e+00 1.7892654900e+01
6.5700000000e-01 3.4456847419e-01 1.5287230266e+00 2.4660979192e+00 1.7892654900e+01
6.5800000000e-01 3.4456847419e-01 1.5287230266e+00 2.4660979192e+00 1.7892654900e+01
6.5900000000e-01 3.4456847419e-01 1.5287230266e+00 2.4660979192e+00 1.7892654900e+01
6.6000000000e-01 3.4456847419e-01 1.5287230266e+00 2.4660979192e+00 1.7892654900e+01
6.6100000000e-01 3.4456847419e-01 1.5287230266e+00 2.4660979192e+00 1.7892654900e+01
6.6200000000e-01 3.4456847419e-01 1.5287230266e+00 2.4660979192e+00 1.7892654900e+01
6.6300000000e-01 3.4456847419e-01 1.5287230266e+00 2.4660979192e+00 1.7892654900e+01
6.6400000000e-01 3.4456847419e-01 1.5287230266e+00 2.4660979192e+00 1.7892654900e+01
6.6500000000e-01 3.4456847419e-01 1.5287230266e+00 2.4660979192e+00 1.7892654900e+01
6.6600000000e-01 3.4456847419e-01 1.5287230266e+00 2.4660979192e+00 1.7892654900e+01
6.6700000000e-01 3.4456847419e-01 1.5287230266e+00 2.4660979192e+00 1.7892654900e+01
6.6800000000e-01 3.4456847419e-01 1.5287230266e+00 2.4660979192e+00 1.7892654900e+01
6.6900000000e-01 3.4456847419e-01 1.5287230266e+00 2.4660979192e+00 1.7892654900e+01
6.7000000000e-01 3.4456847419e-01 1.5287230266e+00 2.4660979192e+00 1.7892654900e+01
6.7100000000e-01 3.4456847419e-01 1.5287230266e+00 2.4660979192e+00 1.7892654900e+01
6.7200000000e-01 3.4456847419e-01 1.5287230266e+00 2.4660979192e+00 1.7892654900e+01
6.7300000000e-01 3.4456847419e-01 1.5287230266e+00 2.4660979192e+00 1.7892654900e+01
6.7400000000e-01 3.4456847419e-01 1.5287230266e+00 2.4660979192e+00 1.7892654900e+01
6.7500000000e-01 3.4456847419e-01 1.5287230266e+00 2.4660979192e+00 1.7892654900e+01
6.7600000000e-01 3.4456847419e-01 1.5287230266e+00 2.4660979192e+00 1.7892654900e+01
6.7700000000e-01 3.4456847419e-01 1.5287230266e+00 2.4660979192e+00 1.7892654900e+01
6.7800000000e-01 3.4456847419e-01 1.5287230266e+00 2.4660979192e+00 1.7892654900e+01
6.7900000000e-01 3.4456847419e-01 1.5287230266e+00 2.4660979192e+00 1.7892654900e+01
6.8000000000e-01 3.4456847419e-01 1.5287230266e+00 2.4660979192e+00 1.7892654900e+01
6.8100000000e-01 3.4456847419e-01 1.5287230266e+00 2.4660979192e+00 1.7892654900e+01
6.8200000000e-01 3.4456847419e-01 1.5287230266e+00 2.4660979192e+00 1.7892654900e+01
6.8300000000e-01 3.4456847419e-01 1.5287230266e+00 2.4660979192e+00 1.7892654900e+01
6.8400000000e-01 3.4456847419e-01 1.5287230266e+00 2.4660979192e+00 1.7892654900e+01
6.8500000000e-01 3.4456847419e-01 1.5287230266e+00 2.4660979192e+00 1.7892654900e+01
6.8600000000e-01 3.4456847419e-01 1.5287230266e+00 2.4660979192e+00 1.7892654900e+01
6.8700000000e-01 3.4456847419e-01 1.5287230266e+00 2.4660979192e+00 1.7892654900e+01
6.8800000000e-01 3.4456847419e-01 1.5287230266e+00 2.4660979192e+00 1.7892654900e+01
6.8900000000e-01 3.4456847419e-01 1.5287230266e+00 2.4660979192e+00 1.7892654900e+01
6.9000000000e-01 3.4456847419e-01 1.5287230266e+00 2.4660979192e+00 1.7892654900e+01
6.9100000000e-01 3.4456847419e-01 1.5287230266e+00 2.4660979192e+00 1.7892654900e+01
6.9200000000e-01 3.4456847419e-01 1.5287230266e+00 2.4660979192e+00 1.7892654900e+01
6.9300000000e-01 3.4456847419e-01 1.5287230266e+00 2.4660979192e+00 1.7892654900e+01
6.9400000000e-01 3.4456847419e-01 1.5287230266e+00 2.4660979192e+00 1.7892654900e+01
6.9500000000e-01 3.4456847419e-01 1.5287230266e+00 2.4660979192e+00 1.7892654900e+01
6.9600000000e-01 3.4456847419e-01 1.5287230266e+00 2.4660979192e+00 1.7892654900e+01
6.9700000000e-01 3.4456847419e-01 1.5287230266e+00 2.4660979192e+00 1.7892654900e+01
6.9800000000e-01 3.4456847419e-01 1.5287230266e+00 2.4660979192e+00 1.7892654900e+01
6.9900000000e-01 1.3040845320e+00 1.5287230266e+00 2.4660979192e+00 4.7276419945e+00
7.0000000000e-01 1.3040845320e+00 1.5287230266e+00 2.4660979192e+00 4.7276419945e+00
7.0100000000e-01 1.3040845320e+00 1.5287230266e+00 2.4660979192e+00 4.7276419945e+00
7.0200000000e-01 1.3040845320e+00 1.5287230266e+00 2.4660979192e+00 4.7276419945e+00
7.0300000000e-01 1.3040845320e+00 1.5287230266e+00 2.4660979192e+00 4.7276419945e+00
7.0400000000e-01 1.3040845320e+00 1.5287230266e+00 2.4660979192e+00 4.7276419945e+00
7.0500000000e-01 1.3040845320e+00 1.5287230266e+00 2.4660979192e+00 4.7276419945e+00
7.0600000000e-01 1.3040845320e+00 1.5287230266e+00 2.4660979192e+00 4.7276419945e+00
7.0700000000e-01 1.3040845320e+00 1.5287230266e+00 2.4660979192e+00 4.7276419945e+00
7.0800000000e-01 1.3040845320e+00 1.5287230266e+00 2.4660979192e+00 4.7276419945e+00
7.0900000000e-01 1.3040845320e+00 1.5287230266e+00 2.4660979192e+00 4.7276419945e+00
7.1000000000e-01 1.3040845320e+00 1.5287230266e+00 2.4660979192e+00 4.7276419945e+00
7.1100000000e-01 1.3040845320e+00 1.5287230266e+00 2.4660979192e+00 4.7276419945e+00
7.1200000000e-01 1.3040845320e+00 1.5287230266e+00 2.4660979192e+00 4.7276419945e+00
7.1300000000e-01 1.3040845320e+00 1.5287230266e+00 2.4660979192e+00 4.7276419945e+00
7.1400000000e-01 1.3040845320e+00 1.5287230266e+00 2.4660979192e+00 4.7276419945e+00
7.1500000000e-01 1.3040845320e+00 1.5287230266e+00 2.4660979192e+00 4.7276419945e+00
7.1600000000e-01 1.3040845320e+00 1.5287230266e+00 2.4660979192e+00 4.7276419945e+00
7.1700000000e-01 1.3040845320e+00 1.5287230266e+00 2.4660979192e+00 4.7276419945e+00
7.1800000000e-01 1.3040845320e+00 1.5287230266e+00 2.4660979192e+00 4.7276419945e+00
7.1900000000e-01 1.3040845320e+00 1.5287230266e+00 2.4660979192e+00 4.7276419945e+00
7.2000000000e-01 1.3040845320e+00 1.5287230266e+00 2.4660979192e+00 4.7276419945e+00
7.2100000000e-01 1.3040845320e+00 1.5287230266e+00 2.4660979192e+00 4.7276419945e+00
7.2200000000e-01 1.3040845320e+00 1.5287230266e+00 2.4660979192e+00 4.7276419945e+00
7.2300000000e-01 1.3040845320e+00 1.5287230266e+00 2.4660979192e+00 4.7276419945e+00
7.2400000000e-01 1.3040845320e+00 1.5287230266e+00 2.4660979192e+00 4.7276419945e+00
7.2500000000e-01 1.3040845320e+00 1.5287230266e+00 2.4660979192e+00 4.7276419945e+00
7.2600000000e-01 1.3040845320e+00 1.5287230266e+00 2.4660979192e+00 4.7276419945e+00
7.2700000000e-01 1.3040845320e+00 1.5287230266e+00 2.4660979192e+00 4.7276419945e+00
7.2800000000e-01 1.3040845320e+00 1.5287230266e+00 2.4660979192e+00 4.7276419945e+00
7.2900000000e-01 1.3040845320e+00 1.5287230266e+00 2.4660979192e+00 4.7276419945e+00
7.3000000000e-01 1.3040845320e+00 1.5287230266e+00 2.4660979192e+00 4.7276419945e+00
7.3100000000e-01 1.3040845320e+00 1.5287230266e+00 2.4660979192e+00 4.7276419945e+00
7.3200000000e-01 1.3040845320e+00 1.5287230266e+00 2.4660979192e+00 4.7276419945e+00
7.3300000000e-01 1.3040845320e+00 1.5287230266e+00 2.4660979192e+00 4.7276419945e+00
7.3400000000e-01 1.3040845320e+00 1.5287230266e+00 2.4660979192e+00 4.7276419945e+00
7.3500000000e-01 1.3040845320e+00 1.5287230266e+00 2.4660979192e+00 4.7276419945e+00
7.3600000000e-01 1.3040845320e+00 1.5287230266e+00 2.4660979192e+00 4.7276419945e+00
7.3700000000e-01 1.3040845320e+00 1.5287230266e+00 2.4660979192e+00 4.7276419945e+00
7.3800000000e-01 1.3040845320e+00 1.5287230266e+00 2.4660979192e+00 4.7276419945e+00
7.3900000000e-01 1.3040845320e+00 1.5287230266e+00 2.4660979192e+00 4.7276419945e+00
7.4000000000e-01 1.3040845320e+00 1.5287230266e+00 2.4660979192e+00 4.7276419945e+00
7.4100000000e-01 1.3040845320e+00 1.5287230266e+00 2.4660979192e+00 4.7276419945e+00
7.4200000000e-01 1.3040845320e+00 1.5287230266e+00 2.4660979192e+00 4.7276419945e+00
7.4300000000e-01 1.3040845320e+00 1.5287230266e+00 2.4660979192e+00 4.7276419945e+00
7.4400000000e-01 1.3040845320e+00 1.5287230266e+00 2.4660979192e+00 4.7276419945e+00
7.4500000000e-01 1.3040845320e+00 1.5287230266e+00 2.4660979192e+00 4.7276419945e+00
7.4600000000e-01 1.3040845320e+00 1.5287230266e+00 2.4660979192e+00 4.7276419945e+00
7.4700000000e-01 1.3040845320e+00 1.5287230266e+00 2.4660979192e+00 4.7276419945e+00
7.4800000000e-01 1.3040845320e+00 1.5287230266e+00 2.4660979192e+00 4.7276419945e+00
7.4900000000e-01 1.3040845320e+00 1.5287230266e+00 2.4660979192e+00 4.7276419945e+00
7.5000000000e-01 1.3040845320e+00 1.5287230266e+00 2.4660979192e+00 4.7276419945e+00
7.5100000000e-01 1.3040845320e+00 1.5287230266e+00 2.4660979192e+00 4.7276419945e+00
7.5200000000e-01 1.3040845320e+00 1.5287230266e+00 2.4660979192e+00 4.7276419945e+00
7.5300000000e-01 1.3040845320e+00 1.5287230266e+00 2.4660979192e+00 4.7276419945e+00
7.5400000000e-01 1.3040845320e+00 1.5287230266e+00 2.4660979192e+00 4.7276419945e+00
7.5500000000e-01 1.3040845320e+00 1.5287230266e+00 2.4660979192e+00 4.7276419945e+00
7.5600000000e-01 1.3040845320e+00 1.5287230266e+00 2.4660979192e+00 4.7276419945e+00
7.5700000000e-01 1.3040845320e+00 1.5287230266e+00 2.4660979192e+00 4.7276419945e+00
7.5800000000e-01 1.3040845320e+00 1.5287230266e+00 2.4660979192e+00 4.7276419945e+00
7.5900000000e-01 1.3040845320e+00 1.5287230266e+00 2.4660979192e+00 4.7276419945e+00
7.6000000000e-01 1.3040845320e+00 1.5287230266e+00 2.4660979192e+00 4.7276419945e+00
7.6100000000e-01 1.3040845320e+00 1.5287230266e+00 2.4660979192e+00 4.7276419945e+00
7.6200000000e-01 1.3040845320e+00 1.5287230266e+00 2.4660979192e+00 4.7276419945e+00
7.6300000000e-01 1.3040845320e+00 1.5287230266e+00 2.4660979192e+00 4.7276419945e+00
7.6400000000e-01 1.3040845320e+00 1.5287230266e+00 2.4660979192e+00 4.7276419945e+00
7.6500000000e-01 1.3040845320e+00 1.5287230266e+00 2.4660979192e+00 4.7276419945e+00
7.6600000000e-01 1.3040845320e+00 1.5287230266e+00 2.4660979192e+00 4.7276419945e+00
7.6700000000e-01 1.3040845320e+00 1.5287230266e+00 2.4660979192e+00 4.7276419945e+00
7.6800000000e-01 1.3040845320e+00 1.5287230266e+00 2.4660979192e+00 4.7276419945e+00
7.6900000000e-01 1.3040845320e+00 1.5287230266e+00 2.4660979192e+00 4.7276419945e+00
7.7000000000e-01 1.3040845320e+00 1.5287230266e+00 2.4660979192e+00 4.7276419945e+00
7.7100000000e-01 1.3040845320e+00 1.5287230266e+00 2.4660979192e+00 4.7276419945e+00
7.7200000000e-01 1.3040845320e+00 1.5287230266e+00 2.4660979192e+00 4.7276419945e+00
7.7300000000e-01 1.3040845320e+00 1.5287230266e+00 2.4660979192e+00 4.7276419945e+00
7.7400000000e-01 1.3040845320e+00 1.5287230266e+00 2.4660979192e+00 4.7276419945e+00
7.7500000000e-01 1.3040845320e+00 1.5287230266e+00 2.4660979192e+00 4.7276419945e+00
7.7600000000e-01 1.3040845320e+00 1.5287230266e+00 2.4660979192e+00 4.7276419945e+00
7.7700000000e-01 1.3040845320e+00 1.5287230266e+00 2.4660979192e+00 4.7276419945e+00
7.7800000000e-01 1.3040845320e+00 1.5287230266e+00 2.4660979192e+00 4.7276419945e+00
7.7900000000e-01 1.3040845320e+00 1.5287230266e+00 2.4660979192e+00 4.7276419945e+00
7.8000000000e-01 1.3040845320e+00 1.5287230266e+00 2.4660979192e+00 4.7276419945e+00
7.8100000000e-01 1.3040845320e+00 1.5287230266e+00 2.4660979192e+00 4.7276419945e+00
7.8200000000e-01 1.3040845320e+00 1.5287230266e+00 2.4660979192e+00 4.7276419945e+00
7.8300000000e-01 1.3040845320e+00 1.5287230266e+00 2.4660979192e+00 4.7276419945e+00
7.8400000000e-01 1.3040845320e+00 1.5287230266e+00 2.4660979192e+00 4.7276419945e+00
7.8500000000e-01 1.3040845320e+00 1.5287230266e+00 2.4660979192e+00 4.7276419945e+00
7.8600000000e-01 1.3040845320e+00 1.5287230266e+00 2.4660979192e+00 4.7276419945e+00
7.8700000000e-01 1.3040845320e+00 1.5287230266e+00 2.4660979192e+00 4.7276419945e+00
7.8800000000e-01 1.3040845320e+00 1.5287230266e+00 2.4660979192e+00 4.7276419945e+00
7.8900000000e-01 1.3040845320e+00 1.5287230266e+00 2.4660979192e+00 4.7276419945e+00
7.9000000000e-01 1.3040845320e+00 1.5287230266e+00 2.4660979192e+00 4.7276419945e+00
7.9100000000e-01 1.3040845320e+00 1.5287230266e+00 2.4660979192e+00 4.7276419945e+00
7.9200000000e-01 1.3040845320e+00 1.5287230266e+00 2.4660979192e+00 4.7276419945e+00
7.9300000000e-01 1.3040845320e+00 1.5287230266e+00 2.4660979192e+00 4.7276419945e+00
7.9400000000e-01 1.3040845320e+00 1.5287230266e+00 2.4660979192e+00 4.7276419945e+00
7.9500000000e-01 1.3040845320e+00 1.5287230266e+00 2.4660979192e+00 4.7276419945e+00
7.9600000000e-01 1.3040845320e+00 1.5287230266e+00 2.4660979192e+00 4.7276419945e+00
7.9700000000e-01 1.3040845320e+00 1.5287230266e+00 2.4660979192e+00 4.7276419945e+00
7.9800000000e-01 1.3040845320e+00 1.5287230266e+00 2.4660979192e+00 4.7276419945e+00
7.9900000000e-01 1.3040845320e+00 1.5287230266e+00 2.4660979192e+00 4.7276419945e+00
8.0000000000e-01 1.3040845320e+00 1.5287230266e+00 2.4660979192e+00 4.7276419945e+00
8.0100000000e-01 1.3040845320e+00 1.5287230266e+00 2.4660979192e+00 4.7276419945e+00
8.0200000000e-01 1.3040845320e+00 1.5287230266e+00 2.4660979192e+00 4.7276419945e+00
8.0300000000e-01 1.3040845320e+00 1.5287230266e+00 2.4660979192e+00 4.7276419945e+00
8.0400000000e-01 1.3040845320e+00 1.5287230266e+00 2.4660979192e+00 4.7276419945e+00
8.0500000000e-01 1.3040845320e+00 1.5287230266e+00 2.4660979192e+00 4.7276419945e+00
8.0600000000e-01 1.3040845320e+00 1.5287230266e+00 2.4660979192e+00 4.7276419945e+00
8.0700000000e-01 1.3040845320e+00 1.5287230266e+00 2.4660979192e+00 4.7276419945e+00
8.0800000000e-01 1.3040845320e+00 1.5287230266e+00 2.4660979192e+00 4.7276419945e+00
8.0900000000e-01 1.3040845320e+00 1.5287230266e+00 2.4660979192e+00 4.7276419945e+00
8.1000000000e-01 1.3040845320e+00 1.5287230266e+00 2.4660979192e+00 4.7276419945e+00
8.1100000000e-01 1.3040845320e+00 1.5287230266e+00 2.4660979192e+00 4.7276419945e+00
8.1200000000e-01 1.3040845320e+00 1.5287230266e+00 2.4660979192e+00 4.7276419945e+00
8.1300000000e-01 1.3040845320e+00 1.5287230266e+00 2.4660979192e+00 4.7276419945e+00
8.1400000000e-01 1.3040845320e+00 1.5287230266e+00 2.4660979192e+00 4.7276419945e+00
8.1500000000e-01 1.3040845320e+00 1.5287230266e+00 2.4660979192e+00 4.7276419945e+00
8.1600000000e-01 1.3040845320e+00 1.5287230266e+00 2.4660979192e+00 4.7276419945e+00
8.1700000000e-01 1.3040845320e+00 1.5287230266e+00 2.4660979192e+00 4.7276419945e+00
8.1800000000e-01 1.3040845320e+00 1.5287230266e+00 2.4660979192e+00 4.7276419945e+00
8.1900000000e-01 1.3040845320e+00 1.5287230266e+00 2.4660979192e+00 4.7276419945e+00
8.2000000000e-01 1.3040845320e+00 1.5287230266e+00 2.4660979192e+00 4.7276419945e+00
8.2100000000e-01 1.3040845320e+00 1.5287230266e+00 2.4660979192e+00 4.7276419945e+00
8.2200000000e-01 1.3040845320e+00 1.5287230266e+00 2.4660979192e+00 4.7276419945e+00
8.2300000000e-01 5.0000000000e-01 0.0000000000e+00 5.7100000000e-01 2.8550000000e+00
8.2400000000e-01 5.0000000000e-01 0.0000000000e+00 5.7100000000e-01 2.8550000000e+00
8.2500000000e-01 5.0000000000e-01 0.0000000000e+00 5.7100000000e-01 2.8550000000e+00
8.2600000000e-01 5.0000000000e-01 0.0000000000e+00 5.7100000000e-01 2.8550000000e+00
8.2700000000e-01 5.0000000000e-01 0.0000000000e+00 5.7100000000e-01 2.8550000000e+00
8.2800000000e-01 5.0000000000e-01 0.0000000000e+00 5.7100000000e-01 2.8550000000e+00
8.2900000000e-01 5.0000000000e-01 0.0000000000e+00 5.7100000000e-01 2.8550000000e+00
8.3000000000e-01 5.0000000000e-01 0.0000000000e+00 5.7100000000e-01 2.8550000000e+00
8.3100000000e-01 5.0000000000e-01 0.0000000000e+00 5.7100000000e-01 2.8550000000e+00
8.3200000000e-01 5.0000000000e-01 0.0000000000e+00 5.7100000000e-01 2.8550000000e+00
8.3300000000e-01 5.0000000000e-01 0.0000000000e+00 5.7100000000e-01 2.8550000000e+00
8.3400000000e-01 5.0000000000e-01 0.0000000000e+00 5.7100000000e-01 2.8550000000e+00
8.3500000000e-01 5.0000000000e-01 0.0000000000e+00 5.7100000000e-01 2.8550000000e+00
8.3600000000e-01 5.0000000000e-01 0.0000000000e+00 5.7100000000e-01 2.8550000000e+00
8.3700000000e-01 5.0000000000e-01 0.0000000000e+00 5.7100000000e-01 2.8550000000e+00
8.3800000000e-01 5.0000000000e-01 0.0000000000e+00 5.7100000000e-01 2.8550000000e+00
8.3900000000e-01 5.0000000000e-01 0.0000000000e+00 5.7100000000e-01 2.8550000000e+00
8.4000000000e-01 5.0000000000e-01 0.0000000000e+00 5.7100000000e-01 2.8550000000e+00
8.4100000000e-01 5.0000000000e-01 0.0000000000e+00 5.7100000000e-01 2.8550000000e+00
8.4200000000e-01 5.0000000000e-01 0.0000000000e+00 5.7100000000e-01 2.8550000000e+00
8.4300000000e-01 5.0000000000e-01 0.0000000000e+00 5.7100000000e-01 2.8550000000e+00
8.4400000000e-01 5.0000000000e-01 0.0000000000e+00 5.7100000000e-01 2.8550000000e+00
8.4500000000e-01 5.0000000000e-01 0.0000000000e+00 5.7100000000e-01 2.8550000000e+00
8.4600000000e-01 5.0000000000e-01 0.0000000000e+00 5.7100000000e-01 2.8550000000e+00
8.4700000000e-01 5.0000000000e-01 0.0000000000e+00 5.7100000000e-01 2.8550000000e+00
8.4800000000e-01 5.0000000000e-01 0.0000000000e+00 5.7100000000e-01 2.8550000000e+00
8.4900000000e-01 5.0000000000e-01 0.0000000000e+00 5.7100000000e-01 2.8550000000e+00
8.5000000000e-01 5.0000000000e-01 0.0000000000e+00 5.7100000000e-01 2.8550000000e+00
8.5100000000e-01 5.0000000000e-01 0.0000000000e+00 5.7100000000e-01 2.8550000000e+00
8.5200000000e-01 5.0000000000e-01 0.0000000000e+00 5.7100000000e-01 2.8550000000e+00
8.5300000000e-01 5.0000000000e-01 0.0000000000e+00 5.7100000000e-01 2.8550000000e+00
8.5400000000e-01 5.0000000000e-01 0.0000000000e+00 5.7100000000e-01 2.8550000000e+00
8.5500000000e-01 5.0000000000e-01 0.0000000000e+00 5.7100000000e-01 2.8550000000e+00
8.5600000000e-01 5.0000000000e-01 0.0000000000e+00 5.7100000000e-01 2.8550000000e+00
8.5700000000e-01 5.0000000000e-01 0.0000000000e+00 5.7100000000e-01 2.8550000000e+00
8.5800000000e-01 5.0000000000e-01 0.0000000000e+00 5.7100000000e-01 2.8550000000e+00
8.5900000000e-01 5.0000000000e-01 0.0000000000e+00 5.7100000000e-01 2.8550000000e+00
8.6000000000e-01 5.0000000000e-01 0.0000000000e+00 5.7100000000e-01 2.8550000000e+00
8.6100000000e-01 5.0000000000e-01 0.0000000000e+00 5.7100000000e-01 2.8550000000e+00
8.6200000000e-01 5.0000000000e-01 0.0000000000e+00 5.7100000000e-01 2.8550000000e+00
8.6300000000e-01 5.0000000000e-01 0.0000000000e+00 5.7100000000e-01 2.8550000000e+00
8.6400000000e-01 5.0000000000e-01 0.0000000000e+00 5.7100000000e-01 2.8550000000e+00
8.6500000000e-01 5.0000000000e-01 0.0000000000e+00 5.7100000000e-01 2.8550000000e+00
8.6600000000e-01 5.0000000000e-01 0.0000000000e+00 5.7100000000e-01 2.8550000000e+00
8.6700000000e-01 5.0000000000e-01 0.0000000000e+00 5.7100000000e-01 2.8550000000e+00
8.6800000000e-01 5.0000000000e-01 0.0000000000e+00 5.7100000000e-01 2.8550000000e+00
8.6900000000e-01 5.0000000000e-01 0.0000000000e+00 5.7100000000e-01 2.8550000000e+00
8.7000000000e-01 5.0000000000e-01 0.0000000000e+00 5.7100000000e-01 2.8550000000e+00
8.7100000000e-01 5.0000000000e-01 0.0000000000e+00 5.7100000000e-01 2.8550000000e+00
8.7200000000e-01 5.0000000000e-01 0.0000000000e+00 5.7100000000e-01 2.8550000000e+00
8.7300000000e-01 5.0000000000e-01 0.0000000000e+00 5.7100000000e-01 2.8550000000e+00
8.7400000000e-01 5.0000000000e-01 0.0000000000e+00 5.7100000000e-01 2.8550000000e+00
8.7500000000e-01 5.0000000000e-01 0.0000000000e+00 5.7100000000e-01 2.8550000000e+00
8.7600000000e-01 5.0000000000e-01 0.0000000000e+00 5.7100000000e-01 2.8550000000e+00
8.7700000000e-01 5.0000000000e-01 0.0000000000e+00 5.7100000000e-01 2.8550000000e+00
8.7800000000e-01 5.0000000000e-01 0.0000000000e+00 5.7100000000e-01 2.8550000000e+00
8.7900000000e-01 5.0000000000e-01 0.0000000000e+00 5.7100000000e-01 2.8550000000e+00
8.8000000000e-01 5.0000000000e-01 0.0000000000e+00 5.7100000000e-01 2.8550000000e+00
8.8100000000e-01 5.0000000000e-01 0.0000000000e+00 5.7100000000e-01 2.8550000000e+00
8.8200000000e-01 5.0000000000e-01 0.0000000000e+00 5.7100000000e-01 2.8550000000e+00
8.8300000000e-01 5.0000000000e-01 0.0000000000e+00 5.7100000000e-01 2.8550000000e+00
8.8400000000e-01 5.0000000000e-01 0.0000000000e+00 5.7100000000e-01 2.8550000000e+00
8.8500000000e-01 5.0000000000e-01 0.0000000000e+00 5.7100000000e-01 2.8550000000e+00
8.8600000000e-01 5.0000000000e-01 0.0000000000e+00 5.7100000000e-01 2.8550000000e+00
8.8700000000e-01 5.0000000000e-01 0.0000000000e+00 5.7100000000e-01 2.8550000000e+00
8.8800000000e-01 5.0000000000e-01 0.0000000000e+00 5.7100000000e-01 2.8550000000e+00
8.8900000000e-01 5.0000000000e-01 0.0000000000e+00 5.7100000000e-01 2.8550000000e+00
8.9000000000e-01 5.0000000000e-01 0.0000000000e+00 5.7100000000e-01 2.8550000000e+00
8.9100000000e-01 5.0000000000e-01 0.0000000000e+00 5.7100000000e-01 2.8550000000e+00
8.9200000000e-01 5.0000000000e-01 0.0000000000e+00 5.7100000000e-01 2.8550000000e+00
8.9300000000e-01 5.0000000000e-01 0.0000000000e+00 5.7100000000e-01 2.8550000000e+00
8.9400000000e-01 5.0000000000e-01 0.0000000000e+00 5.7100000000e-01 2.8550000000e+00
8.9500000000e-01 5.0000000000e-01 0.0000000000e+00 5.7100000000e-01 2.8550000000e+00
8.9600000000e-01 5.0000000000e-01 0.0000000000e+00 5.7100000000e-01 2.8550000000e+00
8.9700000000e-01 5.0000000000e-01 0.0000000000e+00 5.7100000000e-01 2.8550000000e+00
8.9800000000e-01 5.0000000000e-01 0.0000000000e+00 5.7100000000e-01 2.8550000000e+00
8.9900000000e-01 5.0000000000e-01 0.0000000000e+00 5.7100000000e-01 2.8550000000e+00
9.0000000000e-01 5.0000000000e-01 0.0000000000e+00 5.7100000000e-01 2.8550000000e+00
9.0100000000e-01 5.0000000000e-01 0.0000000000e+00 5.7100000000e-01 2.8550000000e+00
9.0200000000e-01 5.0000000000e-01 0.0000000000e+00 5.7100000000e-01 2.8550000000e+00
9.0300000000e-01 5.0000000000e-01 0.0000000000e+00 5.7100000000e-01 2.8550000000e+00
9.0400000000e-01 5.0000000000e-01 0.0000000000e+00 5.7100000000e-01 2.8550000000e+00
9.0500000000e-01 5.0000000000e-01 0.0000000000e+00 5.7100000000e-01 2.8550000000e+00
9.0600000000e-01 5.0000000000e-01 0.0000000000e+00 5.7100000000e-01 2.8550000000e+00
9.0700000000e-01 5.0000000000e-01 0.0000000000e+00 5.7100000000e-01 2.8550000000e+00
9.0800000000e-01 5.0000000000e-01 0.0000000000e+00 5.7100000000e-01 2.8550000000e+00
9.0900000000e-01 5.0000000000e-01 0.0000000000e+00 5.7100000000e-01 2.8550000000e+00
9.1000000000e-01 5.0000000000e-01 0.0000000000e+00 5.7100000000e-01 2.8550000000e+00
9.1100000000e-01 5.0000000000e-01 0.0000000000e+00 5.7100000000e-01 2.8550000000e+00
9.1200000000e-01 5.0000000000e-01 0.0000000000e+00 5.7100000000e-01 2.8550000000e+00
9.1300000000e-01 5.0000000000e-01 0.0000000000e+00 5.7100000000e-01 2.8550000000e+00
9.1400000000e-01 5.0000000000e-01 0.0000000000e+00 5.7100000000e-01 2.8550000000e+00
9.1500000000e-01 5.0000000000e-01 0.0000000000e+00 5.7100000000e-01 2.8550000000e+00
9.1600000000e-01 5.0000000000e-01 0.0000000000e+00 5.7100000000e-01 2.8550000000e+00
9.1700000000e-01 5.0000000000e-01 0.0000000000e+00 5.7100000000e-01 2.8550000000e+00
9.1800000000e-01 5.0000000000e-01 0.0000000000e+00 5.7100000000e-01 2.8550000000e+00
9.1900000000e-01 5.0000000000e-01 0.0000000000e+00 5.7100000000e-01 2.8550000000e+00
9.2000000000e-01 5.0000000000e-01 0.0000000000e+00 5.7100000000e-01 2.8550000000e+00
9.2100000000e-01 5.0000000000e-01 0.0000000000e+00 5.7100000000e-01 2.8550000000e+00
9.2200000000e-01 5.0000000000e-01 0.0000000000e+00 5.7100000000e-01 2.8550000000e+00
9.2300000000e-01 5.0000000000e-01 0.0000000000e+00 5.7100000000e-01 2.8550000000e+00
9.2400000000e-01 5.0000000000e-01 0.0000000000e+00 5.7100000000e-01 2.8550000000e+00
9.2500000000e-01 5.0000000000e-01 0.0000000000e+00 5.7100000000e-01 2.8550000000e+00
9.2600000000e-01 5.0000000000e-01 0.0000000000e+00 5.7100000000e-01 2.8550000000e+00
9.2700000000e-01 5.0000000000e-01 0.0000000000e+00 5.7100000000e-01 2.8550000000e+00
9.2800000000e-01 5.0000000000e-01 0.0000000000e+00 5.7100000000e-01 2.8550000000e+00
9.2900000000e-01 5.0000000000e-01 0.0000000000e+00 5.7100000000e-01 2.8550000000e+00
9.3000000000e-01 5.0000000000e-01 0.0000000000e+00 5.7100000000e-01 2.8550000000e+00
9.3100000000e-01 5.0000000000e-01 0.0000000000e+00 5.7100000000e-01 2.8550000000e+00
9.3200000000e-01 5.0000000000e-01 0.0000000000e+00 5.7100000000e-01 2.8550000000e+00
9.3300000000e-01 5.0000000000e-01 0.0000000000e+00 5.7100000000e-01 2.8550000000e+00
9.3400000000e-01 5.0000000000e-01 0.0000000000e+00 5.7100000000e-01 2.8550000000e+00
9.3500000000e-01 5.0000000000e-01 0.0000000000e+00 5.7100000000e-01 2.8550000000e+00
9.3600000000e-01 5.0000000000e-01 0.0000000000e+00 5.7100000000e-01 2.8550000000e+00
9.3700000000e-01 5.0000000000e-01 0.0000000000e+00 5.7100000000e-01 2.8550000000e+00
9.3800000000e-01 5.0000000000e-01 0.0000000000e+00 5.7100000000e-01 2.8550000000e+00
9.3900000000e-01 5.0000000000e-01 0.0000000000e+00 5.7100000000e-01 2.8550000000e+00
9.4000000000e-01 5.0000000000e-01 0.0000000000e+00 5.7100000000e-01 2.8550000000e+00
9.4100000000e-01 5.0000000000e-01 0.0000000000e+00 5.7100000000e-01 2.8550000000e+00
9.4200000000e-01 5.0000000000e-01 0.0000000000e+00 5.7100000000e-01 2.8550000000e+00
9.4300000000e-01 5.0000000000e-01 0.0000000000e+00 5.7100000000e-01 2.8550000000e+00
9.4400000000e-01 5.0000000000e-01 0.0000000000e+00 5.7100000000e-01 2.8550000000e+00
9.4500000000e-01 5.0000000000e-01 0.0000000000e+00 5.7100000000e-01 2.8550000000e+00
9.4600000000e-01 5.0000000000e-01 0.0000000000e+00 5.7100000000e-01 2.8550000000e+00
9.4700000000e-01 5.0000000000e-01 0.0000000000e+00 5.7100000000e-01 2.8550000000e+00
9.4800000000e-01 5.0000000000e-01 0.0000000000e+00 5.7100000000e-01 2.8550000000e+00
9.4900000000e-01 5.0000000000e-01 0.0000000000e+00 5.7100000000e-01 2.8550000000e+00
9.5000000000e-01 5.0000000000e-01 0.0000000000e+00 5.7100000000e-01 2.8550000000e+00
9.5100000000e-01 5.0000000000e-01 0.0000000000e+00 5.7100000000e-01 2.8550000000e+00
9.5200000000e-01 5.0000000000e-01 0.0000000000e+00 5.7100000000e-01 2.8550000000e+00
9.5300000000e-01 5.0000000000e-01 0.0000000000e+00 5.7100000000e-01 2.8550000000e+00
9.5400000000e-01 5.0000000000e-01 0.0000000000e+00 5.7100000000e-01 2.8550000000e+00
9.5500000000e-01 5.0000000000e-01 0.0000000000e+00 5.7100000000e-01 2.8550000000e+00
9.5600000000e-01 5.0000000000e-01 0.0000000000e+00 5.7100000000e-01 2.8550000000e+00
9.5700000000e-01 5.0000000000e-01 0.0000000000e+00 5.7100000000e-01 2.8550000000e+00
9.5800000000e-01 5.0000000000e-01 0.0000000000e+00 5.7100000000e-01 2.8550000000e+00
9.5900000000e-01 5.0000000000e-01 0.0000000000e+00 5.7100000000e-01 2.8550000000e+00
9.6000000000e-01 5.0000000000e-01 0.0000000000e+00 5.7100000000e-01 2.8550000000e+00
9.6100000000e-01 5.0000000000e-01 0.0000000000e+00 5.7100000000e-01 2.8550000000e+00
9.6200000000e-01 5.0000000000e-01 0.0000000000e+00 5.7100000000e-01 2.8550000000e+00
9.6300000000e-01 5.0000000000e-01 0.0000000000e+00 5.7100000000e-01 2.8550000000e+00
9.6400000000e-01 5.0000000000e-01 0.0000000000e+00 5.7100000000e-01 2.8550000000e+00
9.6500000000e-01 5.0000000000e-01 0.0000000000e+00 5.7100000000e-01 2.8550000000e+00
9.6600000000e-01 5.0000000000e-01 0.0000000000e+00 5.7100000000e-01 2.8550000000e+00
9.6700000000e-01 5.0000000000e-01 0.0000000000e+00 5.7100000000e-01 2.8550000000e+00
9.6800000000e-01 5.0000000000e-01 0.0000000000e+00 5.7100000000e-01 2.8550000000e+00
9.6900000000e-01 5.0000000000e-01 0.0000000000e+00 5.7100000000e-01 2.8550000000e+00
9.7000000000e-01 5.0000000000e-01 0.0000000000e+00 5.7100000000e-01 2.8550000000e+00
9.7100000000e-01 5.0000000000e-01 0.0000000000e+00 5.7100000000e-01 2.8550000000e+00
9.7200000000e-01 5.0000000000e-01 0.0000000000e+00 5.7100000000e-01 2.8550000000e+00
9.7300000000e-01 5.0000000000e-01 0.0000000000e+00 5.7100000000e-01 2.8550000000e+00
9.7400000000e-01 5.0000000000e-01 0.0000000000e+00 5.7100000000e-01 2.8550000000e+00
9.7500000000e-01 5.0000000000e-01 0.0000000000e+00 5.7100000000e-01 2.8550000000e+00
9.7600000000e-01 5.0000000000e-01 0.0000000000e+00 5.7100000000e-01 2.8550000000e+00
9.7700000000e-01 5.0000000000e-01 0.0000000000e+00 5.7100000000e-01 2.8550000000e+00
9.7800000000e-01 5.0000000000e-01 0.0000000000e+00 5.7100000000e-01 2.8550000000e+00
9.7900000000e-01 5.0000000000e-01 0.0000000000e+00 5.7100000000e-01 2.8550000000e+00
9.8000000000e-01 5.0000000000e-01 0.0000000000e+00 5.7100000000e-01 2.8550000000e+00
9.8100000000e-01 5.0000000000e-01 0.0000000000e+00 5.7100000000e-01 2.8550000000e+00
9.8200000000e-01 5.0000000000e-01 0.0000000000e+00 5.7100000000e-01 2.8550000000e+00
9.8300000000e-01 5.0000000000e-01 0.0000000000e+00 5.7100000000e-01 2.8550000000e+00
9.8400000000e-01 5.0000000000e-01 0.0000000000e+00 5.7100000000e-01 2.8550000000e+00
9.8500000000e-01 5.0000000000e-01 0.0000000000e+00 5.7100000000e-01 2.8550000000e+00
9.8600000000e-01 5.0000000000e-01 0.0000000000e+00 5.7100000000e-01 2.8550000000e+00
9.8700000000e-01 5.0000000000e-01 0.0000000000e+00 5.7100000000e-01 2.8550000000e+00
9.8800000000e-01 5.0000000000e-01 0.0000000000e+00 5.7100000000e-01 2.8550000000e+00
9.8900000000e-01 5.0000000000e-01 0.0000000000e+00 5.7100000000e-01 2.8550000000e+00
9.9000000000e-01 5.0000000000e-01 0.0000000000e+00 5.7100000000e-01 2.8550000000e+00
9.9100000000e-01 5.0000000000e-01 0.0000000000e+00 5.7100000000e-01 2.8550000000e+00
9.9200000000e-01 5.0000000000e-01 0.0000000000e+00 5.7100000000e-01 2.8550000000e+00
9.9300000000e-01 5.0000000000e-01 0.0000000000e+00 5.7100000000e-01 2.8550000000e+00
9.9400000000e-01 5.0000000000e-01 0.0000000000e+00 5.7100000000e-01 2.8550000000e+00
9.9500000000e-01 5.0000000000e-01 0.0000000000e+00 5.7100000000e-01 2.8550000000e+00
9.9600000000e-01 5.0000000000e-01 0.0000000000e+00 5.7100000000e-01 2.8550000000e+00
9.9700000000e-01 5.0000000000e-01 0.0000000000e+00 5.7100000000e-01 2.8550000000e+00
9.9800000000e-01 5.0000000000e-01 0.0000000000e+00 5.7100000000e-01 2.8550000000e+00
9.9900000000e-01 5.0000000000e-01 0.0000000000e+00 5.7100000000e-01 2.8550000000e+00
1.0000000000e+00 5.0000000000e-01 0.0000000000e+00 5.7100000000e-01 2.8550000000e+00
