# x  rho  v  p  e  w  vol
-9.9986771545e-01 1.5750000000e-02 -9.0280189225e+00 5.8182368485e-02 9.2352965848e+00 1.0000000000e-01 1.5000000000e-01
-7.1930803123e-01 1.6890448102e-02 -7.1013259083e+00 5.2730680924e-02 7.8048078722e+00 1.0000000000e-01 1.3987195519e-01
-5.8285346971e-01 3.3238944957e-02 -6.3769224063e+00 8.2113405673e-02 6.1759936859e+00 1.0000000000e-01 7.1076263192e-02
-5.5139622763e-01 3.7269389486e-02 -6.1083920912e+00 9.4737035756e-02 6.3548824560e+00 1.0000000000e-01 6.3389822924e-02
-4.6873148240e-01 4.1838735359e-02 -5.4096481916e+00 1.1461017299e-01 6.8483291864e+00 1.0000000000e-01 5.6466811908e-02
-4.2019632097e-01 4.7253090791e-02 -5.4874503329e+00 1.4150251666e-01 7.4864159301e+00 9.9993459071e-02 4.9996729536e-02
-3.8212742404e-01 5.1893586830e-02 -5.2097196907e+00 1.7280799888e-01 8.3251134406e+00 9.1051713490e-02 4.5525856745e-02
-3.2930926755e-01 5.8874763485e-02 -4.8017230845e+00 2.0522932588e-01 8.7146560652e+00 8.0255099474e-02 4.0127549737e-02
-2.9722871889e-01 6.4839915733e-02 -4.6684019610e+00 2.3719246044e-01 9.1453103292e+00 7.2871778851e-02 3.6435889425e-02
-2.5932500726e-01 7.2749864174e-02 -4.3660822994e+00 2.7701148436e-01 9.5193127682e+00 6.4948574869e-02 3.2474287435e-02
-2.3032067087e-01 7.9142899388e-02 -4.1619637832e+00 3.1227319977e-01 9.8642203592e+00 5.9702134197e-02 2.9851067099e-02
-1.9971241283e-01 8.6418644151e-02 -3.9698897445e+00 3.5299467255e-01 1.0211762636e+01 5.4675701597e-02 2.7337850798e-02
-1.7515569521e-01 9.2536903666e-02 -3.7952215804e+00 3.8961746020e-01 1.0526002188e+01 5.1060709974e-02 2.5530354987e-02
-1.4888978598e-01 9.9363054765e-02 -3.6166242370e+00 4.3034366968e-01 1.0827557353e+01 4.7552885840e-02 2.3776442920e-02
-1.2685907099e-01 1.0539321604e-01 -3.4844165850e+00 4.6804233664e-01 1.1102288037e+01 4.4832107581e-02 2.2416053791e-02
-1.0460906660e-01 1.1170290149e-01 -3.3171115534e+00 5.0801442679e-01 1.1369767929e+01 4.2299706962e-02 2.1149853481e-02
-8.3855782421e-02 1.1788374922e-01 -3.2005633842e+00 5.4774960614e-01 1.1616308646e+01 4.0081860571e-02 2.0040930286e-02
-6.4873354563e-02 1.2372513332e-01 -3.0608007181e+00 5.8682953507e-01 1.1857524807e+01 3.8189492087e-02 1.9094746043e-02
-4.5402699206e-02 1.2994713910e-01 -2.9408958449e+00 6.2813967443e-01 1.2084522960e+01 3.6360939014e-02 1.8180469507e-02
-2.8447319413e-02 1.3555718159e-01 -2.8315645092e+00 6.6716222082e-01 1.2304073694e+01 3.4856139265e-02 1.7428069633e-02
-1.0684720162e-02 1.4162022382e-01 -2.7088113822e+00 7.0901090431e-01 1.2516060299e+01 3.3363878920e-02 1.6681939460e-02
5.2309832463e-03 1.4726184977e-01 -2.6181685558e+00 7.4917473907e-01 1.2718411799e+01 3.2085703169e-02 1.6042851585e-02
2.1147326553e-02 1.5305237599e-01 -2.5035928051e+00 7.9070376074e-01 1.2915574744e+01 3.0871784704e-02 1.5435892352e-02
3.6392294410e-02 1.5869910607e-01 -2.4157004714e+00 8.3153603258e-01 1.3099255144e+01 2.9773324609e-02 1.4886662304e-02
5.0791115732e-02 1.6389002341e-01 -2.3119213997e+00 8.6996737826e-01 1.3270596955e+01 2.8830308896e-02 1.4415154448e-02
6.5331450678e-02 1.6867187912e-01 -2.2079946006e+00 9.0525434223e-01 1.3417386866e+01 2.8012968283e-02 1.4006484142e-02
7.8840243208e-02 1.7240235775e-01 -2.0979140025e+00 9.3377066579e-01 1.3540572733e+01 2.7406817758e-02 1.3703408879e-02
9.2690971439e-02 1.7535726995e-01 -1.9645859288e+00 9.5636761814e-01 1.3634559012e+01 2.6944990654e-02 1.3472495327e-02
1.0590756436e-01 1.7750879338e-01 -1.8387034462e+00 9.7338832951e-01 1.3709015635e+01 2.6618399630e-02 1.3309199815e-02
1.1920720237e-01 1.7930869603e-01 -1.6938539247e+00 9.8760253467e-01 1.3769585030e+01 2.6351203843e-02 1.3175601922e-02
1.3237771790e-01 1.8102921078e-01 -1.5634614306e+00 1.0010891944e+00 1.3824967669e+01 2.6100760091e-02 1.3050380046e-02
1.4523522806e-01 1.8275749826e-01 -1.4306247806e+00 1.0146847263e+00 1.3880206502e+01 2.5853932370e-02 1.2926966185e-02
1.5826591932e-01 1.8456297589e-01 -1.3009807184e+00 1.0286181823e+00 1.3933159906e+01 2.5601017632e-02 1.2800508816e-02
1.7085165783e-01 1.8630296014e-01 -1.1761611211e+00 1.0424767815e+00 1.3988999165e+01 2.5361915862e-02 1.2680957931e-02
1.8357231206e-01 1.8805813801e-01 -1.0476280291e+00 1.0561928159e+00 1.4040775196e+01 2.5125208884e-02 1.2562604442e-02
1.9604114632e-01 1.8993149500e-01 -9.3147828703e-01 1.0711388737e+00 1.4099015986e+01 2.4877390661e-02 1.2438695331e-02
2.0840361241e-01 1.9198109399e-01 -8.0934139294e-01 1.0873505544e+00 1.4159604623e+01 2.4611798495e-02 1.2305899247e-02
2.2067812721e-01 1.9416690595e-01 -7.0313640719e-01 1.1044561117e+00 1.4220447432e+01 2.4334733960e-02 1.2167366980e-02
2.3272605050e-01 1.9642017558e-01 -5.9409702705e-01 1.1225273427e+00 1.4287322310e+01 2.4055573650e-02 1.2027786825e-02
2.4475889469e-01 1.9856326664e-01 -4.7765367377e-01 1.1395330879e+00 1.4347229313e+01 2.3795942120e-02 1.1897971060e-02
2.5649654616e-01 2.0044817651e-01 -3.7941432195e-01 1.1548371649e+00 1.4403188706e+01 2.3572177519e-02 1.1786088759e-02
2.6832090191e-01 2.0240734131e-01 -2.6608414866e-01 1.1710247338e+00 1.4463713695e+01 2.3344014943e-02 1.1672007471e-02
2.7992104741e-01 2.0442881126e-01 -1.5276270729e-01 1.1876332760e+00 1.4523800103e+01 2.3113180431e-02 1.1556590216e-02
2.9131194356e-01 2.0657028474e-01 -6.5734318098e-02 1.2054387305e+00 1.4588723785e+01 2.2873570639e-02 1.1436785320e-02
3.0284536807e-01 2.0954182248e-01 2.9079813161e-02 1.2300433444e+00 1.4675391884e+01 2.2549197788e-02 1.1274598894e-02
3.1392021447e-01 2.1325251466e-01 1.1813540175e-01 1.2604125741e+00 1.4776057577e+01 2.2156831339e-02 1.1078415669e-02
3.2486360990e-01 2.1744855457e-01 1.6989116887e-01 1.2949761909e+00 1.4888305345e+01 2.1729277573e-02 1.0864638786e-02
3.3574776772e-01 2.2232350647e-01 2.2970001287e-01 1.3354484710e+00 1.5016950886e+01 2.1252813411e-02 1.0626406706e-02
3.4612223279e-01 2.2733116641e-01 2.9484755147e-01 1.3772632549e+00 1.5146001279e+01 2.0784655596e-02 1.0392327798e-02
3.5646345712e-01 2.3211794541e-01 3.4513850310e-01 1.4180511006e+00 1.5272958518e+01 2.0356030602e-02 1.0178015301e-02
3.6656024676e-01 2.3670366592e-01 4.0641457337e-01 1.4575510069e+00 1.5394258906e+01 1.9961668027e-02 9.9808340136e-03
3.7637514186e-01 2.4134304898e-01 4.5822912941e-01 1.4978270373e+00 1.5515539433e+01 1.9577941109e-02 9.7889705545e-03
3.8617893477e-01 2.4622617662e-01 5.1221388815e-01 1.5402397135e+00 1.5638464344e+01 1.9189673758e-02 9.5948368788e-03
3.9557013338e-01 2.5096074567e-01 5.6718692126e-01 1.5817784644e+00 1.5757229883e+01 1.8827645684e-02 9.4138228419e-03
4.0497457647e-01 2.5561691820e-01 6.1730122800e-01 1.6232282891e+00 1.5875595212e+01 1.8484691989e-02 9.2423459943e-03
4.1411044616e-01 2.6015929001e-01 6.7290553988e-01 1.6635806922e+00 1.5986174203e+01 1.8161949934e-02 9.0809749668e-03
4.2308993991e-01 2.6473177505e-01 7.2036854793e-01 1.7048080614e+00 1.6099390233e+01 1.7848254140e-02 8.9241270700e-03
4.3200700069e-01 2.6938867628e-01 7.7364940852e-01 1.7469872428e+00 1.6212515564e+01 1.7539712750e-02 8.7698563749e-03
4.4060623844e-01 2.7390238498e-01 8.2152467712e-01 1.7879675787e+00 1.6319386730e+01 1.7250671258e-02 8.6253356288e-03
4.4926391548e-01 2.7845215438e-01 8.7139756216e-01 1.8297869784e+00 1.6428199151e+01 1.6968803889e-02 8.4844019443e-03
4.5759408803e-01 2.8290166585e-01 9.2087032099e-01 1.8709038728e+00 1.6533164158e+01 1.6701916497e-02 8.3509582487e-03
4.6594087069e-01 2.8745167458e-01 9.6546899722e-01 1.9131765720e+00 1.6639114860e+01 1.6437545570e-02 8.2187727849e-03
4.7406958429e-01 2.9195842122e-01 1.0171984772e+00 1.9552424241e+00 1.6742473260e+01 1.6183811312e-02 8.0919056561e-03
4.8209103276e-01 2.9645005611e-01 1.0598189306e+00 1.9975801044e+00 1.6845840161e+01 1.5938603831e-02 7.9693019155e-03
4.9004162781e-01 3.0094775665e-01 1.1090365155e+00 2.0400283799e+00 1.6946698678e+01 1.5700399474e-02 7.8501997368e-03
4.9777439473e-01 3.0534895327e-01 1.1516470531e+00 2.0820408169e+00 1.7046405388e+01 1.5474099221e-02 7.7370496105e-03
5.0552317155e-01 3.0979676403e-01 1.1963672171e+00 2.1246260939e+00 1.7145321874e+01 1.5251934651e-02 7.6259673254e-03
5.1303718300e-01 3.1416615672e-01 1.2413413695e+00 2.1666879076e+00 1.7241576322e+01 1.5039812211e-02 7.5199061053e-03
5.2054512576e-01 3.1860084133e-01 1.2809642013e+00 2.2098147154e+00 1.7339994350e+01 1.4830469312e-02 7.4152346559e-03
5.2789492720e-01 3.2304902123e-01 1.3288268627e+00 2.2529683000e+00 1.7435189027e+01 1.4626263166e-02 7.3131315830e-03
5.3514596821e-01 3.2757517393e-01 1.3671417141e+00 2.2974018977e+00 1.7533394474e+01 1.4424170011e-02 7.2120850053e-03
5.4234353788e-01 3.3223178693e-01 1.4157610487e+00 2.3427736627e+00 1.7629060153e+01 1.4221998574e-02 7.1109992871e-03
5.4935928922e-01 3.3677072107e-01 1.4552867866e+00 2.3872250121e+00 1.7721441197e+01 1.4030317080e-02 7.0151585402e-03
5.5638477047e-01 3.4090958286e-01 1.4943003157e+00 2.4279521847e+00 1.7804956994e+01 1.3859979999e-02 6.9299899996e-03
5.6322487947e-01 3.4414516505e-01 1.5293744280e+00 2.4597293795e+00 1.7868399947e+01 1.3729671313e-02 6.8648356564e-03
5.7011093805e-01 3.4637407883e-01 1.5429404597e+00 2.4824296342e+00 1.7917259012e+01 1.3641321013e-02 6.8206605067e-03
5.7689500201e-01 3.4745511708e-01 1.5565525304e+00 2.4934195302e+00 1.7940587198e+01 1.3598878726e-02 6.7994393631e-03
5.8367527580e-01 3.4771190153e-01 1.5578093747e+00 2.4968137138e+00 1.7951741822e+01 1.3588835985e-02 6.7944179927e-03
5.9052797476e-01 3.4764827813e-01 1.5564696032e+00 2.4966428446e+00 1.7953798434e+01 1.3591322889e-02 6.7956614447e-03
5.9724984608e-01 3.4742042552e-01 1.5562702585e+00 2.4943323546e+00 1.7948947236e+01 1.3600236638e-02 6.8001183191e-03
6.0410914012e-01 3.4718122281e-01 1.5524021162e+00 2.4925050629e+00 1.7948155741e+01 1.3609606999e-02 6.8048034996e-03
6.1092366180e-01 3.4692460701e-01 1.5520473117e+00 2.4892973476e+00 1.7938316405e+01 1.3619673856e-02 6.8098369280e-03
6.1763079963e-01 3.4664178249e-01 1.5479464810e+00 2.4871011251e+00 1.7937112971e+01 1.3630786127e-02 6.8153930637e-03
6.2466383392e-01 3.4637536215e-01 1.5460262339e+00 2.4840004809e+00 1.7928530378e+01 1.3641270472e-02 6.8206352361e-03
6.3119203971e-01 3.4607398307e-01 1.5441645288e+00 2.4810451069e+00 1.7922794174e+01 1.3653149994e-02 6.8265749972e-03
6.3831936558e-01 3.4580412079e-01 1.5392745934e+00 2.4789443693e+00 1.7921593615e+01 1.3663804784e-02 6.8319023920e-03
6.4496877455e-01 3.4554188009e-01 1.5411614959e+00 2.4749931474e+00 1.7906607635e+01 1.3674174600e-02 6.8370873001e-03
6.5173071263e-01 3.4531479514e-01 1.5332409723e+00 2.4742395857e+00 1.7912927715e+01 1.3683166973e-02 6.8415834863e-03
6.5911638897e-01 3.4502682112e-01 1.5385058281e+00 2.4678360103e+00 1.7881479491e+01 1.3694587524e-02 6.8472937620e-03
6.6483569081e-01 3.4451985060e-01 1.5293297699e+00 2.4646955868e+00 1.7885004177e+01 1.3714739490e-02 6.8573697448e-03
6.7382110757e-01 3.4173735300e-01 1.5350598943e+00 2.4383926966e+00 1.7838207289e+01 1.3826407791e-02 6.9132038955e-03
6.7760013536e-01 3.3961588729e-01 1.5279633323e+00 2.4414862280e+00 1.7972408826e+01 1.3912776689e-02 6.9563883446e-03
6.8993771100e-01 3.3494668298e-01 1.5280895441e+00 2.4933234316e+00 1.8609853137e+01 1.4106722771e-02 7.0533613857e-03
6.8973572459e-01 3.3343843693e-01 1.5313140095e+00 2.5987569375e+00 1.9484533348e+01 1.4170531878e-02 7.0852659391e-03
7.0160595075e-01 1.0070975270e+00 1.5294880335e+00 1.3832645009e+00 3.4337898362e+00 4.6917005290e-03 2.3458502645e-03
7.0041816334e-01 8.4416125895e-01 1.5293529041e+00 1.4065273985e+00 4.1654582688e+00 5.5972717889e-03 2.7986358944e-03
7.0389168620e-01 1.2170769050e+00 1.5291790467e+00 2.2659089063e+00 4.6544078214e+00 3.8822526175e-03 1.9411263087e-03
7.0594752168e-01 1.2623906742e+00 1.5293748813e+00 2.4711260430e+00 4.8937426691e+00 3.7428983725e-03 1.8714491862e-03
7.0780048006e-01 1.2710713147e+00 1.5289998811e+00 2.4834180822e+00 4.8844979299e+00 3.7173366633e-03 1.8586683317e-03
7.0961251981e-01 1.2775948810e+00 1.5292833973e+00 2.4560236887e+00 4.8059516464e+00 3.6983554571e-03 1.8491777285e-03
7.1153497947e-01 1.2842755273e+00 1.5289527490e+00 2.4616639144e+00 4.7919310577e+00 3.6791170582e-03 1.8395585291e-03
7.1327377816e-01 1.2886786450e+00 1.5290943420e+00 2.4633754831e+00 4.7788785292e+00 3.6665463638e-03 1.8332731819e-03
7.1520386211e-01 1.2917308729e+00 1.5290381150e+00 2.4645662895e+00 4.7698912005e+00 3.6578826900e-03 1.8289413450e-03
7.1694128040e-01 1.2934538466e+00 1.5289063361e+00 2.4658539372e+00 4.7660261394e+00 3.6530101266e-03 1.8265050633e-03
7.1884115967e-01 1.2946686134e+00 1.5292002951e+00 2.4662252634e+00 4.7622712830e+00 3.6495825659e-03 1.8247912829e-03
7.2061047766e-01 1.2954851915e+00 1.5288128489e+00 2.4664469929e+00 4.7596973881e+00 3.6472821387e-03 1.8236410694e-03
7.2246919373e-01 1.2961403506e+00 1.5293037662e+00 2.4667904880e+00 4.7579540418e+00 3.6454385497e-03 1.8227192749e-03
7.2427338882e-01 1.2966797803e+00 1.5288734992e+00 2.4668998623e+00 4.7561855667e+00 3.6439220166e-03 1.8219610083e-03
7.2609953850e-01 1.2971971058e+00 1.5292834007e+00 2.4670814762e+00 4.7546387999e+00 3.6424688112e-03 1.8212344056e-03
7.2792531328e-01 1.2976924355e+00 1.5290194206e+00 2.4671309717e+00 4.7529193054e+00 3.6410784796e-03 1.8205392398e-03
7.2973535284e-01 1.2982138283e+00 1.5291934236e+00 2.4671964697e+00 4.7511365537e+00 3.6396161378e-03 1.8198080689e-03
7.3156666367e-01 1.2987316598e+00 1.5291464868e+00 2.4671918830e+00 4.7492333468e+00 3.6381649468e-03 1.8190824734e-03
7.3337440055e-01 1.2992532871e+00 1.5291197451e+00 2.4671623440e+00 4.7472697750e+00 3.6367042877e-03 1.8183521438e-03
7.3520081106e-01 1.2997634283e+00 1.5292293631e+00 2.4671334002e+00 4.7453508588e+00 3.6352769259e-03 1.8176384630e-03
7.3701300776e-01 1.3002605265e+00 1.5290981826e+00 2.4671207408e+00 4.7435123394e+00 3.6338871354e-03 1.8169435677e-03
7.3883139441e-01 1.3007329470e+00 1.5292927510e+00 2.4671536463e+00 4.7418527609e+00 3.6325673237e-03 1.8162836618e-03
7.4064837158e-01 1.3011694867e+00 1.5291752738e+00 2.4672098977e+00 4.7403699575e+00 3.6313486047e-03 1.8156743024e-03
7.4246082617e-01 1.3015649743e+00 1.5293221392e+00 2.4673022169e+00 4.7391068937e+00 3.6302451997e-03 1.8151225998e-03
7.4427966145e-01 1.3019042252e+00 1.5292949121e+00 2.4673744652e+00 4.7380107104e+00 3.6292992284e-03 1.8146496142e-03
7.4608993151e-01 1.3021952585e+00 1.5293276724e+00 2.4674450478e+00 4.7370872989e+00 3.6284881006e-03 1.8142440503e-03
7.4790777262e-01 1.3024372542e+00 1.5293484104e+00 2.4674783875e+00 4.7362711322e+00 3.6278139194e-03 1.8139069597e-03
7.4971851758e-01 1.3026494898e+00 1.5293273843e+00 2.4675043888e+00 4.7355493712e+00 3.6272228540e-03 1.8136114270e-03
7.5153411027e-01 1.3028422180e+00 1.5293434963e+00 2.4675177804e+00 4.7348745424e+00 3.6266862822e-03 1.8133431411e-03
7.5334608066e-01 1.3030258104e+00 1.5293105620e+00 2.4675200401e+00 4.7342117485e+00 3.6261752931e-03 1.8130876465e-03
7.5515952204e-01 1.3032176261e+00 1.5293049302e+00 2.4675401857e+00 4.7335535836e+00 3.6256415701e-03 1.8128207851e-03
7.5697231620e-01 1.3034260810e+00 1.5292658024e+00 2.4675850952e+00 4.7328826912e+00 3.6250617268e-03 1.8125308634e-03
7.5878418019e-01 1.3036520546e+00 1.5292933222e+00 2.4676599453e+00 4.7322058380e+00 3.6244333628e-03 1.8122166814e-03
7.6059694783e-01 1.3038888471e+00 1.5292818993e+00 2.4677539009e+00 4.7315265912e+00 3.6237751480e-03 1.8118875740e-03
7.6240792650e-01 1.3041274136e+00 1.5292681613e+00 2.4678605065e+00 4.7308654062e+00 3.6231122441e-03 1.8115561220e-03
7.6421996878e-01 1.3043551646e+00 1.5292453023e+00 2.4679647381e+00 4.7302391346e+00 3.6224796191e-03 1.8112398096e-03
7.6603056375e-01 1.3045691961e+00 1.5291952840e+00 2.4680765919e+00 4.7296774279e+00 3.6218853045e-03 1.8109426523e-03
7.6784168699e-01 1.3047704850e+00 1.5291259461e+00 2.4682125430e+00 4.7292082618e+00 3.6213265506e-03 1.8106632753e-03
7.6965206318e-01 1.3049586334e+00 1.5290337739e+00 2.4683820500e+00 4.7288511429e+00 3.6208044294e-03 1.8104022147e-03
7.7146235948e-01 1.3051344641e+00 1.5289226304e+00 2.4685927783e+00 4.7286177138e+00 3.6203166263e-03 1.8101583132e-03
7.7327245893e-01 1.3053058520e+00 1.5287783207e+00 2.4688648027e+00 4.7285178392e+00 3.6198412754e-03 1.8099206377e-03
7.7508217402e-01 1.3054844470e+00 1.5286263264e+00 2.4692226310e+00 4.7285562013e+00 3.6193460679e-03 1.8096730340e-03
7.7689178416e-01 1.3056786793e+00 1.5284630230e+00 2.4696798522e+00 4.7287282305e+00 3.6188076554e-03 1.8094038277e-03
7.7870100994e-01 1.3058944527e+00 1.5282773125e+00 2.4702427530e+00 4.7290245163e+00 3.6182097185e-03 1.8091048592e-03
7.8050996283e-01 1.3061279698e+00 1.5280660207e+00 2.4708931631e+00 4.7294239542e+00 3.6175628339e-03 1.8087814169e-03
7.8231856496e-01 1.3063765244e+00 1.5278004267e+00 2.4716148680e+00 4.7299052413e+00 3.6168745471e-03 1.8084372735e-03
7.8412682718e-01 1.3066470789e+00 1.5274730675e+00 2.4724161206e+00 4.7304588983e+00 3.6161256365e-03 1.8080628182e-03
7.8593469034e-01 1.3069435624e+00 1.5270899160e+00 2.4732995993e+00 4.7310757528e+00 3.6153053093e-03 1.8076526546e-03
7.8774211920e-01 1.3072624406e+00 1.5266390956e+00 2.4742516814e+00 4.7317424655e+00 3.6144234344e-03 1.8072117172e-03
7.8954908191e-01 1.3076083799e+00 1.5260956281e+00 2.4752786000e+00 4.7324539940e+00 3.6134672068e-03 1.8067336034e-03
7.9135555083e-01 1.3080058057e+00 1.5254668081e+00 2.4764348568e+00 4.7332260416e+00 3.6123692873e-03 1.8061846436e-03
7.9316148103e-01 1.3084669904e+00 1.5248108794e+00 2.4777518810e+00 4.7340741096e+00 3.6110960648e-03 1.8055480324e-03
7.9496665533e-01 1.3089571050e+00 1.5241301411e+00 2.4791502063e+00 4.7349722096e+00 3.6097439572e-03 1.8048719786e-03
7.9677111146e-01 1.3094559951e+00 1.5233113251e+00 2.4805792400e+00 4.7358965272e+00 3.6083686795e-03 1.8041843397e-03
7.9857492392e-01 1.3100397994e+00 1.5223548854e+00 2.4822177356e+00 4.7369128342e+00 3.6067606513e-03 1.8033803257e-03
8.0037803932e-01 1.3107573339e+00 1.5215307381e+00 2.4841991231e+00 4.7380988435e+00 3.6047862392e-03 1.8023931196e-03
8.0217991589e-01 1.3114303050e+00 1.5209091537e+00 2.4861187772e+00 4.7393269162e+00 3.6029364138e-03 1.8014682069e-03
8.0398060537e-01 1.3118826814e+00 1.5199388861e+00 2.4875232562e+00 4.7403691113e+00 3.6016940135e-03 1.8008470068e-03
8.0578115281e-01 1.3123825071e+00 1.5183834217e+00 2.4889522679e+00 4.7412858951e+00 3.6003222952e-03 1.8001611476e-03
8.0758187264e-01 1.3131224536e+00 1.5173218609e+00 2.4907373836e+00 4.7420127817e+00 3.5982935079e-03 1.7991467540e-03
8.0938126223e-01 1.3129503349e+00 1.5170664147e+00 2.4898303165e+00 4.7409072725e+00 3.5987652193e-03 1.7993826096e-03
8.1118063873e-01 1.3098019350e+00 1.5142901942e+00 2.4803986286e+00 4.7343009701e+00 3.6074156510e-03 1.8037078255e-03
8.1298898049e-01 1.3024679672e+00 1.5053891943e+00 2.4576695722e+00 4.7173320844e+00 3.6277283733e-03 1.8138641867e-03
8.1481781476e-01 1.2880417795e+00 1.4913567631e+00 2.4119102849e+00 4.6813510311e+00 3.6683592686e-03 1.8341796343e-03
8.1667859061e-01 1.2548661459e+00 1.4685889582e+00 2.3127071681e+00 4.6074778089e+00 3.7653418378e-03 1.8826709189e-03
8.1860660270e-01 1.1844158363e+00 1.4146218136e+00 2.1168118306e+00 4.4680503368e+00 3.9893083620e-03 1.9946541810e-03
8.2069248766e-01 1.0678529893e+00 1.2970735987e+00 1.8121978816e+00 4.2426202385e+00 4.4247663747e-03 2.2123831873e-03
8.2307967069e-01 9.1915816981e-01 1.0969342010e+00 1.4476992172e+00 3.9375682684e+00 5.1405733585e-03 2.5702866793e-03
8.2592361733e-01 7.6978725020e-01 8.2592440280e-01 1.1074911274e+00 3.5967441884e+00 6.1380595726e-03 3.0690297863e-03
8.2933205756e-01 6.4837582227e-01 5.3552625649e-01 8.5237014933e-01 3.2865589680e+00 7.2874401508e-03 3.6437200754e-03
8.3329959234e-01 5.6541570278e-01 3.0020297322e-01 6.9177177213e-01 3.0586865943e+00 8.3566833689e-03 4.1783416845e-03
8.3770292661e-01 5.1459270845e-01 1.6275741860e-01 6.0057382833e-01 2.9177144296e+00 9.1820189490e-03 4.5910094745e-03
8.4245254744e-01 4.8382375824e-01 1.0747456182e-01 5.4836269980e-01 2.8334837348e+00 9.7659528279e-03 4.8829764139e-03
8.4744370118e-01 4.6433151965e-01 1.0582208927e-01 5.1632787518e-01 2.7799527564e+00 1.0175919144e-02 5.0879595720e-03
8.5261264908e-01 4.5051768665e-01 1.3070339767e-01 4.9410523490e-01 2.7418747895e+00 1.0487934525e-02 5.2439672626e-03
8.5792409217e-01 4.3880347181e-01 1.6295690756e-01 4.7570552275e-01 2.7102424736e+00 1.0767918450e-02 5.3839592249e-03
8.6336963222e-01 4.2740953633e-01 1.9473271422e-01 4.5826115954e-01 2.6804570358e+00 1.1054970932e-02 5.5274854658e-03
8.6899104954e-01 4.1584443267e-01 2.2916363052e-01 4.4094483840e-01 2.6509002150e+00 1.1362422167e-02 5.6812110837e-03
8.7474040171e-01 4.0414155152e-01 2.6438706573e-01 4.2362730203e-01 2.6205379058e+00 1.1691448163e-02 5.8457240813e-03
8.8067431407e-01 3.9228737817e-01 2.9848432848e-01 4.0632764744e-01 2.5894769374e+00 1.2044741337e-02 6.0223706687e-03
8.8681878560e-01 3.8035459795e-01 3.3787730595e-01 3.8913513575e-01 2.5577128411e+00 1.2422618329e-02 6.2113091645e-03
8.9308293505e-01 3.6842249433e-01 3.7453958874e-01 3.7207511200e-01 2.5247855229e+00 1.2824949814e-02 6.4124749068e-03
8.9965630185e-01 3.5624613900e-01 4.1378750222e-01 3.5500986742e-01 2.4913243159e+00 1.3263301641e-02 6.6316508205e-03
9.0638505675e-01 3.4411403035e-01 4.5747479936e-01 3.3813194446e-01 2.4565399449e+00 1.3730913544e-02 6.8654567720e-03
9.1334336041e-01 3.3184277479e-01 4.9586539311e-01 3.2132887771e-01 2.4207915775e+00 1.4238670717e-02 7.1193353584e-03
9.2070437230e-01 3.1929835677e-01 5.4420829636e-01 3.0449248460e-01 2.3840749423e+00 1.4798071771e-02 7.3990358857e-03
9.2811069413e-01 3.0699091408e-01 5.8821731547e-01 2.8802763856e-01 2.3455713618e+00 1.5391334998e-02 7.6956674990e-03
9.3611004191e-01 2.9411695024e-01 6.3519438737e-01 2.7134655830e-01 2.3064512099e+00 1.6065038061e-02 8.0325190305e-03
9.4426938194e-01 2.8144086728e-01 6.9034434597e-01 2.5498132866e-01 2.2649636061e+00 1.6788606593e-02 8.3943032966e-03
9.5278684363e-01 2.6859818610e-01 7.3584793130e-01 2.3878356331e-01 2.2224979139e+00 1.7591332498e-02 8.7956662489e-03
9.6206707176e-01 2.5519035465e-01 7.9949693900e-01 2.2231538955e-01 2.1779368371e+00 1.8515590084e-02 9.2577950418e-03
9.7117576776e-01 2.4246886042e-01 8.5180217332e-01 2.0665045119e-01 2.1306906259e+00 1.9487038426e-02 9.7435192128e-03
9.8167421595e-01 2.2843487282e-01 9.1612814957e-01 1.9028870952e-01 2.0825269273e+00 2.0684232410e-02 1.0342116205e-02
9.9198476950e-01 2.1521753991e-01 9.8712791058e-01 1.7466453138e-01 2.0289300242e+00 2.1954530296e-02 1.0977265148e-02
1.0034095118e+00 2.0116698174e-01 1.0461877241e+00 1.5895610593e-01 1.9754249002e+00 2.3487949957e-02 1.1743974978e-02
1.0160905365e+00 1.8647181628e-01 1.1418637669e+00 1.4290079825e-01 1.9158498199e+00 2.5338949844e-02 1.2669474922e-02
1.0281727878e+00 1.7298748101e-01 1.2053746107e+00 1.2827179234e-01 1.8537727643e+00 2.7314115290e-02 1.3657057645e-02
1.0442292894e+00 1.5665879439e-01 1.3139025815e+00 1.1218222565e-01 1.7902318552e+00 3.0161090020e-02 1.5080545010e-02
1.0579970553e+00 1.4387312921e-01 1.4120553563e+00 9.8458471044e-02 1.7108558003e+00 3.2841434853e-02 1.6420717427e-02
1.0777153211e+00 1.2684035341e-01 1.5362280363e+00 8.0841171227e-02 1.5933645928e+00 3.7251551836e-02 1.8625775918e-02
1.0951137785e+00 1.1302004437e-01 1.6542913224e+00 6.4518294754e-02 1.4271427496e+00 4.1806743453e-02 2.0903371727e-02
1.1221745979e+00 9.2928690556e-02 1.8577441002e+00 4.7228166671e-02 1.2705485892e+00 5.0845438279e-02 2.5422719139e-02
1.1489709359e+00 7.1830000106e-02 2.0787363965e+00 3.1796709858e-02 1.1066653839e+00 6.5780314535e-02 3.2890157267e-02
1.1759289495e+00 5.3526378764e-02 2.1012561059e+00 2.2435480784e-02 1.0478702886e+00 8.8274232427e-02 4.4137116214e-02
1.2654574610e+00 3.0318211874e-02 2.5446313635e+00 1.6966373290e-02 1.3990248963e+00 1.0000000000e-01 7.7923460981e-02
1.3321963824e+00 2.4653012653e-02 3.3438479108e+00 1.4877203248e-02 1.5086597587e+00 1.0000000000e-01 9.5830072911e-02
