# x  rho  v  p  e  w  vol
9.3397561264e-02 4.4451596129e-01 6.9893440666e-01 3.5230002882e+00 1.9813688343e+01 0.0000000000e+00 5.3147697850e-03
9.8712331049e-02 4.4446959145e-01 7.0061391287e-01 3.5217992170e+00 1.9808999787e+01 0.0000000000e+00 5.3153242548e-03
1.0402820977e-01 4.4430130120e-01 7.0248775189e-01 3.5197704827e+00 1.9805087635e+01 0.0000000000e+00 5.3173375671e-03
1.0934700618e-01 4.4401606861e-01 7.0501649457e-01 3.5164930530e+00 1.9799356947e+01 0.0000000000e+00 5.3207533849e-03
1.1466971654e-01 4.4361578790e-01 7.0831174075e-01 3.5118471863e+00 1.9791040367e+01 0.0000000000e+00 5.3255543749e-03
1.1999811493e-01 4.4306371308e-01 7.1267305855e-01 3.5054903325e+00 1.9779832048e+01 0.0000000000e+00 5.3321902251e-03
1.2533409699e-01 4.4233679147e-01 7.1832001536e-01 3.4971417654e+00 1.9765153119e+01 0.0000000000e+00 5.3409529696e-03
1.3068002087e-01 4.4140459308e-01 7.2550110647e-01 3.4864863482e+00 1.9746545476e+01 0.0000000000e+00 5.3522324803e-03
1.3603856195e-01 4.4024261490e-01 7.3442197388e-01 3.4732618054e+00 1.9723566551e+01 0.0000000000e+00 5.3663591847e-03
1.4141273924e-01 4.3883005701e-01 7.4525469347e-01 3.4572607161e+00 1.9695897426e+01 0.0000000000e+00 5.3836330540e-03
1.4680582806e-01 4.3715390298e-01 7.5811385886e-01 3.4383632059e+00 1.9663345006e+01 0.0000000000e+00 5.4042752081e-03
1.5222128966e-01 4.3520919618e-01 7.7305404391e-01 3.4165430435e+00 1.9625866558e+01 0.0000000000e+00 5.4284238953e-03
1.5766267585e-01 4.3299954719e-01 7.9006734925e-01 3.3918690642e+00 1.9583560111e+01 0.0000000000e+00 5.4561257981e-03
1.6313354125e-01 4.3053615344e-01 8.0909037883e-01 3.3644929701e+00 1.9536646013e+01 0.0000000000e+00 5.4873440503e-03
1.6863736395e-01 4.2783630556e-01 8.3001498789e-01 3.3346307872e+00 1.9485436041e+01 0.0000000000e+00 5.5219717666e-03
1.7417748479e-01 4.2492144221e-01 8.5270203937e-01 3.3025404291e+00 1.9430299939e+01 0.0000000000e+00 5.5598512226e-03
1.7975706640e-01 4.2181522082e-01 8.7699504006e-01 3.2684999943e+00 1.9371633792e+01 0.0000000000e+00 5.6007936258e-03
1.8537907204e-01 4.1854184272e-01 9.0273205216e-01 3.2327894562e+00 1.9309834324e+01 0.0000000000e+00 5.6445969289e-03
1.9104626026e-01 4.1512478913e-01 9.2975463973e-01 3.1956772875e+00 1.9245281004e+01 0.0000000000e+00 5.6910598014e-03
1.9676119164e-01 4.1158602191e-01 9.5791369620e-01 3.1574122555e+00 1.9178325353e+01 0.0000000000e+00 5.7399908506e-03
2.0252624196e-01 4.0794557270e-01 9.8707227961e-01 3.1182196471e+00 1.9109287218e+01 0.0000000000e+00 5.7912137259e-03
2.0834361909e-01 4.0422148426e-01 1.0171062555e+00 3.0783010155e+00 1.9038455002e+01 0.0000000000e+00 5.8445681191e-03
2.1421537820e-01 4.0042993365e-01 1.0479030672e+00 3.0378361533e+00 1.8966090557e+01 0.0000000000e+00 5.8999085770e-03
2.2014343625e-01 3.9658556785e-01 1.0793596481e+00 2.9969866983e+00 1.8892434201e+01 0.0000000000e+00 5.9571002869e-03
2.2612957877e-01 3.9270183069e-01 1.1113791878e+00 2.9559003159e+00 1.8817714134e+01 0.0000000000e+00 6.0160147353e-03
2.3217546572e-01 3.8879148283e-01 1.1438679357e+00 2.9147156978e+00 1.8742152455e+01 0.0000000000e+00 6.0765220029e-03
2.3828262278e-01 3.8486696378e-01 1.1767307090e+00 2.8735674194e+00 1.8665978701e+01 0.0000000000e+00 6.1384847813e-03
2.4445243528e-01 3.8094108263e-01 1.2098669839e+00 2.8325918523e+00 1.8589435358e+01 0.0000000000e+00 6.2017464320e-03
2.5068611564e-01 3.7702737462e-01 1.2431645977e+00 2.7919327581e+00 1.8512798712e+01 0.0000000000e+00 6.2661232553e-03
2.5698468179e-01 3.7314111271e-01 1.2764946288e+00 2.7517490224e+00 1.8436383239e+01 0.0000000000e+00 6.3313848823e-03
2.6334888540e-01 3.6929967508e-01 1.3097016314e+00 2.7122220199e+00 1.8360576809e+01 0.0000000000e+00 6.3972436464e-03
2.6977916908e-01 3.6552418130e-01 1.3425962421e+00 2.6735670530e+00 1.8285842564e+01 0.0000000000e+00 6.4633206799e-03
2.7627552676e-01 3.6183986944e-01 1.3749392401e+00 2.6360440210e+00 1.8212780318e+01 0.0000000000e+00 6.5291312527e-03
2.8283743159e-01 3.5827881249e-01 1.4064309633e+00 2.5999749024e+00 1.8142120129e+01 0.0000000000e+00 6.5940265447e-03
2.8946357985e-01 3.5488009196e-01 1.4366864147e+00 2.5657583085e+00 1.8074825601e+01 0.0000000000e+00 6.6571781668e-03
2.9615178792e-01 3.5169401351e-01 1.4652240538e+00 2.5338929695e+00 1.8012056448e+01 0.0000000000e+00 6.7174871031e-03
3.0289855406e-01 3.4878093753e-01 1.4914349314e+00 2.5049894038e+00 1.7955320477e+01 0.0000000000e+00 6.7735926646e-03
3.0969897325e-01 3.4621637364e-01 1.5145895676e+00 2.4797851754e+00 1.7906325092e+01 0.0000000000e+00 6.8237673890e-03
3.1654608884e-01 3.4408421337e-01 1.5338302361e+00 2.4591186666e+00 1.7867127952e+01 0.0000000000e+00 6.8660517054e-03
3.2343107666e-01 3.4247841583e-01 1.5482638803e+00 2.4438782119e+00 1.7839651340e+01 0.0000000000e+00 6.8982449428e-03
3.3034257872e-01 3.4147892436e-01 1.5570584430e+00 2.4348369637e+00 1.7825675247e+01 0.0000000000e+00 6.9184357554e-03
3.3726794817e-01 3.4114138086e-01 1.5595850889e+00 2.4322765751e+00 1.7824549524e+01 0.0000000000e+00 6.9252812252e-03
3.4419314117e-01 3.4126689373e-01 1.5574097043e+00 2.4339510677e+00 1.7830260658e+01 0.0000000000e+00 6.9227342101e-03
3.5111341659e-01 3.4155286665e-01 1.5545318937e+00 2.4369152386e+00 1.7837028148e+01 0.0000000000e+00 6.9169379931e-03
3.5802701716e-01 3.4188247603e-01 1.5513541974e+00 2.4402859947e+00 1.7844479944e+01 0.0000000000e+00 6.9102693634e-03
3.6493395532e-01 3.4223445700e-01 1.5480737074e+00 2.4438202113e+00 1.7851944488e+01 0.0000000000e+00 6.9031622961e-03
3.7183334175e-01 3.4258343685e-01 1.5448652687e+00 2.4473344311e+00 1.7859404219e+01 0.0000000000e+00 6.8961302441e-03
3.7872621581e-01 3.4292058681e-01 1.5418652955e+00 2.4506674753e+00 1.7866144303e+01 0.0000000000e+00 6.8893501612e-03
3.8561204207e-01 3.4322424077e-01 1.5391717811e+00 2.4537000089e+00 1.7872426518e+01 0.0000000000e+00 6.8832550833e-03
3.9249272598e-01 3.4349697600e-01 1.5368420485e+00 2.4563541869e+00 1.7877553214e+01 0.0000000000e+00 6.8777898063e-03
3.9936762169e-01 3.4372176989e-01 1.5348966908e+00 2.4585955600e+00 1.7882163536e+01 0.0000000000e+00 6.8732917347e-03
4.0623930945e-01 3.4391381982e-01 1.5333244807e+00 2.4604252554e+00 1.7885478233e+01 0.0000000000e+00 6.8694535197e-03
4.1310652873e-01 3.4405685378e-01 1.5320927379e+00 2.4618723124e+00 1.7888557410e+01 0.0000000000e+00 6.8665976975e-03
4.1997250484e-01 3.4417793387e-01 1.5311544777e+00 2.4629835034e+00 1.7890335645e+01 0.0000000000e+00 6.8641820626e-03
4.2683489285e-01 3.4425548002e-01 1.5304581883e+00 2.4638140085e+00 1.7892336880e+01 0.0000000000e+00 6.8626358536e-03
4.3369777655e-01 3.4432722974e-01 1.5299524738e+00 2.4644203328e+00 1.7893010775e+01 0.0000000000e+00 6.8612058412e-03
4.4055730453e-01 3.4436000760e-01 1.5295917878e+00 2.4648542395e+00 1.7894457727e+01 0.0000000000e+00 6.8605527582e-03
4.4741888206e-01 3.4440461716e-01 1.5293373405e+00 2.4651604799e+00 1.7894362888e+01 0.0000000000e+00 6.8596641343e-03
4.5427663280e-01 3.4440900721e-01 1.5291589207e+00 2.4653746706e+00 1.7895689566e+01 0.0000000000e+00 6.8595766968e-03
4.6113803546e-01 3.4444311081e-01 1.5290333916e+00 2.4655244056e+00 1.7895004489e+01 0.0000000000e+00 6.8588975243e-03
4.6799442785e-01 3.4442847437e-01 1.5289444337e+00 2.4656294494e+00 1.7896527384e+01 0.0000000000e+00 6.8591889921e-03
4.7485641344e-01 3.4446320576e-01 1.5288804223e+00 2.4657039850e+00 1.7895263876e+01 0.0000000000e+00 6.8584973969e-03
4.8171142265e-01 3.4443224005e-01 1.5288337384e+00 2.4657573923e+00 1.7897260372e+01 0.0000000000e+00 6.8591140005e-03
4.8857464144e-01 3.4447595130e-01 1.5287990844e+00 2.4657961774e+00 1.7895270832e+01 0.0000000000e+00 6.8582436337e-03
4.9542790991e-01 3.4442636650e-01 1.5287731055e+00 2.4658244745e+00 1.7898052489e+01 0.0000000000e+00 6.8592309700e-03
5.0229310338e-01 3.4448699088e-01 1.5287533497e+00 2.4658452488e+00 1.7895053472e+01 0.0000000000e+00 6.8580238516e-03
5.0914395762e-01 3.4441273986e-01 1.5287382510e+00 2.4658604099e+00 1.7899021468e+01 0.0000000000e+00 6.8595023546e-03
5.1601210809e-01 3.4449987328e-01 1.5287265318e+00 2.4658714609e+00 1.7894574513e+01 0.0000000000e+00 6.8577673991e-03
5.2285949241e-01 3.4439085085e-01 1.5287173715e+00 2.4658793996e+00 1.7900296956e+01 0.0000000000e+00 6.8599383352e-03
5.2973198476e-01 3.4451797962e-01 1.5287100233e+00 2.4658850823e+00 1.7893732897e+01 0.0000000000e+00 6.8574069853e-03
5.3657430638e-01 3.4435844762e-01 1.5287040357e+00 2.4658890705e+00 1.7902051536e+01 0.0000000000e+00 6.8605838374e-03
5.4345315244e-01 3.4454528920e-01 1.5286989520e+00 2.4658918697e+00 1.7892363842e+01 0.0000000000e+00 6.8568634489e-03
5.5028803328e-01 3.4431149246e-01 1.5286945419e+00 2.4658937910e+00 1.7904527187e+01 0.0000000000e+00 6.8615194431e-03
5.5717619132e-01 3.4458740231e-01 1.5286905199e+00 2.4658951235e+00 1.7890200766e+01 0.0000000000e+00 6.8560254500e-03
5.6400008418e-01 3.4424309006e-01 1.5286868002e+00 2.4658960275e+00 1.7908101126e+01 0.0000000000e+00 6.8628828529e-03
5.7090195703e-01 3.4465270282e-01 1.5286831887e+00 2.4658966577e+00 1.7886822282e+01 0.0000000000e+00 6.8547264555e-03
5.7770953709e-01 3.4414307106e-01 1.5286797010e+00 2.4658970884e+00 1.7913313501e+01 0.0000000000e+00 6.8648774265e-03
5.8463171188e-01 3.4475355434e-01 1.5286761745e+00 2.4658973932e+00 1.7881595143e+01 0.0000000000e+00 6.8527212273e-03
5.9141497955e-01 3.4399474839e-01 1.5286727079e+00 2.4658976018e+00 1.7921041043e+01 0.0000000000e+00 6.8678374047e-03
5.9836738669e-01 3.4491008052e-01 1.5286691207e+00 2.4658977401e+00 1.7873482680e+01 0.0000000000e+00 6.8496113435e-03
6.0511420223e-01 3.4377231804e-01 1.5286655990e+00 2.4658978181e+00 1.7932638034e+01 0.0000000000e+00 6.8722810885e-03
6.1211194887e-01 3.4515380436e-01 1.5286618967e+00 2.4658978338e+00 1.7860862336e+01 0.0000000000e+00 6.8447746197e-03
6.1880375147e-01 3.4343457583e-01 1.5286583134e+00 2.4658977908e+00 1.7950273242e+01 0.0000000000e+00 6.8790394627e-03
6.2587002779e-01 3.4553635687e-01 1.5286544820e+00 2.4658976702e+00 1.7841086916e+01 0.0000000000e+00 6.8371965874e-03
6.3247814465e-01 3.4291321241e-01 1.5286508657e+00 2.4658974768e+00 1.7977562453e+01 0.0000000000e+00 6.8894983178e-03
6.3964902443e-01 3.4614521872e-01 1.5286469024e+00 2.4658971805e+00 1.7809701298e+01 0.0000000000e+00 6.8251701084e-03
6.4612848487e-01 3.4209517310e-01 1.5286433014e+00 2.4658967921e+00 1.8020546518e+01 0.0000000000e+00 6.9059729157e-03
6.5346097026e-01 3.4713160841e-01 1.5286391941e+00 2.4658962729e+00 1.7759087714e+01 0.0000000000e+00 6.8057760882e-03
6.5974003704e-01 3.4078037541e-01 1.5286356697e+00 2.4658956450e+00 1.8090064914e+01 0.0000000000e+00 6.9326175169e-03
6.6732620529e-01 3.4879572837e-01 1.5286313778e+00 2.4658948592e+00 1.7674348183e+01 0.0000000000e+00 6.7733054273e-03
6.7328664790e-01 3.3855794370e-01 1.5286280076e+00 2.4658939589e+00 1.8208802989e+01 0.0000000000e+00 6.9781260312e-03
6.8128245736e-01 3.5223394510e-01 1.5286234353e+00 2.4658928725e+00 1.7501811700e+01 0.0000000000e+00 6.7071900164e-03
6.8670102793e-01 3.3354190142e-01 1.5286203427e+00 2.4658916699e+00 1.8482622869e+01 0.0000000000e+00 7.0830680942e-03
6.9544859355e-01 3.7820233739e-01 1.5286153158e+00 2.4658904062e+00 1.6300073813e+01 0.0000000000e+00 6.2466562642e-03
6.9919434046e-01 8.4078263121e-01 1.5286132920e+00 2.4658894952e+00 7.3321254616e+00 0.0000000000e+00 2.8098820222e-03
7.0106835759e-01 1.2691811106e+00 1.5286121173e+00 2.4658887249e+00 4.8572435885e+00 0.0000000000e+00 1.8614364650e-03
7.0291721339e-01 1.2653776221e+00 1.5286110277e+00 2.4658871425e+00 4.8718404283e+00 0.0000000000e+00 1.8670315950e-03
7.0480242078e-01 1.2698139337e+00 1.5286099157e+00 2.4658854718e+00 4.8548165334e+00 0.0000000000e+00 1.8605088016e-03
7.0663823099e-01 1.2845439119e+00 1.5286088183e+00 2.4658837688e+00 4.7991426099e+00 0.0000000000e+00 1.8391741832e-03
7.0848076915e-01 1.2870798729e+00 1.5286077039e+00 2.4658820140e+00 4.7896833484e+00 0.0000000000e+00 1.8355504191e-03
7.1030933183e-01 1.2927211605e+00 1.5286065840e+00 2.4658802130e+00 4.7687782336e+00 0.0000000000e+00 1.8275402864e-03
7.1213584972e-01 1.2951532424e+00 1.5286054500e+00 2.4658783650e+00 4.7598196959e+00 0.0000000000e+00 1.8241084704e-03
7.1395754877e-01 1.2977089225e+00 1.5286043029e+00 2.4658764700e+00 4.7504421585e+00 0.0000000000e+00 1.8205161103e-03
7.1577688194e-01 1.2993632893e+00 1.5286031402e+00 2.4658745277e+00 4.7443900946e+00 0.0000000000e+00 1.8181982048e-03
7.1759394518e-01 1.3007132183e+00 1.5286019611e+00 2.4658725367e+00 4.7394623620e+00 0.0000000000e+00 1.8163112105e-03
7.1940950436e-01 1.3016768129e+00 1.5286007643e+00 2.4658704955e+00 4.7359499514e+00 0.0000000000e+00 1.8149666466e-03
7.2122387847e-01 1.3023985817e+00 1.5285995494e+00 2.4658684016e+00 4.7333213430e+00 0.0000000000e+00 1.8139608205e-03
7.2303742600e-01 1.3029126102e+00 1.5285983157e+00 2.4658662520e+00 4.7314498163e+00 0.0000000000e+00 1.8132451720e-03
7.2485036882e-01 1.3032803719e+00 1.5285970631e+00 2.4658640430e+00 4.7301104510e+00 0.0000000000e+00 1.8127335077e-03
7.2666289302e-01 1.3035352731e+00 1.5285957911e+00 2.4658617704e+00 4.7291811377e+00 0.0000000000e+00 1.8123790347e-03
7.2847512689e-01 1.3037101579e+00 1.5285944995e+00 2.4658594300e+00 4.7285422588e+00 0.0000000000e+00 1.8121359150e-03
7.3028716485e-01 1.3038259647e+00 1.5285931877e+00 2.4658570175e+00 4.7281176404e+00 0.0000000000e+00 1.8119749598e-03
7.3209907681e-01 1.3039003330e+00 1.5285918550e+00 2.4658545288e+00 4.7278431994e+00 0.0000000000e+00 1.8118716133e-03
7.3391090807e-01 1.3039466772e+00 1.5285905001e+00 2.4658519607e+00 4.7276702411e+00 0.0000000000e+00 1.8118072168e-03
7.3572269124e-01 1.3039734259e+00 1.5285891214e+00 2.4658493101e+00 4.7275681798e+00 0.0000000000e+00 1.8117700508e-03
7.3753444818e-01 1.3039874982e+00 1.5285877169e+00 2.4658465750e+00 4.7275119171e+00 0.0000000000e+00 1.8117504986e-03
7.3934619224e-01 1.3039935192e+00 1.5285862844e+00 2.4658437534e+00 4.7274846790e+00 0.0000000000e+00 1.8117421331e-03
7.4115793244e-01 1.3039948297e+00 1.5285848214e+00 2.4658408441e+00 4.7274743501e+00 0.0000000000e+00 1.8117403123e-03
7.4296967286e-01 1.3039937271e+00 1.5285833251e+00 2.4658378456e+00 4.7274725988e+00 0.0000000000e+00 1.8117418442e-03
7.4478141613e-01 1.3039914530e+00 1.5285817932e+00 2.4658347563e+00 4.7274749205e+00 0.0000000000e+00 1.8117450038e-03
7.4659316287e-01 1.3039887249e+00 1.5285802232e+00 2.4658315740e+00 4.7274787099e+00 0.0000000000e+00 1.8117487942e-03
7.4840491372e-01 1.3039868591e+00 1.5285786132e+00 2.4658282959e+00 4.7274791896e+00 0.0000000000e+00 1.8117513866e-03
7.5021666564e-01 1.3039853840e+00 1.5285769612e+00 2.4658249185e+00 4.7274780621e+00 0.0000000000e+00 1.8117534360e-03
7.5202842059e-01 1.3039841058e+00 1.5285752659e+00 2.4658214373e+00 4.7274760221e+00 0.0000000000e+00 1.8117552120e-03
7.5384017607e-01 1.3039839417e+00 1.5285735260e+00 2.4658178474e+00 4.7274697346e+00 0.0000000000e+00 1.8117554400e-03
7.5565193147e-01 1.3039838165e+00 1.5285717402e+00 2.4658141435e+00 4.7274630872e+00 0.0000000000e+00 1.8117556140e-03
7.5746368729e-01 1.3039842389e+00 1.5285699074e+00 2.4658103202e+00 4.7274542256e+00 0.0000000000e+00 1.8117550270e-03
7.5927544152e-01 1.3039856264e+00 1.5285680259e+00 2.4658063726e+00 4.7274416271e+00 0.0000000000e+00 1.8117530992e-03
7.6108719349e-01 1.3039865360e+00 1.5285660938e+00 2.4658022965e+00 4.7274305150e+00 0.0000000000e+00 1.8117518355e-03
7.6289894520e-01 1.3039872413e+00 1.5285641086e+00 2.4657980889e+00 4.7274198912e+00 0.0000000000e+00 1.8117508555e-03
7.6471069520e-01 1.3039884339e+00 1.5285620675e+00 2.4657937480e+00 4.7274072452e+00 0.0000000000e+00 1.8117491985e-03
7.6652244359e-01 1.3039892131e+00 1.5285599669e+00 2.4657892731e+00 4.7273958411e+00 0.0000000000e+00 1.8117481159e-03
7.6833419144e-01 1.3039901682e+00 1.5285578033e+00 2.4657846645e+00 4.7273835428e+00 0.0000000000e+00 1.8117467889e-03
7.7014593717e-01 1.3039910683e+00 1.5285555731e+00 2.4657799229e+00 4.7273711892e+00 0.0000000000e+00 1.8117455383e-03
7.7195768251e-01 1.3039913443e+00 1.5285532729e+00 2.4657750493e+00 4.7273608449e+00 0.0000000000e+00 1.8117451548e-03
7.7376942748e-01 1.3039915911e+00 1.5285509001e+00 2.4657700439e+00 4.7273503539e+00 0.0000000000e+00 1.8117448119e-03
7.7558117214e-01 1.3039917151e+00 1.5285484534e+00 2.4657649058e+00 4.7273400537e+00 0.0000000000e+00 1.8117446396e-03
7.7739291676e-01 1.3039912406e+00 1.5285459324e+00 2.4657596328e+00 4.7273316644e+00 0.0000000000e+00 1.8117452989e-03
7.7920466273e-01 1.3039912075e+00 1.5285433386e+00 2.4657542205e+00 4.7273214080e+00 0.0000000000e+00 1.8117453449e-03
7.8101640745e-01 1.3039907566e+00 1.5285406750e+00 2.4657486631e+00 4.7273123882e+00 0.0000000000e+00 1.8117459714e-03
7.8282815468e-01 1.3039894449e+00 1.5285379458e+00 2.4657429540e+00 4.7273061981e+00 0.0000000000e+00 1.8117477939e-03
7.8463990304e-01 1.3039884502e+00 1.5285351559e+00 2.4657370870e+00 4.7272985559e+00 0.0000000000e+00 1.8117491759e-03
7.8645165303e-01 1.3039871314e+00 1.5285323102e+00 2.4657310584e+00 4.7272917789e+00 0.0000000000e+00 1.8117510082e-03
7.8826340505e-01 1.3039855430e+00 1.5285294119e+00 2.4657248691e+00 4.7272856709e+00 0.0000000000e+00 1.8117532151e-03
7.9007515946e-01 1.3039841470e+00 1.5285264635e+00 2.4657185268e+00 4.7272785725e+00 0.0000000000e+00 1.8117551547e-03
7.9188691536e-01 1.3039822910e+00 1.5285234715e+00 2.4657120543e+00 4.7272728919e+00 0.0000000000e+00 1.8117577334e-03
7.9369867493e-01 1.3039800401e+00 1.5285204603e+00 2.4657055186e+00 4.7272685216e+00 0.0000000000e+00 1.8117608608e-03
7.9551043708e-01 1.3039782132e+00 1.5285174530e+00 2.4656990146e+00 4.7272626752e+00 0.0000000000e+00 1.8117633992e-03
7.9732220172e-01 1.3039753691e+00 1.5285142437e+00 2.4656919738e+00 4.7272594871e+00 0.0000000000e+00 1.8117673508e-03
7.9913397179e-01 1.3039707018e+00 1.5285097007e+00 2.4656806171e+00 4.7272546339e+00 0.0000000000e+00 1.8117738356e-03
8.0094574939e-01 1.3039632435e+00 1.5285019247e+00 2.4656589292e+00 4.7272400919e+00 0.0000000000e+00 1.8117841985e-03
8.0275754018e-01 1.3039678168e+00 1.5284989260e+00 2.4656616516e+00 4.7272287321e+00 0.0000000000e+00 1.8117778442e-03
8.0456930508e-01 1.3039810223e+00 1.5285231989e+00 2.4657008316e+00 4.7272559750e+00 0.0000000000e+00 1.8117594962e-03
8.0638105918e-01 1.3039123795e+00 1.5284976092e+00 2.4656207742e+00 4.7273513410e+00 0.0000000000e+00 1.8118548740e-03
8.0819301483e-01 1.3034669849e+00 1.5282079676e+00 2.4647614683e+00 4.7273185605e+00 0.0000000000e+00 1.8124739847e-03
8.1000600715e-01 1.3026341263e+00 1.5273465643e+00 2.4623688587e+00 4.7257491742e+00 0.0000000000e+00 1.8136328170e-03
8.1182028047e-01 1.3037487496e+00 1.5278784763e+00 2.4639901755e+00 4.7248179074e+00 0.0000000000e+00 1.8120822748e-03
8.1363017169e-01 1.3058909538e+00 1.5306661528e+00 2.4704163716e+00 4.7293695628e+00 0.0000000000e+00 1.8091097064e-03
8.1543849988e-01 1.2969103973e+00 1.5282797367e+00 2.4595235510e+00 4.7411208133e+00 0.0000000000e+00 1.8216370267e-03
8.1727344575e-01 1.2375398353e+00 1.4945699658e+00 2.3466007379e+00 4.7404549553e+00 0.0000000000e+00 1.9090294571e-03
8.1925655879e-01 1.0752695084e+00 1.3575372023e+00 1.9833433875e+00 4.6112704115e+00 0.0000000000e+00 2.1971235876e-03
8.2166769292e-01 8.4635319337e-01 1.0373522716e+00 1.4104834961e+00 4.1663560413e+00 0.0000000000e+00 2.7913878255e-03
8.2483933444e-01 6.6228995852e-01 5.8924728539e-01 9.3514323384e-01 3.5299615441e+00 0.0000000000e+00 3.5671686844e-03
8.2880203029e-01 5.6229003795e-01 2.4285320662e-01 6.9628498748e-01 3.0957554842e+00 0.0000000000e+00 4.2015683021e-03
8.3324247105e-01 5.2069806916e-01 8.1234198919e-02 6.0960422584e-01 2.9268604108e+00 0.0000000000e+00 4.5371783380e-03
8.3787638697e-01 5.0635019619e-01 2.4834775835e-02 5.8247120350e-01 2.8758318249e+00 0.0000000000e+00 4.6657432303e-03
8.4257395751e-01 5.0188682193e-01 7.3654886731e-03 5.7437238051e-01 2.8610652612e+00 0.0000000000e+00 4.7072365656e-03
8.4729086010e-01 5.0055476635e-01 2.1642630845e-03 5.7198834848e-01 2.8567720604e+00 0.0000000000e+00 4.7197632683e-03
8.5201348404e-01 5.0016259401e-01 6.3419396264e-04 5.7128939314e-01 2.8555183853e+00 0.0000000000e+00 4.7234639861e-03
8.5673778807e-01 5.0004760898e-01 1.8568728180e-04 5.7108471304e-01 2.8551517035e+00 0.0000000000e+00 4.7245501380e-03
8.6146258432e-01 5.0001393644e-01 5.4354859801e-05 5.7102479577e-01 2.8550444005e+00 0.0000000000e+00 4.7248683043e-03
8.6618752468e-01 5.0000407923e-01 1.5909743450e-05 5.7100725761e-01 2.8550129955e+00 0.0000000000e+00 4.7249614516e-03
8.7091250722e-01 5.0000119397e-01 4.6566898481e-06 5.7100212425e-01 2.8550038037e+00 0.0000000000e+00 4.7249887170e-03
8.7563750211e-01 5.0000034946e-01 1.3629699629e-06 5.7100062175e-01 2.8550011133e+00 0.0000000000e+00 4.7249966976e-03
8.8036250062e-01 5.0000010228e-01 3.9892469081e-07 5.7100018198e-01 2.8550003258e+00 0.0000000000e+00 4.7249990334e-03
8.8508750018e-01 5.0000002994e-01 1.1675901608e-07 5.7100005326e-01 2.8550000954e+00 0.0000000000e+00 4.7249997171e-03
8.8981250005e-01 5.0000000876e-01 3.4173010611e-08 5.7100001559e-01 2.8550000279e+00 0.0000000000e+00 4.7249999172e-03
8.9453750002e-01 5.0000000256e-01 1.0001542763e-08 5.7100000456e-01 2.8550000082e+00 0.0000000000e+00 4.7249999758e-03
8.9926250000e-01 5.0000000075e-01 2.9271017199e-09 5.7100000134e-01 2.8550000024e+00 0.0000000000e+00 4.7249999929e-03
9.0398750000e-01 5.0000000022e-01 8.5661903277e-10 5.7100000039e-01 2.8550000007e+00 0.0000000000e+00 4.7249999979e-03
9.0871250000e-01 5.0000000006e-01 2.5066866829e-10 5.7100000011e-01 2.8550000002e+00 0.0000000000e+00 4.7249999994e-03
9.1343750000e-01 5.0000000002e-01 7.3343009041e-11 5.7100000003e-01 2.8550000001e+00 0.0000000000e+00 4.7249999998e-03
9.1816250000e-01 5.0000000001e-01 2.1473362967e-11 5.7100000001e-01 2.8550000000e+00 0.0000000000e+00 4.7249999999e-03
9.2288750000e-01 5.0000000000e-01 6.3025570099e-12 5.7100000000e-01 2.8550000000e+00 0.0000000000e+00 4.7250000000e-03
9.2761250000e-01 5.0000000000e-01 1.8610557858e-12 5.7100000000e-01 2.8550000000e+00 0.0000000000e+00 4.7250000000e-03
9.3233750000e-01 5.0000000000e-01 5.6459649341e-13 5.7100000000e-01 2.8550000000e+00 0.0000000000e+00 4.7250000000e-03
9.3706250000e-01 5.0000000000e-01 1.7911581520e-13 5.7100000000e-01 2.8550000000e+00 0.0000000000e+00 4.7250000000e-03
9.4178750000e-01 5.0000000000e-01 6.8595716649e-14 5.7100000000e-01 2.8550000000e+00 0.0000000000e+00 4.7250000000e-03
9.4651250000e-01 5.0000000000e-01 4.7687677052e-14 5.7100000000e-01 2.8550000000e+00 0.0000000000e+00 4.7250000000e-03
9.5123750000e-01 5.0000000000e-01 5.0379371023e-14 5.7100000000e-01 2.8550000000e+00 0.0000000000e+00 4.7250000000e-03
9.5596250000e-01 5.0000000000e-01 5.4680115149e-14 5.7100000000e-01 2.8550000000e+00 0.0000000000e+00 4.7250000000e-03
9.6068750000e-01 5.0000000000e-01 6.0769862420e-14 5.7100000000e-01 2.8550000000e+00 0.0000000000e+00 4.7250000000e-03
9.6541250000e-01 5.0000000000e-01 6.5514672679e-14 5.7100000000e-01 2.8550000000e+00 0.0000000000e+00 4.7250000000e-03
9.7013750000e-01 5.0000000000e-01 7.1173585575e-14 5.7100000000e-01 2.8550000000e+00 0.0000000000e+00 4.7250000000e-03
9.7486250000e-01 5.0000000000e-01 7.1224235228e-14 5.7100000000e-01 2.8550000000e+00 0.0000000000e+00 4.7250000000e-03
9.7958750000e-01 5.0000000000e-01 6.9933773996e-14 5.7100000000e-01 2.8550000000e+00 0.0000000000e+00 4.7250000000e-03
9.8431250000e-01 5.0000000000e-01 6.6775024419e-14 5.7100000000e-01 2.8550000000e+00 0.0000000000e+00 4.7250000000e-03
9.8903750000e-01 5.0000000000e-01 6.3314803295e-14 5.7100000000e-01 2.8550000000e+00 0.0000000000e+00 4.7250000000e-03
9.9376250000e-01 5.0000000000e-01 6.1552840437e-14 5.7100000000e-01 2.8550000000e+00 0.0000000000e+00 4.7250000000e-03
9.9848750000e-01 5.0000000000e-01 6.0915885009e-14 5.7100000000e-01 2.8550000000e+00 0.0000000000e+00 4.7250000000e-03
